time, x, y, z 
0.000109, -0.867157, -0.469456, 0.033741
0.000282, -0.866051, -0.468006, 0.036850
0.000376, -0.863171, -0.468655, 0.035667
0.000428, -0.863190, -0.467281, 0.034580
0.000479, -0.865154, -0.465145, 0.036411
0.000528, -0.862923, -0.464802, 0.037041
0.000579, -0.860863, -0.462894, 0.035267
0.000627, -0.860710, -0.458355, 0.032310
0.000676, -0.859833, -0.453701, 0.031948
0.000724, -0.859623, -0.456295, 0.035286
0.000772, -0.857506, -0.455952, 0.035172
0.000821, -0.858879, -0.452213, 0.034351
0.000869, -0.853329, -0.444813, 0.033627
0.000917, -0.852394, -0.440655, 0.032921
0.000966, -0.851269, -0.439224, 0.032463
0.001014, -0.851994, -0.441360, 0.033226
0.001062, -0.850334, -0.441055, 0.035915
0.001110, -0.849648, -0.439491, 0.033932
0.001158, -0.848446, -0.440254, 0.033150
0.001206, -0.845757, -0.443554, 0.031948
0.001254, -0.843601, -0.445156, 0.032005
0.001302, -0.842476, -0.443954, 0.032005
0.001350, -0.843201, -0.446377, 0.033207
0.001398, -0.838013, -0.451698, 0.032043
0.001447, -0.839043, -0.450039, 0.033207
0.001503, -0.840282, -0.454559, 0.034351
0.001626, -0.834942, -0.456753, 0.034733
0.002118, -0.836163, -0.460396, 0.031223
0.002608, -0.836792, -0.464249, 0.032024
0.003102, -0.833073, -0.465393, 0.032063
0.004624, -0.834675, -0.478363, 0.032177
0.005109, -0.839062, -0.479717, 0.029602
0.005591, -0.838013, -0.479469, 0.028667
0.006102, -0.838070, -0.482388, 0.030613
0.006587, -0.838432, -0.480728, 0.031090
0.007071, -0.836887, -0.479126, 0.029068
0.007604, -0.836182, -0.481453, 0.025921
0.008086, -0.840969, -0.479774, 0.023842
0.009083, -0.843163, -0.488529, 0.026283
0.009565, -0.848255, -0.487556, 0.026779
0.010049, -0.853386, -0.493202, 0.026665
0.010531, -0.852566, -0.492783, 0.024128
0.011069, -0.851421, -0.494404, 0.020638
0.011552, -0.852394, -0.491676, 0.020561
0.012036, -0.856438, -0.497837, 0.025749
0.012549, -0.856380, -0.499687, 0.025806
0.013034, -0.856266, -0.502815, 0.026646
0.013517, -0.855618, -0.510559, 0.035324
0.014006, -0.855579, -0.514393, 0.032253
0.014509, -0.858231, -0.516472, 0.032749
0.014999, -0.855713, -0.516949, 0.036583
0.015487, -0.855827, -0.521469, 0.033054
0.015993, -0.858898, -0.525799, 0.035801
0.016502, -0.859795, -0.528030, 0.038891
0.017008, -0.861359, -0.529919, 0.037632
0.017495, -0.859451, -0.535507, 0.037975
0.017987, -0.863819, -0.539455, 0.037727
0.018470, -0.862885, -0.542469, 0.041103
0.018957, -0.862560, -0.545731, 0.042858
0.019946, -0.865479, -0.544891, 0.049000
0.020463, -0.863152, -0.545044, 0.046539
0.020973, -0.862961, -0.548515, 0.046692
0.021970, -0.863361, -0.540600, 0.047703
0.022421, -0.862637, -0.540428, 0.045223
0.022947, -0.861340, -0.545311, 0.044193
0.023429, -0.858688, -0.542812, 0.047646
0.023935, -0.858727, -0.540009, 0.046349
0.024420, -0.859470, -0.541077, 0.045719
0.024903, -0.858955, -0.541821, 0.046196
0.025946, -0.858765, -0.548325, 0.051651
0.026392, -0.857277, -0.550404, 0.050678
0.027414, -0.856552, -0.545731, 0.049934
0.027896, -0.858421, -0.543823, 0.053196
0.028366, -0.856609, -0.548897, 0.051556
0.028905, -0.855141, -0.549622, 0.047073
0.029395, -0.850906, -0.550995, 0.046368
0.029882, -0.851650, -0.549698, 0.045090
0.030409, -0.852127, -0.547600, 0.046997
0.030861, -0.847187, -0.546551, 0.045204
0.031350, -0.848694, -0.545559, 0.042839
0.031868, -0.848446, -0.547161, 0.037537
0.032351, -0.848351, -0.547981, 0.036259
0.032890, -0.847034, -0.547466, 0.035820
0.033379, -0.843048, -0.548496, 0.034828
0.033875, -0.842304, -0.545349, 0.034447
0.034347, -0.843182, -0.544987, 0.034714
0.034823, -0.838833, -0.543232, 0.032158
0.035357, -0.835762, -0.536327, 0.032215
0.035823, -0.834999, -0.534458, 0.033226
0.036307, -0.835819, -0.534973, 0.028877
0.036810, -0.833645, -0.532246, 0.026436
0.037311, -0.832005, -0.528221, 0.023460
0.037811, -0.829983, -0.525131, 0.021515
0.038305, -0.828609, -0.523453, 0.020714
0.038801, -0.827618, -0.524120, 0.017262
0.039295, -0.822144, -0.521793, 0.013809
0.039792, -0.817089, -0.523090, 0.012207
0.040285, -0.810337, -0.522270, 0.013485
0.040783, -0.803871, -0.521336, 0.011978
0.041277, -0.803585, -0.517845, 0.009861
0.041774, -0.798473, -0.511494, 0.009995
0.042267, -0.795097, -0.508804, 0.013008
0.042763, -0.795498, -0.505924, 0.015144
0.043258, -0.797844, -0.502167, 0.016975
0.043754, -0.801716, -0.494709, 0.018349
0.044248, -0.803413, -0.489044, 0.019722
0.044742, -0.810261, -0.485935, 0.019417
0.045236, -0.816898, -0.485821, 0.015106
0.045744, -0.820103, -0.482521, 0.013218
0.046228, -0.823822, -0.482502, 0.005836
0.046695, -0.827770, -0.487747, 0.000439
0.047195, -0.829506, -0.489235, -0.005875
0.047691, -0.829525, -0.491028, -0.009556
0.048186, -0.831852, -0.492229, -0.013981
0.048676, -0.829525, -0.489902, -0.015888
0.049169, -0.827484, -0.489693, -0.017986
0.049710, -0.829697, -0.491123, -0.023613
0.050168, -0.828819, -0.493317, -0.029297
0.050688, -0.833664, -0.492649, -0.032215
0.051184, -0.831337, -0.490532, -0.035000
0.051682, -0.836506, -0.492878, -0.044193
0.052172, -0.831413, -0.489922, -0.046444
0.052659, -0.831432, -0.492420, -0.046196
0.053149, -0.835590, -0.494328, -0.048294
0.053665, -0.834808, -0.492535, -0.048542
0.054144, -0.835247, -0.489273, -0.051479
0.054633, -0.832863, -0.488701, -0.053043
0.055115, -0.830688, -0.488567, -0.051765
0.055651, -0.830441, -0.488892, -0.051193
0.056110, -0.832443, -0.489616, -0.048656
0.056622, -0.828476, -0.488243, -0.046463
0.057622, -0.826550, -0.479317, -0.043449
0.058106, -0.824356, -0.474529, -0.041161
0.058600, -0.824814, -0.470390, -0.037575
0.059084, -0.823498, -0.469036, -0.032330
0.059622, -0.821476, -0.467205, -0.032349
0.060095, -0.820942, -0.465832, -0.031757
0.060584, -0.820141, -0.463295, -0.028801
0.061105, -0.814648, -0.463676, -0.025406
0.061565, -0.820370, -0.458660, -0.021420
0.062083, -0.811462, -0.460377, -0.019493
0.062550, -0.810699, -0.458393, -0.015335
0.063087, -0.813503, -0.456753, -0.013905
0.063566, -0.814514, -0.453739, -0.008507
0.064046, -0.812931, -0.450478, -0.003071
0.064529, -0.816917, -0.447235, -0.000820
0.065059, -0.817547, -0.440845, 0.001678
0.065547, -0.815830, -0.434723, -0.002289
0.066025, -0.818176, -0.433044, 0.000839
0.066555, -0.815449, -0.429535, -0.000401
0.067532, -0.813656, -0.423698, 0.002403
0.068007, -0.814762, -0.419388, 0.000973
0.068526, -0.812702, -0.418320, 0.005589
0.069029, -0.807629, -0.417519, 0.008278
0.069533, -0.813370, -0.416126, 0.006218
0.069980, -0.810547, -0.415421, 0.005703
0.070484, -0.806141, -0.415936, 0.004120
0.070975, -0.805111, -0.420742, 0.006065
0.071474, -0.806503, -0.422955, 0.009384
0.071987, -0.803490, -0.424328, 0.011368
0.072495, -0.802402, -0.428467, 0.011539
0.073000, -0.801182, -0.431576, 0.012741
0.073587, -0.802116, -0.432167, 0.012722
0.074041, -0.803528, -0.434151, 0.014019
0.074511, -0.804539, -0.433445, 0.015602
0.074999, -0.800285, -0.434875, 0.016727
0.075565, -0.802898, -0.441971, 0.012722
0.076099, -0.803127, -0.442867, 0.015125
0.076575, -0.804710, -0.445518, 0.014362
0.076943, -0.799274, -0.448837, 0.015373
0.077626, -0.801888, -0.445442, 0.016537
0.078084, -0.806293, -0.445747, 0.016766
0.078512, -0.801525, -0.450935, 0.018597
0.079024, -0.804329, -0.455513, 0.021172
0.079492, -0.804005, -0.457745, 0.022659
0.080164, -0.802956, -0.456142, 0.019379
0.080577, -0.804729, -0.456638, 0.017757
0.080984, -0.801029, -0.457287, 0.022163
0.081474, -0.802860, -0.462646, 0.026073
0.082362, -0.803795, -0.464821, 0.026741
0.082867, -0.801926, -0.466290, 0.029793
0.083371, -0.803986, -0.465412, 0.034580
0.084376, -0.796261, -0.465679, 0.039215
0.085341, -0.797691, -0.464134, 0.042973
0.085845, -0.799885, -0.465565, 0.044556
0.086352, -0.797997, -0.464535, 0.045509
0.086839, -0.797596, -0.460644, 0.045795
0.087317, -0.797787, -0.460720, 0.049076
0.087853, -0.796337, -0.459175, 0.051651
0.088319, -0.791912, -0.459442, 0.055313
0.088822, -0.788670, -0.455799, 0.056324
0.089325, -0.791512, -0.452576, 0.056553
0.089828, -0.792561, -0.453320, 0.059547
0.090335, -0.790730, -0.451698, 0.062885
0.090823, -0.793285, -0.450649, 0.064697
0.091282, -0.795631, -0.455341, 0.067501
0.092304, -0.793133, -0.452099, 0.068741
0.092773, -0.794201, -0.444622, 0.063705
0.093314, -0.790024, -0.442924, 0.060349
0.093753, -0.787125, -0.445633, 0.063324
0.094265, -0.786972, -0.449924, 0.065594
0.094777, -0.784187, -0.453854, 0.069218
0.095280, -0.785160, -0.454044, 0.067577
0.096280, -0.786381, -0.455952, 0.062256
0.096734, -0.787449, -0.455208, 0.062027
0.097252, -0.786476, -0.458527, 0.063648
0.097756, -0.778065, -0.456963, 0.062733
0.098260, -0.779018, -0.457211, 0.061455
0.099238, -0.783882, -0.452499, 0.050259
0.099743, -0.784264, -0.459805, 0.048809
0.100245, -0.784111, -0.457458, 0.054989
0.100689, -0.784016, -0.453377, 0.054817
0.101194, -0.780773, -0.456944, 0.051308
0.101700, -0.786076, -0.453529, 0.041809
0.102201, -0.787106, -0.449600, 0.036144
0.102703, -0.789471, -0.449619, 0.033512
0.103211, -0.790768, -0.447445, 0.032482
0.103711, -0.789165, -0.447292, 0.030632
0.104157, -0.790043, -0.447941, 0.033798
0.104660, -0.790768, -0.448799, 0.023060
0.105149, -0.793266, -0.446568, 0.016651
0.105651, -0.800362, -0.469742, 0.013142
0.106142, -0.803776, -0.486755, 0.013676
0.106659, -0.801640, -0.461750, 0.014839
0.107163, -0.801163, -0.464382, 0.012627
0.107665, -0.798817, -0.471859, 0.007458
0.108170, -0.799370, -0.472260, 0.001583
0.108616, -0.801849, -0.476112, -0.005474
0.109118, -0.799942, -0.475292, -0.008049
0.109623, -0.797958, -0.468197, -0.009499
0.110125, -0.800343, -0.472393, -0.013695
0.110618, -0.804520, -0.473404, -0.014668
0.111103, -0.808487, -0.470371, -0.015678
0.111595, -0.809860, -0.473537, -0.018158
0.112090, -0.811081, -0.470657, -0.020008
0.112585, -0.816708, -0.467606, -0.025253
0.113089, -0.816269, -0.468903, -0.024815
0.113592, -0.821209, -0.470562, -0.028477
0.114096, -0.821934, -0.467892, -0.028400
0.114600, -0.825596, -0.467415, -0.031261
0.115104, -0.823650, -0.469379, -0.033302
0.115592, -0.825691, -0.468349, -0.033722
0.116050, -0.829620, -0.471172, -0.033436
0.116557, -0.830612, -0.470963, -0.035477
0.117065, -0.834618, -0.471172, -0.034561
0.117566, -0.831451, -0.475330, -0.033035
0.118073, -0.831337, -0.478821, -0.036640
0.118546, -0.833511, -0.482578, -0.034904
0.119044, -0.834579, -0.486546, -0.029640
0.119533, -0.835514, -0.491390, -0.031776
0.120054, -0.831032, -0.491600, -0.035286
0.120540, -0.833702, -0.490818, -0.035992
0.121044, -0.831451, -0.490379, -0.033493
0.121533, -0.835114, -0.490398, -0.031662
0.122013, -0.836811, -0.486164, -0.026035
0.122547, -0.833664, -0.487118, -0.022926
0.123029, -0.837002, -0.484543, -0.025330
0.123523, -0.833321, -0.485821, -0.022011
0.124007, -0.832710, -0.482998, -0.022697
0.124556, -0.834255, -0.488911, -0.025501
0.125041, -0.838871, -0.497208, -0.029964
0.125539, -0.845337, -0.502167, -0.026741
0.125962, -0.850010, -0.510159, -0.021114
0.126526, -0.855522, -0.517178, -0.025139
0.127050, -0.856380, -0.525131, -0.021534
0.127549, -0.857906, -0.528431, -0.020866
0.128017, -0.858326, -0.526505, -0.009956
0.128933, -0.867672, -0.533047, -0.013657
0.129431, -0.875416, -0.545845, -0.026169
0.130026, -0.882893, -0.546074, -0.026360
0.130941, -0.907364, -0.554447, -0.026569
0.131419, -0.921688, -0.565815, -0.022869
0.131903, -1.540470, -1.610317, -0.454197
0.132418, -2.624969, -4.392223, -1.891384
0.132896, -2.389832, -1.477871, 0.044842
0.133399, -2.185650, -0.606537, 1.332626
0.133904, -1.912193, -0.373154, 1.038704
0.134406, -1.483135, -0.735836, 0.309105
0.134898, -0.995998, -1.020489, 0.210896
0.135401, -0.666237, -0.716496, 0.055237
0.135874, -0.620518, -0.330582, -0.235825
0.136393, -0.603886, -0.414600, -0.476151
0.136897, -0.639076, -0.329685, -0.274239
0.137385, -0.731163, -0.253582, 0.109024
0.137889, -0.841866, -0.285263, 0.236320
0.138867, -0.983753, -0.205612, -0.002708
0.139370, -0.976486, -0.253944, -0.006371
0.139858, -0.960159, -0.345497, -0.153790
0.140363, -0.971813, -0.321217, -0.091324
0.140866, -0.933800, -0.446339, 0.148735
0.141312, -0.896015, -0.488491, 0.245876
0.141815, -0.900364, -0.432014, 0.130196
0.142319, -0.856667, -0.479145, -0.017700
0.142827, -0.852242, -0.504761, -0.005054
0.143357, -0.884972, -0.400352, 0.000877
0.143814, -0.865726, -0.468006, -0.042362
0.144313, -0.866680, -0.518913, -0.120144
0.144815, -0.852661, -0.448227, -0.134506
0.145286, -0.833054, -0.405674, -0.087414
0.145770, -0.843163, -0.504723, 0.020638
0.146783, -0.894279, -0.456371, 0.057182
0.147296, -0.906715, -0.404510, -0.064316
0.147786, -0.896912, -0.427704, -0.206947
0.148280, -0.901165, -0.401382, -0.279140
0.148779, -0.886192, -0.422764, -0.140781
0.149286, -0.869045, -0.493431, -0.009918
0.149756, -0.877323, -0.488167, -0.026741
0.150258, -0.868359, -0.490475, -0.062332
0.150758, -0.855770, -0.483952, -0.081043
0.151237, -0.860100, -0.471687, -0.124474
0.151713, -0.846729, -0.486221, -0.165539
0.152249, -0.831451, -0.498562, -0.173359
0.152728, -0.839481, -0.462990, -0.176640
0.153202, -0.844097, -0.463200, -0.227642
0.153739, -0.836525, -0.504684, -0.218468
0.154210, -0.840607, -0.511398, -0.140057
0.154699, -0.847282, -0.531483, -0.033436
0.155177, -0.864372, -0.523930, 0.018024
0.155712, -0.891762, -0.476475, -0.019627
0.156167, -0.899868, -0.439587, -0.036697
0.156689, -0.869923, -0.447731, -0.053520
0.157165, -0.850754, -0.476131, -0.071831
0.157702, -0.848103, -0.495300, -0.080128
0.158173, -0.838261, -0.469990, -0.086575
0.159147, -0.817108, -0.484219, -0.027752
0.159676, -0.819778, -0.486183, 0.000706
0.160152, -0.822201, -0.483513, -0.032692
0.160661, -0.831490, -0.482922, 0.060349
0.161131, -0.855427, -0.465679, -0.002403
0.161668, -0.843792, -0.494366, 0.041962
0.162126, -0.850105, -0.477028, 0.062599
0.162630, -0.859928, -0.532379, 0.091133
0.163140, -0.879841, -0.513020, 0.145912
0.163637, -0.896130, -0.461407, 0.083504
0.164142, -0.907764, -0.454388, 0.050373
0.165133, -0.948849, -0.418167, 0.111885
0.166077, -0.935135, -0.392361, 0.189629
0.166586, -0.911465, -0.415688, 0.177574
0.167091, -0.897999, -0.414524, 0.151749
0.167595, -0.892086, -0.407372, 0.150776
0.168098, -0.894032, -0.420399, 0.139122
0.168603, -0.900593, -0.422516, 0.126095
0.169104, -0.914917, -0.416126, 0.124283
0.169610, -0.913868, -0.434170, 0.127296
0.170111, -0.898380, -0.445995, 0.144615
0.170616, -0.893345, -0.459709, 0.140724
0.171065, -0.889511, -0.458717, 0.134201
0.171563, -0.886841, -0.462990, 0.096874
0.172066, -0.885849, -0.444679, 0.083141
0.172577, -0.890732, -0.450134, 0.083237
0.173109, -0.893211, -0.458107, 0.093384
0.173608, -0.888042, -0.459347, 0.091705
0.174116, -0.884190, -0.454559, 0.078239
0.174502, -0.884552, -0.460987, 0.043640
0.175003, -0.882244, -0.453682, 0.032482
0.175579, -0.878086, -0.468254, 0.026512
0.175996, -0.874844, -0.473461, 0.041294
0.176589, -0.871239, -0.483322, 0.035076
0.176986, -0.861969, -0.489120, 0.033360
0.177483, -0.867119, -0.493298, 0.027218
0.177981, -0.867043, -0.491600, 0.029125
0.178480, -0.865154, -0.495930, 0.023117
0.178976, -0.863667, -0.491104, 0.002575
0.179495, -0.861626, -0.489502, -0.008774
0.179953, -0.862770, -0.487270, -0.010948
0.180468, -0.864944, -0.485706, 0.000973
0.180979, -0.865002, -0.492496, 0.019493
0.181444, -0.863533, -0.488644, 0.021687
0.181966, -0.863171, -0.486164, 0.027122
0.182963, -0.862579, -0.484371, 0.016212
0.183430, -0.864887, -0.482540, 0.014133
0.183950, -0.866890, -0.484543, 0.011368
0.184453, -0.866833, -0.482464, 0.009212
0.184903, -0.866661, -0.486832, 0.010433
0.185415, -0.860958, -0.488243, 0.012188
0.185926, -0.861340, -0.488338, 0.021896
0.186406, -0.859222, -0.488567, 0.029030
0.186905, -0.856743, -0.487709, 0.025291
0.187421, -0.857353, -0.492134, 0.021629
0.187884, -0.858364, -0.491180, 0.019684
0.188422, -0.854931, -0.493298, 0.018921
0.188862, -0.853138, -0.494766, 0.021095
0.189374, -0.851288, -0.491714, 0.017338
0.189888, -0.853825, -0.491409, 0.015602
0.190390, -0.847931, -0.493431, 0.012779
0.190880, -0.847130, -0.497036, 0.012913
0.191372, -0.845737, -0.502625, 0.017395
0.191854, -0.838547, -0.510807, 0.021534
0.192347, -0.835781, -0.519543, 0.020924
0.192832, -0.826416, -0.527363, 0.019112
0.193367, -0.820255, -0.533066, 0.015526
0.193833, -0.807819, -0.547047, 0.011387
0.194347, -0.801716, -0.554028, 0.009232
0.194810, -0.797386, -0.571766, 0.004272
0.195330, -0.784645, -0.585938, 0.001602
0.195807, -0.769844, -0.607643, -0.006886
0.196305, -0.756454, -0.631199, -0.006714
0.196804, -0.741425, -0.649567, -0.008507
0.197286, -0.730782, -0.668316, -0.015717
0.197807, -0.711327, -0.683670, -0.023308
0.198288, -0.695381, -0.697327, -0.027046
0.199266, -0.666714, -0.737152, -0.065002
0.199804, -0.657234, -0.744686, -0.072517
0.200275, -0.672226, -0.722790, -0.065632
0.201264, -0.693703, -0.685329, -0.069065
0.201747, -0.682545, -0.682583, -0.056648
0.202274, -0.696411, -0.664406, -0.020695
0.202753, -0.710449, -0.650101, 0.001907
0.203238, -0.726795, -0.621586, 0.040035
0.204222, -0.779896, -0.559635, 0.057964
0.204732, -0.801239, -0.536461, 0.060940
0.205236, -0.858173, -0.511951, 0.087547
0.205740, -0.907879, -0.463409, 0.113087
0.206229, -0.958672, -0.432224, 0.146523
0.206734, -0.989208, -0.403252, 0.179710
0.207192, -0.978317, -0.378914, 0.135689
0.207699, -0.933666, -0.400524, 0.113811
0.208205, -0.880070, -0.433407, 0.106640
0.208704, -0.839520, -0.470352, 0.093460
0.209209, -0.808735, -0.514793, 0.086384
0.209711, -0.775013, -0.552406, 0.099182
0.210211, -0.732956, -0.607300, 0.137062
0.210726, -0.694427, -0.652084, 0.141563
0.211202, -0.667839, -0.701141, 0.142326
0.211735, -0.678616, -0.709839, 0.148449
0.212236, -0.681286, -0.703602, 0.175133
0.212677, -0.670090, -0.671024, 0.241070
0.213276, -0.690041, -0.643654, 0.284557
0.213669, -0.734921, -0.599136, 0.252495
0.214202, -0.763779, -0.539627, 0.185280
0.214645, -0.799599, -0.483990, 0.154343
0.215300, -0.902805, -0.425243, 0.108795
0.215691, -0.995579, -0.386066, 0.071049
0.216201, -1.037350, -0.335693, 0.080204
0.216767, -1.039619, -0.320415, 0.162411
0.217181, -1.038189, -0.339622, 0.120697
0.217766, -1.039276, -0.344048, 0.114079
0.218160, -1.038933, -0.321674, 0.091877
0.218654, -0.982647, -0.348129, 0.091972
0.219148, -0.892982, -0.435486, 0.054588
0.219673, -0.834484, -0.505695, 0.058765
0.220185, -0.830250, -0.533714, 0.142155
0.220676, -0.860081, -0.540314, 0.221729
0.221636, -0.855999, -0.564938, 0.230484
0.222164, -0.846100, -0.542698, 0.228195
0.222557, -0.848370, -0.534992, 0.197334
0.223148, -0.850468, -0.515785, 0.183449
0.223641, -0.848808, -0.495148, 0.125618
0.224071, -0.831127, -0.508480, 0.101604
0.224571, -0.848999, -0.524387, 0.030499
0.225060, -0.887203, -0.512257, -0.033665
0.225535, -0.938263, -0.446091, -0.015125
0.226067, -0.950603, -0.383797, -0.003948
0.226555, -0.909462, -0.402603, -0.053272
0.227048, -0.862217, -0.469646, -0.091019
0.227529, -0.818481, -0.548592, -0.005226
0.228011, -0.782547, -0.569000, 0.113583
0.228535, -0.747757, -0.583954, 0.168190
0.229520, -0.678978, -0.628090, 0.147266
0.230984, -0.670071, -0.557346, 0.143280
0.231504, -0.706196, -0.516529, 0.055103
0.232009, -0.796947, -0.449982, -0.001335
0.233002, -0.956593, -0.318012, 0.001965
0.233463, -1.026192, -0.306759, -0.005341
0.233994, -1.164551, -0.242062, -0.088100
0.234456, -1.304989, -0.185337, -0.197735
0.234967, -1.360188, -0.092106, -0.154457
0.235464, -1.294632, -0.055618, -0.026302
0.235982, -1.215096, -0.097218, -0.043411
0.236438, -1.121254, -0.181847, -0.100365
0.236944, -1.038876, -0.250568, -0.092392
0.237445, -0.993557, -0.287952, -0.093193
0.237949, -0.965881, -0.355301, -0.095177
0.238452, -0.948296, -0.392437, -0.116768
0.238897, -0.928459, -0.428276, -0.106239
0.239401, -0.911541, -0.446320, -0.088806
0.239907, -0.895214, -0.461330, -0.086536
0.240408, -0.886154, -0.472908, -0.090866
0.240911, -0.880394, -0.476036, -0.063114
0.241415, -0.880737, -0.465469, -0.039997
0.241919, -0.882149, -0.446835, -0.053005
0.242883, -0.886917, -0.416470, -0.079021
0.243371, -0.896778, -0.396519, -0.062256
0.243862, -0.902748, -0.379848, -0.054951
0.244358, -0.908356, -0.377026, -0.056992
0.244847, -0.915222, -0.364742, -0.060921
0.245342, -0.922127, -0.338287, -0.085506
0.245845, -0.925293, -0.336704, -0.103168
0.246378, -0.927105, -0.338573, -0.121498
0.246823, -0.919342, -0.340767, -0.109100
0.247327, -0.906811, -0.367069, -0.084438
0.247830, -0.886230, -0.401020, -0.073929
0.248334, -0.867138, -0.436802, -0.058289
0.248838, -0.856209, -0.455112, -0.038681
0.249342, -0.853271, -0.475254, -0.028477
0.249845, -0.854244, -0.493679, -0.024338
0.250292, -0.853310, -0.500622, -0.014629
0.250792, -0.855789, -0.493221, -0.006618
0.251298, -0.852680, -0.487614, 0.000343
0.251801, -0.852966, -0.493431, 0.005322
0.252305, -0.852299, -0.486965, 0.014362
0.252799, -0.850620, -0.470867, 0.015068
0.253787, -0.851555, -0.471859, 0.005112
0.254293, -0.848751, -0.469341, 0.009365
0.255274, -0.851707, -0.476875, 0.012646
0.255745, -0.849667, -0.479317, 0.013924
0.256269, -0.847836, -0.479050, 0.020065
0.256773, -0.849438, -0.482578, 0.019264
0.257252, -0.850220, -0.490189, 0.015678
0.257739, -0.849457, -0.485535, 0.019798
0.258215, -0.849380, -0.481262, 0.022602
0.258734, -0.857086, -0.481853, 0.019817
0.259222, -0.857716, -0.486622, 0.019436
0.259703, -0.855961, -0.484028, 0.020504
0.260230, -0.851097, -0.485783, 0.020256
0.260699, -0.848751, -0.483761, 0.021114
0.261212, -0.848846, -0.486374, 0.020161
0.261723, -0.849247, -0.482216, 0.018730
0.262189, -0.853043, -0.479774, 0.024509
0.262734, -0.849590, -0.481091, 0.020599
0.263228, -0.848103, -0.483475, 0.019608
0.263702, -0.852680, -0.484028, 0.019398
0.264185, -0.853233, -0.480518, 0.020752
0.264706, -0.852566, -0.481491, 0.018120
0.265204, -0.850964, -0.486984, 0.017605
0.265696, -0.850754, -0.483742, 0.024147
0.266244, -0.854111, -0.482864, 0.025654
0.266733, -0.852680, -0.483685, 0.024929
0.267252, -0.858269, -0.483685, 0.028896
0.267698, -0.864410, -0.478249, 0.031185
0.268202, -0.865002, -0.470161, 0.034542
0.268705, -0.873775, -0.459824, 0.045204
0.269208, -0.882301, -0.452423, 0.050163
0.269724, -0.878601, -0.450954, 0.053272
0.270214, -0.871639, -0.456295, 0.055943
0.270704, -0.868111, -0.460567, 0.053787
0.271114, -0.866508, -0.460205, 0.049076
0.271697, -0.869827, -0.457420, 0.049477
0.272128, -0.877075, -0.453396, 0.052090
0.272601, -0.885944, -0.453968, 0.056343
0.273120, -0.895195, -0.441418, 0.065727
0.273593, -0.899696, -0.440121, 0.069866
0.274111, -0.908031, -0.431690, 0.077267
0.275104, -0.923443, -0.418358, 0.089359
0.276096, -0.940590, -0.396938, 0.115662
0.277055, -0.973377, -0.370121, 0.149899
0.278031, -1.006012, -0.330448, 0.200443
0.278557, -1.022263, -0.306587, 0.232773
0.279059, -1.036263, -0.288486, 0.257339
0.279536, -1.051826, -0.275002, 0.291843
0.280144, -1.056938, -0.256062, 0.321922
0.280530, -1.059818, -0.231361, 0.377007
0.281013, -1.069336, -0.222969, 0.425186
0.282029, -1.077747, -0.177307, 0.590992
0.282527, -1.059685, -0.142422, 0.700016
0.283030, -1.004753, -0.196934, 0.759220
0.283505, -0.935345, -0.193119, 0.820274
0.283979, -0.950756, -0.252762, 0.795383
0.284474, -0.933094, -0.341167, 0.437584
0.285020, -0.780010, -0.438347, 0.327282
0.285479, -0.786781, -0.575638, 0.126877
0.285998, -0.857277, -0.688629, -0.010624
0.286472, -0.928307, -0.527439, 0.384045
0.286971, -1.023235, -0.274048, 0.708771
0.287475, -1.031036, -0.114460, 0.639515
0.287962, -1.000061, -0.187817, 0.030174
0.288447, -0.873852, -0.502338, -0.488186
0.289430, -0.769653, -0.842724, -0.436707
0.289963, -0.935993, -0.812855, -0.258560
0.290432, -0.962238, -0.664425, 0.045319
0.290911, -0.915089, -0.797882, 0.097275
0.291443, -0.827656, -0.876236, -0.012474
0.291929, -0.762043, -0.976219, -0.156555
0.292417, -0.705509, -0.836697, -0.234108
0.292939, -0.758572, -0.605717, -0.212364
0.293416, -0.851212, -0.369091, -0.122337
0.293926, -0.837231, -0.260258, 0.228119
0.294388, -0.797157, -0.429459, 0.313511
0.294898, -0.639114, -0.615597, 0.297279
0.296402, -0.713501, -0.731926, -0.760841
0.296877, -0.847282, -0.562096, -0.578194
0.297351, -0.993938, -0.417576, -0.393562
0.297873, -1.014595, -0.348759, -0.126915
0.298836, -1.015282, -0.205517, 0.421619
0.299345, -1.002522, 0.002155, 0.492439
0.299860, -1.015358, 0.090885, 0.384808
0.300366, -1.039352, 0.033894, -0.007191
0.300825, -0.938206, -0.113964, -0.352459
0.301342, -0.785084, -0.210991, -0.134983
0.301845, -0.706806, -0.441113, 0.092354
0.302349, -0.610180, -0.841637, 0.393829
0.302796, -0.488129, -0.968208, 0.547161
0.303297, -0.524254, -0.894756, 0.583668
0.303801, -0.645161, -0.674191, 0.423584
0.304309, -0.704136, -0.399494, 0.277748
0.304814, -0.763702, -0.272903, 0.002594
0.305311, -0.693913, -0.245552, 0.010490
0.305815, -0.536728, -0.301094, 0.229740
0.306286, -0.540905, -0.442638, -0.040474
0.306779, -0.566120, -0.707569, -0.540981
0.307283, -0.625858, -0.767365, -0.530968
0.307790, -0.811996, -1.039600, -1.113319
0.308305, -0.925694, -1.175232, -1.288586
0.308751, -0.977688, -1.185112, -1.237640
0.309299, -0.905781, -1.060295, -0.856056
0.309742, -0.857830, -1.021385, -0.626411
0.310236, -0.826626, -1.009331, -0.467129
0.310786, -0.768604, -0.978832, -0.404186
0.311289, -0.748692, -0.860214, -0.442562
0.311777, -0.716877, -0.716915, -0.532856
0.312281, -0.708599, -0.570869, -0.601845
0.312779, -0.694103, -0.491962, -0.602665
0.313297, -0.704155, -0.471401, -0.463791
0.313801, -0.712051, -0.479641, -0.233746
0.314792, -0.793381, -0.491371, 0.029945
0.315770, -0.885353, -0.407925, 0.032063
0.316187, -0.884895, -0.435429, -0.002575
0.316689, -0.861015, -0.450592, 0.003662
0.317258, -0.847034, -0.463791, 0.063534
0.318187, -0.851059, -0.501842, 0.148582
0.318695, -0.858994, -0.503502, 0.164909
0.319165, -0.864906, -0.472374, 0.127048
0.319670, -0.860310, -0.457878, 0.043831
0.320174, -0.859146, -0.435028, -0.027466
0.320647, -0.858288, -0.428658, -0.023727
0.321134, -0.857105, -0.445137, 0.028553
0.321643, -0.861874, -0.472698, 0.089664
0.322161, -0.864582, -0.491943, 0.110321
0.322644, -0.861111, -0.498924, 0.088654
0.323151, -0.869541, -0.474110, 0.024204
0.324121, -0.879478, -0.474339, -0.058403
0.324621, -0.882015, -0.481987, -0.028400
0.325129, -0.873241, -0.496483, 0.004005
0.325593, -0.858803, -0.517330, 0.014400
0.326115, -0.848274, -0.530796, 0.002213
0.326590, -0.848770, -0.524082, 0.008526
0.327072, -0.859432, -0.518970, -0.017605
0.328111, -0.860195, -0.522327, -0.044842
0.328604, -0.857124, -0.522022, -0.006504
0.329090, -0.858135, -0.531273, 0.016842
0.329592, -0.855465, -0.539722, 0.039444
0.330081, -0.857620, -0.536346, 0.037251
0.330558, -0.858688, -0.511379, 0.002995
0.331044, -0.857563, -0.510578, -0.035839
0.331534, -0.857677, -0.507832, -0.034409
0.332062, -0.861435, -0.504990, -0.002937
0.332556, -0.857258, -0.527611, 0.043697
0.333015, -0.855350, -0.536289, 0.062542
0.333517, -0.854263, -0.529804, 0.041962
0.334022, -0.857487, -0.520210, 0.037155
0.334529, -0.864582, -0.503311, -0.001087
0.335042, -0.864487, -0.506763, -0.014133
0.336051, -0.858498, -0.501900, -0.005913
0.336481, -0.856876, -0.506668, 0.010166
0.337006, -0.862389, -0.504990, 0.019245
0.337517, -0.867329, -0.507774, 0.034885
0.337977, -0.869789, -0.501556, 0.021343
0.338485, -0.867767, -0.495300, -0.004101
0.339004, -0.870171, -0.490837, -0.014305
0.339466, -0.872440, -0.489006, -0.014381
0.339981, -0.875740, -0.487576, -0.008869
0.340444, -0.878506, -0.489197, -0.009975
0.340961, -0.883560, -0.482597, -0.010605
0.341472, -0.885029, -0.473042, -0.015850
0.341948, -0.887928, -0.466404, -0.025387
0.342437, -0.891151, -0.462265, -0.028896
0.342925, -0.895252, -0.451736, -0.026855
0.343457, -0.897808, -0.454903, -0.017147
0.343928, -0.894585, -0.449257, -0.015984
0.344406, -0.897408, -0.449581, -0.008030
0.344930, -0.897293, -0.446529, -0.007324
0.345401, -0.905075, -0.444889, -0.025234
0.345956, -0.908375, -0.435753, -0.036469
0.346422, -0.908375, -0.437546, -0.035267
0.346896, -0.907650, -0.438099, -0.033855
0.347399, -0.911064, -0.438843, -0.022469
0.347892, -0.910320, -0.446854, -0.006523
0.348409, -0.912323, -0.440025, -0.004826
0.348974, -0.916843, -0.437050, -0.010414
0.349375, -0.915718, -0.433350, -0.024891
0.349905, -0.926113, -0.414238, -0.046997
0.350397, -0.935688, -0.408096, -0.060616
0.350875, -0.941734, -0.398464, -0.068455
0.351386, -0.952625, -0.376854, -0.077000
0.351965, -0.983791, -0.341129, -0.097675
0.352385, -1.025753, -0.300922, -0.106163
0.352898, -1.051540, -0.268383, -0.108948
0.353434, -1.050873, -0.249596, -0.120277
0.353891, -1.019897, -0.253010, -0.117760
0.354425, -0.993061, -0.250282, -0.113869
0.354853, -0.969944, -0.284042, -0.112305
0.355459, -0.970173, -0.283966, -0.138416
0.355845, -0.971546, -0.302258, -0.157356
0.356329, -0.952873, -0.304356, -0.119152
0.356814, -0.937729, -0.297070, -0.099392
0.357297, -0.928097, -0.320129, -0.073013
0.357817, -0.929260, -0.311623, -0.035172
0.358299, -0.934944, -0.366516, -0.017376
0.358777, -0.897446, -0.429420, 0.028839
0.359285, -0.864258, -0.458965, -0.000877
0.359846, -0.816803, -0.570793, 0.019360
0.360303, -0.806084, -0.584316, -0.026722
0.360816, -0.852432, -0.604382, -0.067043
0.361319, -0.899849, -0.562286, -0.075932
0.361821, -0.924759, -0.523586, -0.069923
0.362244, -0.946045, -0.440731, -0.116386
0.362781, -0.934296, -0.467987, -0.191612
0.363782, -0.849476, -0.449467, -0.239525
0.364230, -0.821114, -0.523129, -0.275478
0.364753, -0.796089, -0.519924, -0.229244
0.365238, -0.772305, -0.623398, -0.151520
0.365725, -0.767040, -0.621395, -0.052471
0.366246, -0.773315, -0.753880, -0.078125
0.366747, -0.745831, -0.847206, -0.122395
0.367236, -0.731373, -0.829964, -0.113106
0.367702, -0.774212, -0.837860, -0.186977
0.368187, -0.813026, -0.806408, -0.200787
0.368706, -0.836887, -0.714302, -0.209122
0.369701, -0.847073, -0.696983, -0.103893
0.370233, -0.782356, -0.729961, -0.047569
0.370681, -0.718403, -0.745850, -0.181198
0.371181, -0.659523, -0.882282, -0.297089
0.371684, -0.600586, -0.855312, -0.281334
0.372188, -0.610485, -0.818462, -0.348434
0.372692, -0.635757, -0.822601, -0.441322
0.373151, -0.638142, -0.761261, -0.749969
0.373671, -0.530663, -0.813408, -0.814381
0.374133, -0.410328, -0.684757, -0.466080
0.374648, -0.440273, -0.584641, -0.020294
0.375170, -0.678577, -0.491219, 0.045204
0.375628, -0.882053, -0.439091, -0.553932
0.376165, -0.822144, -0.303383, -0.686207
0.376660, -0.643940, -0.135670, -0.581398
0.377154, -0.439873, -0.213337, -0.274334
0.377630, -0.414429, -0.522022, 0.137444
0.378127, -0.584736, -0.814362, -0.127811
0.378617, -0.659618, -0.823364, -0.089817
0.379105, -0.668678, -0.746384, -0.164394
0.379608, -0.664825, -0.431709, 0.153351
0.380128, -0.826416, -0.288525, -0.180912
0.380588, -0.954456, -0.792007, -0.025883
0.381105, -1.007843, -1.043224, 0.497475
0.381566, -0.989342, -0.671310, 0.293236
0.382082, -0.855980, -0.845184, 0.058422
0.382557, -0.760880, -0.809860, 0.215321
0.383060, -0.757065, -0.463448, 0.150337
0.383564, -0.703430, -0.448952, -0.344372
0.384067, -0.702019, -0.423450, 0.082741
0.384570, -0.839844, -0.325432, -0.137825
0.385075, -0.853081, -0.524158, 0.043488
0.386024, -0.625706, -0.439415, 0.145874
0.386527, -0.576649, -0.538635, 0.368099
0.387032, -0.727882, -0.684566, 0.507317
0.387534, -1.058731, -0.767860, 0.189800
0.388039, -1.174431, -0.675430, -0.328617
0.388541, -0.958786, -0.546436, -0.140038
0.389021, -0.817223, -0.469780, 0.276318
0.389534, -0.754871, -0.483627, 0.257816
0.390511, -0.793037, -0.723209, 0.264397
0.391016, -0.820751, -0.596046, -0.354729
0.391474, -0.648766, -0.575123, -0.539036
0.391978, -0.504360, -0.440693, -0.081577
0.392466, -0.606995, -0.532207, 0.442085
0.392981, -0.775757, -0.598164, 0.522194
0.393486, -0.888615, -0.784435, -0.010262
0.393979, -0.776043, -0.884895, 0.099201
0.394476, -0.708275, -0.619278, 0.132580
0.395435, -0.811234, -0.682888, 0.139809
0.395948, -0.981083, -0.674896, 0.177975
0.396440, -1.104069, -0.817242, 0.332775
0.396939, -1.082401, -0.552082, 0.167980
0.397429, -0.882015, -0.475063, -0.015049
0.397956, -0.695686, -0.571709, 0.192566
0.398452, -0.695133, -0.323982, 0.087833
0.398945, -0.662918, -0.376225, -0.350666
0.399425, -0.532475, -0.511856, -0.412140
0.399914, -0.560303, -0.582237, 0.028477
0.400392, -0.699558, -0.503922, 0.182972
0.400882, -0.783768, -0.551243, 0.037632
0.401415, -0.845852, -0.807018, 0.195141
0.401904, -0.948238, -0.560608, 0.367012
0.402377, -1.075497, -0.510902, 0.373058
0.403416, -1.203804, -0.657063, 0.135632
0.403906, -1.086884, -0.628567, 0.368042
0.404378, -0.777569, -0.679722, 0.023956
0.404865, -0.369492, -0.816650, -0.101738
0.405369, -0.156288, -0.776157, -0.140572
0.405971, -0.175438, -0.678501, 0.098248
0.406412, -0.437355, -0.761871, 0.130978
0.406900, -0.819359, -0.958252, 0.248699
0.407384, -1.245747, -0.891590, 0.265541
0.407920, -1.329002, -0.646381, 0.053787
0.408408, -1.040802, -0.590420, -0.017853
0.408887, -0.709190, -0.531731, 0.038586
0.409370, -0.596466, -0.417881, 0.199604
0.409900, -0.657330, -0.676956, 0.205994
0.410375, -0.673771, -0.813236, -0.051155
0.410795, -0.530300, -0.733089, -0.078201
0.411288, -0.465088, -0.643101, 0.002327
0.411804, -0.540867, -0.708828, 0.129147
0.412304, -0.760574, -0.769577, 0.089378
0.412793, -0.847893, -0.690651, -0.300426
0.413311, -0.719318, -0.617771, -0.247784
0.414290, -0.667915, -0.573845, -0.040169
0.414764, -0.736599, -0.638332, -0.058594
0.415283, -0.659256, -0.543556, 0.060806
0.415786, -0.619354, -0.636005, 0.109367
0.416275, -0.773907, -0.662842, 0.189724
0.416777, -1.067104, -0.793438, 0.258427
0.417284, -1.290169, -0.749283, 0.096722
0.417906, -1.204281, -0.616131, 0.227013
0.418296, -1.154537, -0.569115, 0.323257
0.418777, -1.087170, -0.391045, 0.160294
0.419210, -0.823879, -0.571995, 0.076694
0.419760, -0.558567, -0.689602, -0.095291
0.420202, -0.386868, -0.493679, -0.087261
0.420708, -0.345688, -0.582504, 0.074711
0.421202, -0.333805, -0.532703, -0.040073
0.421685, -0.324326, -0.477791, 0.158291
0.422191, -0.503101, -0.532532, 0.137424
0.422691, -0.695877, -0.468826, -0.386295
0.423212, -0.695724, -0.482635, -0.113430
0.423757, -0.817165, -0.460281, 0.120697
0.424188, -1.037521, -0.604401, 0.306797
0.424695, -1.235390, -0.511246, 0.270939
0.425682, -1.246719, -0.725746, 0.552979
0.426192, -1.212711, -0.420036, 0.485649
0.426675, -0.944977, -0.227871, 0.054398
0.427662, -0.866718, -0.571251, 0.443726
0.428165, -0.965328, -0.649891, 0.186920
0.428640, -0.810452, -0.602970, 0.251999
0.429136, -0.712318, -0.347214, 0.305767
0.429637, -0.752831, -0.528011, 0.249462
0.430128, -0.850220, -0.544586, 0.261402
0.430611, -0.893631, -0.275135, 0.353737
0.431139, -0.955353, -0.371189, 0.466251
0.431610, -1.025314, -0.535851, 0.059528
0.432141, -0.893784, -0.567875, -0.102501
0.432607, -0.650311, -0.527306, 0.328465
0.433104, -0.461540, -0.299950, 0.366440
0.433576, -0.243568, -0.448494, -0.004539
0.434101, -0.166969, -0.584641, -0.254192
0.434583, -0.423756, -0.530434, -0.037174
0.435568, -1.413193, -0.620747, 0.128422
0.436083, -1.095524, -0.430927, 0.258808
0.436559, -0.662937, -0.378284, 0.500431
0.437091, -0.445328, -0.245419, 0.331230
0.438038, -0.603695, -0.343208, 0.251541
0.438558, -1.050339, -0.562878, 0.108967
0.439063, -1.513882, -0.649128, 0.044594
0.439566, -1.916294, -0.430069, 0.129375
0.440067, -1.912537, -0.186672, 0.299034
0.440513, -1.565590, 0.053539, 0.519371
0.441016, -1.196270, -0.077477, 0.464191
0.441519, -0.970173, -0.219612, 0.215607
0.442023, -0.920753, -0.229378, 0.207539
0.442531, -0.979385, -0.200481, 0.310154
0.443031, -1.066074, -0.257835, 0.326767
0.443531, -1.064987, -0.359879, 0.191860
0.444029, -0.863800, -0.447693, 0.124397
0.444995, -0.655804, -0.319862, 0.067596
0.445494, -0.692139, -0.393639, -0.050831
0.445979, -0.755749, -0.501766, -0.120506
0.446497, -0.788860, -0.468159, 0.076027
0.447003, -0.838604, -0.458431, 0.239849
0.447445, -0.856514, -0.430450, 0.317917
0.447949, -0.880890, -0.320129, 0.364914
0.448453, -0.899696, -0.260639, 0.334091
0.448956, -0.915718, -0.291500, 0.349369
0.449465, -0.950489, -0.351810, 0.296726
0.449965, -0.958004, -0.383205, 0.304089
0.450424, -0.966663, -0.294571, 0.337086
0.450972, -1.042442, -0.215168, 0.236359
0.451474, -1.120300, -0.234127, 0.241146
0.451979, -1.114883, -0.195332, 0.303879
0.452425, -1.030636, -0.152416, 0.322323
0.452928, -0.945969, -0.262489, 0.267506
0.453432, -0.826607, -0.357952, 0.213032
0.453934, -0.740070, -0.459538, 0.252018
0.454452, -0.693226, -0.530815, 0.300827
0.454956, -0.729504, -0.545425, 0.373173
0.455460, -0.852928, -0.495777, 0.383587
0.455997, -0.993481, -0.357265, 0.291557
0.456431, -1.112919, -0.239162, 0.220070
0.457446, -1.295528, -0.100250, 0.085278
0.457850, -1.279297, -0.080490, 0.040989
0.458352, -1.189270, -0.200481, -0.124607
0.458855, -1.032543, -0.299530, 0.045052
0.459375, -0.921059, -0.362720, 0.099010
0.459878, -0.863609, -0.458641, 0.076561
0.460351, -0.809002, -0.563431, 0.136051
0.460861, -0.796623, -0.584774, 0.100899
0.461321, -0.802803, -0.601349, -0.051308
0.461820, -0.798473, -0.566044, -0.061684
0.462325, -0.790520, -0.521545, 0.014343
0.462837, -0.801983, -0.488625, 0.067711
0.463311, -0.824203, -0.491371, 0.170517
0.463800, -0.891171, -0.456429, 0.167980
0.464321, -0.978146, -0.378952, 0.173817
0.464793, -1.072426, -0.257702, 0.070572
0.465298, -1.083126, -0.164471, 0.115280
0.465816, -1.065559, -0.121326, 0.084476
0.466297, -1.051025, -0.177765, -0.032978
0.466793, -0.998154, -0.245209, 0.046692
0.467312, -0.960751, -0.281754, 0.049133
0.467755, -0.916595, -0.374985, 0.060368
0.468252, -0.865841, -0.466118, -0.004501
0.468749, -0.834961, -0.498257, -0.090790
0.469263, -0.805054, -0.508709, -0.086765
0.469740, -0.774593, -0.530167, -0.037994
0.470264, -0.753231, -0.550213, 0.038204
0.470748, -0.752983, -0.562229, 0.080452
0.471238, -0.761013, -0.575066, 0.089607
0.471756, -0.783329, -0.555077, 0.091286
0.472261, -0.804653, -0.494576, 0.059204
0.472778, -0.845757, -0.432472, 0.007095
0.473244, -0.895309, -0.404625, -0.088673
0.473718, -0.939465, -0.334988, -0.091724
0.474210, -0.955124, -0.304413, -0.044708
0.475187, -1.026878, -0.297451, -0.128059
0.475719, -1.040649, -0.267582, -0.088387
0.476220, -1.055660, -0.214882, -0.121136
0.476697, -1.065826, -0.215187, -0.188675
0.477212, -1.048183, -0.235043, -0.216599
0.477673, -1.023388, -0.261803, -0.190601
0.478191, -0.997028, -0.295162, -0.145035
0.478660, -0.980339, -0.337009, -0.120506
0.479182, -0.956135, -0.377827, -0.134487
0.479681, -0.929623, -0.403366, -0.155716
0.480185, -0.908871, -0.418167, -0.152473
0.480689, -0.896816, -0.424595, -0.163994
0.481134, -0.889435, -0.440464, -0.163651
0.481637, -0.876846, -0.458260, -0.120811
0.482141, -0.867634, -0.469608, -0.066242
0.482659, -0.866051, -0.471039, -0.033436
0.483164, -0.860424, -0.480442, -0.024090
0.483623, -0.859947, -0.480556, -0.013466
0.484126, -0.868835, -0.450115, -0.000095
0.484645, -0.874538, -0.435791, 0.001640
0.485132, -0.870018, -0.438042, 0.004482
0.485681, -0.869694, -0.431252, 0.041580
0.486085, -0.878086, -0.422935, 0.071278
0.486631, -0.878658, -0.424519, 0.083160
0.487124, -0.884132, -0.421658, 0.087070
0.487616, -0.895710, -0.400028, 0.083199
0.488110, -0.903473, -0.379009, 0.076122
0.488562, -0.912304, -0.373306, 0.065727
0.489091, -0.919247, -0.366726, 0.080547
0.489658, -0.931244, -0.362587, 0.104389
0.490097, -0.939541, -0.356865, 0.125504
0.490560, -0.946064, -0.356007, 0.125237
0.491061, -0.957470, -0.345249, 0.122280
0.491597, -0.970592, -0.328236, 0.122948
0.492104, -0.985756, -0.316658, 0.113735
0.492577, -1.000862, -0.297222, 0.121536
0.493075, -1.019192, -0.284843, 0.134697
0.493520, -1.037998, -0.263844, 0.156345
0.494041, -1.057968, -0.254078, 0.175247
0.494508, -1.094360, -0.202866, 0.202103
0.495017, -1.145458, -0.129814, 0.225716
0.495512, -1.198254, -0.044174, 0.248318
0.496013, -1.261883, 0.043697, 0.292435
0.496497, -1.317387, 0.112343, 0.327396
0.497020, -1.355591, 0.206966, 0.393600
0.497500, -1.388836, 0.290184, 0.434933
0.498022, -1.354065, 0.297279, 0.375156
0.498500, -1.180916, 0.126495, 0.347195
0.499021, -0.928249, -0.153732, 0.177116
0.499475, -0.824394, -0.356503, 0.188446
0.500018, -0.884800, -0.639591, 0.079842
0.500577, -0.855541, -0.502834, 0.333424
0.501030, -0.830345, -0.552826, 0.290833
0.501505, -0.743160, -1.054039, -0.397854
0.502004, -0.660419, -1.128483, -0.436096
0.502541, -0.836353, -0.919437, -0.213070
0.503505, -1.234608, -0.303268, 0.005875
0.504013, -1.230583, -0.155735, 0.132198
0.504526, -1.211262, 0.091362, 0.399437
0.505050, -1.201134, 0.270042, 0.424461
0.505415, -1.132641, 0.244217, 0.369091
0.505939, -0.986252, -0.127163, -0.025425
0.506501, -0.814056, -0.181904, -0.122051
0.507002, -0.797806, -0.283031, 0.173855
0.507393, -0.961418, -0.273762, 0.480232
0.507905, -1.134796, -0.230350, 0.587368
0.508416, -1.150513, -0.356731, 0.489712
0.508915, -1.092567, -0.333939, 0.379906
0.509906, -1.073246, 0.061569, 0.160770
0.510408, -0.996208, 0.142441, 0.510406
0.510893, -0.928135, 0.234013, 0.558434
0.511379, -0.863419, -0.285225, -0.114937
0.511893, -0.694008, -1.116924, -1.131706
0.512385, -0.434875, -1.246033, -0.244446
0.512839, -0.674820, -1.328945, -0.356884
0.513360, -0.910702, -0.958519, -0.254574
0.513862, -1.039429, -0.676746, -0.192776
0.514370, -1.022224, -0.681152, -0.131264
0.514825, -0.992298, -0.542831, 0.131874
0.515343, -1.018696, -0.200443, 0.368958
0.516322, -0.840435, -0.117569, -0.456295
0.516845, -0.846806, -0.098209, -0.339699
0.517312, -0.799465, -0.186424, -0.472832
0.517809, -0.806580, -0.195866, -0.180359
0.518320, -1.082783, -0.121231, 0.199108
0.518811, -1.200542, -0.027122, 0.294571
0.519319, -1.038628, -0.105896, 0.394077
0.519784, -0.960064, -0.514526, -0.074463
0.520297, -0.871296, -0.665913, -0.515423
0.520795, -0.806179, -0.598526, -0.235634
0.521304, -0.895061, -0.123177, -0.034294
0.521773, -0.976334, -0.322685, -0.595875
0.522295, -0.688572, -0.825348, -0.257015
0.522744, -0.623302, -0.933533, 0.757256
0.523258, -0.823231, -0.876884, 1.082840
0.523761, -0.907364, -0.581017, 0.773468
0.524276, -0.694771, -1.044273, 0.061340
0.524765, -0.566940, -1.237106, -0.116482
0.525267, -0.650330, -0.915260, -0.170307
0.525756, -0.730648, -0.758381, -0.250053
0.526231, -0.780048, -0.554810, -0.125427
0.526740, -1.007862, -0.236759, 0.225735
0.527249, -1.353817, -0.015526, -0.104713
0.527752, -1.264477, -0.168419, -0.594425
0.528214, -0.936947, -0.298538, -0.483036
0.528734, -0.784435, -0.265884, -0.195522
0.529712, -0.978203, 0.124016, -0.054054
0.530181, -0.978851, -0.071907, 0.002365
0.530689, -0.903091, -0.394688, -0.089645
0.531199, -0.860577, -0.475330, -0.295849
0.531700, -0.853672, -0.514603, -0.048885
0.532689, -0.906029, -0.480461, -0.046883
0.533151, -0.806980, -0.707684, 0.025864
0.534143, -0.866661, -0.267830, 0.819359
0.534643, -1.075592, -0.052223, 0.368614
0.535131, -1.033440, -0.052471, -0.337677
0.535622, -0.805550, -0.255985, -0.476322
0.536127, -0.652256, -0.370674, -0.789204
0.536613, -0.751095, -0.354538, -0.348759
0.537133, -0.900211, -0.391808, 0.108089
0.537622, -0.756149, -1.213284, 0.170822
0.538110, -0.572491, -1.696758, -0.167389
0.539630, -1.000824, -0.684376, 0.065155
0.540582, -0.957584, -0.134449, -0.014515
0.541115, -1.059608, 0.335941, 0.118694
0.541593, -1.131077, 0.471478, 0.079403
0.542082, -1.018562, 0.116711, -0.357037
0.542581, -0.698948, -0.223389, -0.503273
0.543074, -0.512867, -0.837593, -0.462837
0.543554, -0.456238, -0.944309, -0.314293
0.544043, -0.447865, -1.247234, -0.238533
0.544558, -0.510216, -1.610355, -0.327530
0.545034, -0.647640, -1.438885, -0.294933
0.545534, -0.857487, -1.061840, -0.167408
0.546043, -1.035442, -0.585861, 0.075932
0.546555, -1.126404, -0.164700, 0.277061
0.547043, -1.115570, -0.101051, 0.432014
0.547533, -1.000633, 0.109768, 0.489559
0.548067, -0.903416, 0.152264, 0.197353
0.548590, -0.799770, -0.268993, -0.008526
0.549111, -0.753059, -0.305080, 0.114594
0.549569, -0.889130, -0.171413, 0.039597
0.550085, -0.995083, 0.005798, 0.245934
0.550557, -0.921955, 0.154114, 0.313549
0.551075, -0.721283, -0.711117, 0.028324
0.551581, -0.610542, -1.155071, 0.138474
0.552086, -0.739231, -0.580616, 0.552120
0.552467, -0.912819, -0.305481, 0.548935
0.552985, -0.899029, -0.656967, 0.067883
0.553489, -0.743828, -1.039886, -0.397148
0.554473, -0.546207, -1.009521, -0.041580
0.554994, -0.659313, -1.076813, -0.091057
0.555461, -0.704288, -1.056652, 0.008011
0.555967, -0.783005, -0.636902, 0.110188
0.556440, -0.857315, -0.559559, -0.071297
0.556959, -0.805664, -0.644817, -0.206909
0.557447, -0.774002, -0.623665, -0.591526
0.557959, -0.706997, -0.691528, -0.621548
0.558454, -0.718307, -0.448952, -0.373898
0.558932, -0.773811, -0.548286, -0.034790
0.559511, -0.785694, -0.821571, 0.278530
0.559919, -0.740433, -0.886345, 0.470505
0.560411, -0.798016, -0.650616, 0.496941
0.560908, -0.934772, -0.616570, 0.095901
0.561382, -0.933552, -0.561028, -0.336990
0.561901, -0.852203, -0.285244, -0.098438
0.562399, -0.889053, -0.107803, 0.016022
0.562892, -0.878639, -0.206909, 0.136967
0.563364, -0.817280, -0.265388, 0.316105
0.563860, -0.762997, -0.076485, 0.385857
0.564406, -0.751629, -0.264778, 0.207348
0.564898, -0.775700, -0.571423, -0.128326
0.565376, -0.699234, -0.666218, -0.298309
0.565845, -0.586414, -0.881100, -0.029449
0.566372, -0.584412, -1.109657, 0.087967
0.566837, -0.646420, -1.144657, 0.153389
0.567366, -0.749664, -0.980911, 0.419884
0.567826, -0.857372, -0.685577, 0.656395
0.568351, -0.954876, -0.475044, 0.347443
0.568823, -0.893497, -0.464783, -0.240269
0.569328, -0.748348, -0.381317, -0.336647
0.569811, -0.714760, -0.532150, -0.265083
0.570307, -0.720196, -0.551033, -0.037117
0.570809, -0.729313, -0.504532, 0.192566
0.571310, -0.776768, -0.568867, 0.285130
0.571811, -0.795155, -0.803967, 0.081902
0.572281, -0.767078, -0.733337, -0.076447
0.572808, -0.761929, -0.847530, -0.214634
0.573313, -0.719128, -0.871754, -0.174351
0.573819, -0.717659, -0.802078, -0.041847
0.574277, -0.781937, -0.794334, 0.053806
0.574809, -0.809879, -0.773335, 0.198288
0.575304, -0.815811, -0.734768, 0.278835
0.575786, -0.828438, -0.710773, 0.191193
0.576296, -0.810013, -0.681725, -0.007439
0.576750, -0.778770, -0.575352, -0.106773
0.577265, -0.780640, -0.577946, -0.098515
0.577767, -0.793285, -0.570679, 0.009823
0.578222, -0.790577, -0.629368, 0.134525
0.578727, -0.787010, -0.713005, 0.248756
0.579243, -0.813560, -0.713978, 0.223923
0.579749, -0.842495, -0.748920, 0.121040
0.580219, -0.873566, -0.833759, 0.007401
0.580746, -0.910892, -0.889797, -0.043736
0.581196, -0.949192, -0.946579, -0.015030
0.581718, -0.985165, -1.026382, 0.033722
0.582217, -1.008549, -1.045532, 0.090275
0.583209, -1.034222, -1.052799, 0.178547
0.583713, -1.039181, -1.034565, 0.129852
0.584217, -1.044540, -1.015568, 0.038567
0.584662, -1.052322, -0.998325, 0.002155
0.585185, -1.057281, -0.981426, 0.024776
0.585708, -1.068516, -0.982971, 0.065804
0.586705, -1.076527, -1.005955, 0.142822
0.587225, -1.081047, -0.971527, 0.133495
0.587653, -1.085014, -0.967045, 0.091095
0.588157, -1.082630, -0.968685, 0.071526
0.588660, -1.084862, -0.948639, 0.100155
0.589164, -1.083183, -0.940247, 0.122929
0.589667, -1.080360, -0.944576, 0.127258
0.590112, -1.080265, -0.934639, 0.131989
0.590616, -1.075134, -0.908413, 0.144291
0.591120, -1.073208, -0.893173, 0.139828
0.591623, -1.068993, -0.895786, 0.118217
0.592127, -1.066418, -0.877514, 0.103111
0.592630, -1.067677, -0.857944, 0.118103
0.593134, -1.060944, -0.853043, 0.137386
0.593634, -1.056747, -0.850506, 0.140934
0.594126, -1.049366, -0.835094, 0.146790
0.594618, -1.042309, -0.814476, 0.143814
0.595105, -1.033688, -0.801048, 0.120068
0.595609, -1.026154, -0.791016, 0.102844
0.596141, -1.016941, -0.769730, 0.109119
0.596646, -1.009521, -0.748272, 0.100861
0.597149, -1.000481, -0.739346, 0.070343
0.597653, -0.990772, -0.733585, 0.053673
0.598133, -0.981140, -0.718670, 0.059452
0.598532, -0.972099, -0.712490, 0.059528
0.599035, -0.955982, -0.714722, 0.050869
0.599545, -0.943508, -0.715580, 0.051079
0.600047, -0.935650, -0.707397, 0.053310
0.600615, -0.926647, -0.701675, 0.042419
0.601023, -0.923386, -0.690899, 0.018978
0.601514, -0.914726, -0.679951, 0.003014
0.602009, -0.906124, -0.660973, 0.001984
0.602499, -0.902214, -0.654392, -0.003490
0.602996, -0.898285, -0.650024, -0.005341
0.603488, -0.890350, -0.638008, 0.009460
0.604036, -0.880508, -0.621014, 0.017300
0.604512, -0.873165, -0.614033, 0.009174
0.604999, -0.862255, -0.600204, 0.000515
0.605481, -0.851326, -0.584450, 0.004311
0.606009, -0.844116, -0.568027, 0.008774
0.606507, -0.833454, -0.555191, 0.010300
0.606992, -0.824585, -0.543842, 0.019016
0.607488, -0.819187, -0.533009, 0.028877
0.607977, -0.810089, -0.526257, 0.032196
0.608460, -0.799751, -0.525360, 0.026398
0.608956, -0.788918, -0.526505, 0.026436
0.609446, -0.780029, -0.519238, 0.038757
0.609972, -0.768528, -0.513821, 0.050888
0.610449, -0.758266, -0.512486, 0.060425
0.610962, -0.757122, -0.508900, 0.068684
0.611431, -0.751839, -0.503407, 0.071945
0.611944, -0.746117, -0.504456, 0.073814
0.612422, -0.741196, -0.503674, 0.060806
0.612905, -0.736561, -0.501709, 0.057468
0.613400, -0.731125, -0.499916, 0.057716
0.613920, -0.727768, -0.499611, 0.055046
0.614401, -0.719547, -0.500946, 0.061798
0.614881, -0.717125, -0.505409, 0.068340
0.615376, -0.712318, -0.504875, 0.063992
0.615954, -0.705547, -0.507793, 0.056686
0.616407, -0.697689, -0.510006, 0.048409
0.616912, -0.693665, -0.509167, 0.045700
0.617356, -0.685863, -0.512257, 0.038719
0.617862, -0.676537, -0.515099, 0.028572
0.618365, -0.669880, -0.507965, 0.020695
0.618852, -0.666485, -0.507259, 0.015945
0.619371, -0.663929, -0.508232, 0.011883
0.619875, -0.659218, -0.509510, 0.015602
0.620378, -0.652828, -0.510674, 0.020409
0.620854, -0.648460, -0.506992, 0.017700
0.621326, -0.642834, -0.504475, 0.006409
0.621862, -0.637207, -0.498772, -0.002556
0.622319, -0.636940, -0.492649, -0.009689
0.622822, -0.631332, -0.495338, -0.013409
0.623305, -0.630646, -0.492630, -0.021229
0.623805, -0.624084, -0.490322, -0.024910
0.624322, -0.625267, -0.489635, -0.024624
0.625332, -0.621490, -0.493679, -0.028515
0.626032, -0.618172, -0.494251, -0.037365
0.626416, -0.614834, -0.491867, -0.038452
0.626771, -0.615311, -0.489941, -0.043011
0.627277, -0.612087, -0.490360, -0.051384
0.627796, -0.612526, -0.486355, -0.059223
0.628304, -0.615959, -0.477219, -0.063095
0.628806, -0.612049, -0.470257, -0.068092
0.629255, -0.609512, -0.459557, -0.071163
0.629852, -0.606213, -0.453720, -0.072937
0.630270, -0.602016, -0.450058, -0.070591
0.630755, -0.596428, -0.449963, -0.072136
0.631269, -0.591335, -0.446510, -0.074272
0.631726, -0.584507, -0.440960, -0.075436
0.633250, -0.563507, -0.408421, -0.092754
0.633712, -0.562668, -0.400925, -0.092449
0.634245, -0.562954, -0.386486, -0.093517
0.634703, -0.563774, -0.380001, -0.094013
0.635240, -0.567131, -0.374527, -0.087948
0.635741, -0.573120, -0.363464, -0.079880
0.636231, -0.582142, -0.355968, -0.074081
0.636719, -0.587902, -0.344448, -0.076580
0.637194, -0.590458, -0.330639, -0.068779
0.637684, -0.594196, -0.319004, -0.062256
0.638207, -0.597553, -0.306339, -0.059948
0.638681, -0.600872, -0.295467, -0.053902
0.639189, -0.606174, -0.287266, -0.052891
0.639657, -0.604172, -0.280819, -0.050373
0.640173, -0.608597, -0.268116, -0.048943
0.640644, -0.609436, -0.257225, -0.048466
0.641185, -0.610542, -0.252876, -0.046883
0.641683, -0.610523, -0.252647, -0.044460
0.642218, -0.613155, -0.249825, -0.041561
0.642692, -0.611649, -0.251503, -0.038223
0.643223, -0.608673, -0.251102, -0.036697
0.643614, -0.608330, -0.250454, -0.036736
0.644109, -0.610256, -0.253468, -0.035362
0.644613, -0.613003, -0.250359, -0.029297
0.645113, -0.617027, -0.248947, -0.024853
0.645609, -0.617390, -0.252647, -0.016460
0.646200, -0.621796, -0.253468, -0.010643
0.646586, -0.624161, -0.254726, -0.006275
0.647090, -0.625744, -0.256500, -0.003624
0.647594, -0.628014, -0.258827, 0.002327
0.648101, -0.637951, -0.252972, 0.007420
0.648601, -0.638924, -0.252495, 0.011673
0.649105, -0.644455, -0.256615, 0.016651
0.649609, -0.646420, -0.261822, 0.019321
0.650055, -0.649376, -0.269909, 0.024357
0.650557, -0.647392, -0.280075, 0.034428
0.651062, -0.651855, -0.292969, 0.043716
0.651564, -0.654335, -0.305290, 0.045280
0.652067, -0.658684, -0.319424, 0.049667
0.652572, -0.665627, -0.330753, 0.058422
0.653075, -0.671329, -0.344143, 0.067444
0.653520, -0.676174, -0.356636, 0.069389
0.654025, -0.678616, -0.370426, 0.071392
0.654527, -0.686378, -0.381565, 0.073509
0.655031, -0.688877, -0.388584, 0.072117
0.655534, -0.693760, -0.396004, 0.077019
0.656086, -0.699711, -0.409088, 0.082970
0.656541, -0.704632, -0.416851, 0.086613
0.656987, -0.709572, -0.426788, 0.093079
0.657491, -0.714188, -0.432472, 0.093288
0.657994, -0.720387, -0.439625, 0.093288
0.658502, -0.727253, -0.452747, 0.098000
0.659001, -0.725365, -0.458431, 0.100708
0.659507, -0.734005, -0.459270, 0.102673
0.660008, -0.739002, -0.465050, 0.101891
0.660499, -0.738163, -0.468979, 0.106640
0.660984, -0.742531, -0.473614, 0.112228
0.661473, -0.744820, -0.476360, 0.113449
0.661965, -0.750427, -0.475101, 0.115833
0.662454, -0.753117, -0.475979, 0.119896
0.662957, -0.755386, -0.478287, 0.123138
0.663462, -0.759029, -0.476246, 0.125427
0.663969, -0.761757, -0.478954, 0.132179
0.664468, -0.768490, -0.479374, 0.136547
0.664914, -0.771294, -0.478230, 0.136013
0.665415, -0.771637, -0.473518, 0.131798
0.665948, -0.771866, -0.470657, 0.129833
0.666407, -0.778332, -0.468216, 0.131931
0.666926, -0.780087, -0.472412, 0.134678
0.667392, -0.780716, -0.474243, 0.138721
0.667910, -0.787792, -0.476437, 0.140476
0.668393, -0.790615, -0.483112, 0.136623
0.668892, -0.790539, -0.482941, 0.132408
0.669387, -0.791683, -0.483932, 0.126457
0.669876, -0.795727, -0.484276, 0.116901
0.670401, -0.795174, -0.488529, 0.109425
0.670857, -0.804024, -0.490685, 0.105553
0.671381, -0.808125, -0.494995, 0.100937
0.671882, -0.810204, -0.497379, 0.096798
0.672379, -0.812893, -0.504341, 0.089359
0.672854, -0.814552, -0.505543, 0.081787
0.673358, -0.816841, -0.501919, 0.071316
0.673860, -0.821400, -0.499649, 0.062218
0.674363, -0.823784, -0.498047, 0.058155
0.674866, -0.829945, -0.500336, 0.054169
0.675845, -0.831814, -0.502434, 0.046730
0.676320, -0.836964, -0.504227, 0.039062
0.676833, -0.837002, -0.505543, 0.023670
0.677295, -0.839310, -0.506458, 0.012798
0.677796, -0.841942, -0.510139, 0.005207
0.678301, -0.840816, -0.515671, 0.006046
0.678804, -0.839024, -0.519886, -0.001621
0.679300, -0.842400, -0.521374, -0.009670
0.679806, -0.840893, -0.526791, -0.015831
0.680305, -0.838051, -0.525761, -0.025425
0.680810, -0.836620, -0.524921, -0.029583
0.681270, -0.839119, -0.524216, -0.034447
0.681800, -0.838337, -0.516815, -0.045052
0.682285, -0.837326, -0.543022, -0.042896
0.682765, -0.839100, -0.553856, -0.023670
0.683252, -0.840073, -0.535831, -0.009308
0.683732, -0.844212, -0.531769, -0.026112
0.684266, -0.844078, -0.534534, -0.041866
0.684748, -0.843182, -0.523491, -0.051003
0.685237, -0.851250, -0.534649, -0.053158
0.685745, -0.849075, -0.550137, -0.044308
0.686290, -0.852432, -0.542240, -0.027790
0.686719, -0.854702, -0.523682, -0.027866
0.687216, -0.856190, -0.527859, -0.052967
0.687710, -0.855274, -0.534058, -0.061455
0.688212, -0.849895, -0.539742, -0.053558
0.688704, -0.849953, -0.522881, -0.058079
0.689203, -0.851460, -0.555305, -0.060520
0.689704, -0.847530, -0.574894, -0.020714
0.690725, -0.851612, -0.539093, -0.048790
0.691218, -0.851479, -0.564060, -0.054302
0.691701, -0.850124, -0.546398, -0.038147
0.692172, -0.852108, -0.549698, -0.036430
0.692653, -0.848999, -0.552387, -0.048313
0.693150, -0.847759, -0.538235, -0.052319
0.693852, -0.849304, -0.542164, -0.045662
0.694176, -0.842705, -0.589943, -0.023823
0.694645, -0.843925, -0.589771, 0.009842
0.695141, -0.841198, -0.545692, -0.019226
0.695653, -0.836983, -0.548153, -0.077190
0.696121, -0.839481, -0.561562, -0.072060
0.696645, -0.835171, -0.581150, -0.012569
0.697631, -0.831051, -0.554924, -0.009289
0.698101, -0.833225, -0.585251, -0.044594
0.698632, -0.822849, -0.582218, -0.008926
0.699137, -0.822659, -0.531731, -0.006428
0.699625, -0.825748, -0.575657, -0.038681
0.700090, -0.819092, -0.625839, -0.003719
0.700584, -0.816784, -0.585861, 0.046120
0.701090, -0.820675, -0.579967, 0.031452
0.701564, -0.821972, -0.601006, -0.000019
0.702570, -0.814629, -0.584393, 0.018330
0.703060, -0.809669, -0.602341, 0.016251
0.703589, -0.815105, -0.592480, 0.023670
0.704082, -0.811234, -0.599117, 0.042381
0.704556, -0.806141, -0.610580, 0.067520
0.705080, -0.817089, -0.589066, 0.070992
0.705547, -0.817719, -0.601788, 0.057335
0.706068, -0.809593, -0.616398, 0.048561
0.706549, -0.815258, -0.599251, 0.055599
0.707027, -0.813465, -0.595951, 0.059357
0.707550, -0.811024, -0.616627, 0.063000
0.708018, -0.809917, -0.620937, 0.081062
0.708543, -0.808029, -0.613575, 0.095615
0.709029, -0.800514, -0.620804, 0.080891
0.709993, -0.805149, -0.618668, 0.049171
0.710492, -0.800095, -0.625706, 0.069523
0.711028, -0.794640, -0.631523, 0.081654
0.711496, -0.791264, -0.642147, 0.080261
0.712008, -0.789165, -0.648079, 0.083923
0.712513, -0.790596, -0.638046, 0.082283
0.712962, -0.792370, -0.631256, 0.062428
0.713492, -0.786438, -0.641537, 0.051556
0.713954, -0.785770, -0.644016, 0.065269
0.714489, -0.784702, -0.635052, 0.082970
0.714944, -0.779171, -0.636368, 0.085316
0.715449, -0.781956, -0.629330, 0.075378
0.716013, -0.777817, -0.616322, 0.069447
0.716976, -0.776062, -0.605927, 0.055180
0.717433, -0.773449, -0.600338, 0.060406
0.717954, -0.771408, -0.589809, 0.077648
0.718456, -0.767174, -0.585613, 0.079765
0.719405, -0.764828, -0.570660, 0.053940
0.719924, -0.762787, -0.565910, 0.047836
0.720444, -0.760422, -0.557842, 0.047874
0.721390, -0.753784, -0.561886, 0.059223
0.721911, -0.749874, -0.557213, 0.075417
0.722374, -0.747776, -0.554314, 0.075359
0.722887, -0.746117, -0.552654, 0.062332
0.723402, -0.743065, -0.540142, 0.058174
0.723905, -0.742321, -0.526505, 0.062866
0.724394, -0.742302, -0.525341, 0.066891
0.724898, -0.742226, -0.525436, 0.079823
0.725343, -0.742493, -0.520191, 0.093231
0.725852, -0.742836, -0.506306, 0.093212
0.726340, -0.744762, -0.489082, 0.082588
0.726849, -0.747128, -0.474033, 0.077248
0.727357, -0.745487, -0.458145, 0.079384
0.727856, -0.746784, -0.452385, 0.092602
0.728346, -0.748653, -0.448246, 0.104542
0.728842, -0.754356, -0.438671, 0.111027
0.729342, -0.753517, -0.429783, 0.111027
0.729846, -0.753937, -0.416355, 0.105267
0.730350, -0.761070, -0.398369, 0.099831
0.730792, -0.763893, -0.392399, 0.107365
0.731301, -0.768509, -0.387554, 0.120392
0.731801, -0.771732, -0.384750, 0.138836
0.732308, -0.777493, -0.383396, 0.148792
0.732809, -0.779228, -0.383816, 0.163670
0.733312, -0.778446, -0.369530, 0.171413
0.733816, -0.780582, -0.354729, 0.144768
0.734320, -0.786610, -0.373211, 0.104885
0.734822, -0.783348, -0.396080, 0.125866
0.735292, -0.783043, -0.381775, 0.171356
0.735800, -0.787220, -0.374508, 0.186367
0.736282, -0.796719, -0.378284, 0.188351
0.736788, -0.802135, -0.367928, 0.194244
0.737292, -0.800667, -0.360279, 0.179024
0.737815, -0.805893, -0.377140, 0.149117
0.738352, -0.807972, -0.381298, 0.144291
0.738719, -0.804920, -0.370960, 0.168419
0.739224, -0.805664, -0.363598, 0.185223
0.739802, -0.808220, -0.367966, 0.185795
0.740230, -0.806179, -0.383778, 0.191765
0.740710, -0.804844, -0.387840, 0.202808
0.741207, -0.812340, -0.376472, 0.189209
0.741737, -0.813446, -0.372944, 0.174007
0.742196, -0.811157, -0.385265, 0.178471
0.742694, -0.824165, -0.415421, 0.206280
0.743223, -0.841465, -0.415859, 0.227890
0.743691, -0.844498, -0.414009, 0.224648
0.744207, -0.848236, -0.420055, 0.220928
0.744671, -0.853920, -0.425224, 0.209465
0.745186, -0.850220, -0.421104, 0.226364
0.745664, -0.851746, -0.438938, 0.225906
0.746170, -0.855637, -0.465431, 0.215950
0.746664, -0.856400, -0.474434, 0.220604
0.747146, -0.854912, -0.462112, 0.228806
0.747637, -0.861206, -0.451527, 0.238972
0.748170, -0.872803, -0.473843, 0.235462
0.748648, -0.882072, -0.493927, 0.228825
0.749129, -0.883865, -0.521297, 0.226059
0.749623, -0.886211, -0.524273, 0.248642
0.750141, -0.896626, -0.521545, 0.252800
0.750620, -0.900860, -0.531921, 0.244102
0.751147, -1.101971, -0.869427, 0.151901
0.751634, -2.506561, -5.043812, -1.081676
0.752125, -2.693386, -4.021702, -0.680218
0.752607, -2.301960, -0.451450, 1.353245
0.753105, -2.100906, -0.887718, 1.713085
0.753608, -1.831799, -0.429840, 1.007557
0.754098, -1.438141, -0.906639, 0.353489
0.754615, -0.972996, -0.899715, 0.177326
0.755076, -0.836220, -0.331821, -0.205841
0.755579, -0.833988, -0.274982, -0.058079
0.756112, -0.999279, -0.247250, 0.102329
0.756556, -1.248837, -0.240059, 0.429974
0.757060, -1.180592, -0.227776, 0.849304
0.757594, -0.850620, -0.259895, 0.917282
0.758053, -0.624428, -0.120049, 0.516872
0.759061, -0.622234, -0.307255, -0.498562
0.759549, -0.634613, -0.221119, -0.251179
0.760039, -0.697975, -0.257893, 0.457554
0.760635, -0.821648, -0.459805, 0.511684
0.761021, -1.009293, -0.457439, 0.362778
0.761524, -1.218052, -0.393124, 0.095787
0.762021, -1.271076, -0.445423, 0.055599
0.762567, -1.277981, -0.206852, 0.049343
0.763020, -1.078606, -0.280647, 0.121574
0.763506, -0.840607, -0.404701, 0.221252
0.764060, -0.714092, -0.434132, 0.347710
0.765142, -0.650291, -0.548096, 0.397930
0.765728, -0.657387, -0.584126, 0.283756
0.766088, -0.694942, -0.437298, 0.197392
0.766503, -0.846195, -0.260963, -0.102940
0.766959, -1.105747, -0.409622, -0.507469
0.767469, -1.334991, -0.589142, -0.299053
0.767980, -1.412392, -0.234909, 0.147839
0.768441, -1.358471, -0.223713, 0.521755
0.768941, -1.297779, -0.235519, 0.519581
0.769972, -0.973492, -0.422535, 0.161152
0.770468, -0.835190, -0.431385, 0.041180
0.770971, -0.752640, -0.525265, -0.185165
0.771446, -0.677280, -0.596180, -0.190811
0.771920, -0.618305, -0.571785, -0.042992
0.772423, -0.640621, -0.643120, -0.012531
0.772923, -0.698757, -0.673981, -0.010071
0.773401, -0.769711, -0.600510, 0.051842
0.773920, -0.837631, -0.540581, 0.030556
0.774424, -0.864754, -0.480919, 0.145035
0.774928, -0.890446, -0.439911, 0.135460
0.775389, -0.874233, -0.477676, 0.235710
0.775929, -0.803661, -0.441456, 0.348644
0.776866, -0.626125, -0.563354, 0.199203
0.777378, -0.577660, -0.515175, 0.058937
0.777886, -0.575294, -0.470982, 0.016022
0.778345, -0.684834, -0.463276, -0.099106
0.778868, -0.797424, -0.457516, -0.094490
0.779347, -0.915165, -0.507717, -0.108700
0.779885, -0.919914, -0.517159, -0.029259
0.780417, -0.925293, -0.455074, 0.234127
0.780887, -0.986156, -0.399952, 0.051403
0.781406, -1.027298, -0.380821, 0.086899
0.781866, -1.174145, -0.294971, 0.030098
0.782368, -1.294594, -0.349407, 0.077953
0.782885, -1.299057, -0.296230, -0.082722
0.783387, -1.131344, -0.229321, 0.059910
0.783894, -0.975113, -0.313816, 0.300674
0.784398, -0.900230, -0.400028, 0.373631
0.784868, -0.850315, -0.438290, 0.377789
0.785283, -0.771141, -0.474682, 0.253315
0.785786, -0.695210, -0.465374, 0.300255
0.786350, -0.733852, -0.454998, 0.165844
0.787268, -0.840149, -0.437050, -0.096722
0.787772, -0.872765, -0.458336, -0.100346
0.788276, -0.855885, -0.517139, 0.053101
0.788780, -0.894108, -0.444984, 0.124531
0.789255, -0.911140, -0.412502, 0.179653
0.789787, -0.920715, -0.423317, 0.339050
0.790762, -0.912895, -0.256844, 0.435543
0.791268, -0.890770, -0.332165, 0.320435
0.791772, -0.867367, -0.403919, 0.216198
0.792216, -0.858421, -0.360050, 0.180912
0.792720, -0.829697, -0.350513, -0.080795
0.793224, -0.792599, -0.423431, -0.167217
0.793723, -0.828876, -0.576267, -0.209236
0.794211, -0.861340, -0.604210, -0.283794
0.794709, -0.856552, -0.560703, -0.008945
0.795195, -0.946140, -0.519333, 0.075340
0.795685, -1.006355, -0.473061, 0.278320
0.796216, -1.018486, -0.378513, 0.484581
0.796721, -1.006966, -0.301666, 0.465927
0.797223, -0.959091, -0.267010, 0.440311
0.797669, -0.968227, -0.217648, 0.255966
0.798172, -1.106186, -0.264206, -0.271740
0.798676, -1.188278, -0.348473, -0.722733
0.799180, -1.148472, -0.245266, -0.299225
0.799684, -1.082268, -0.226021, 0.114193
0.800191, -1.024017, -0.275822, 0.283356
0.800692, -0.919533, -0.348473, 0.479126
0.801136, -0.828743, -0.407410, 0.876160
0.801638, -0.811520, -0.330963, 0.807934
0.802144, -0.817547, -0.464191, -0.011539
0.802621, -0.713348, -0.615082, -0.306187
0.803133, -0.670891, -0.509129, 0.267353
0.803638, -0.776901, -0.226784, 0.511074
0.804143, -0.942001, -0.222702, 0.195465
0.804641, -1.070614, -0.448112, -0.408955
0.805133, -1.003895, -0.465641, -0.303879
0.805595, -1.021042, -0.479927, -0.248299
0.806127, -0.975018, -0.389709, -0.215302
0.806630, -0.897312, -0.325680, 0.231380
0.807119, -0.929565, -0.333252, 0.633469
0.807589, -0.950356, -0.431881, 0.663166
0.808072, -0.922413, -0.412369, 0.766659
0.808584, -0.913277, -0.348148, 0.826588
0.809070, -0.899982, -0.097389, 0.902786
0.809560, -0.976295, -0.089188, 0.172787
0.810067, -1.007633, -0.104713, -0.474167
0.811082, -1.116009, -0.314312, -0.292511
0.811539, -1.218452, -0.117149, 0.282612
0.812053, -1.243896, 0.056343, 0.595417
0.812527, -1.268635, 0.057907, 0.614891
0.813049, -1.307354, -0.024738, 0.488434
0.813551, -1.272678, 0.134315, 0.190983
0.814068, -1.107674, 0.287342, 0.871010
0.814550, -0.943413, 0.753098, 1.379452
0.815013, -0.766602, 0.147362, 0.688267
0.815519, -0.478802, -1.387711, -1.195145
0.816069, -0.356712, -1.981716, -0.931435
0.816510, -0.777225, -1.407108, -0.208035
0.817001, -1.108341, -0.488396, 0.176659
0.817504, -1.147060, -0.420036, 0.100498
0.817987, -1.074238, -0.710392, -0.020771
0.818514, -1.064949, -0.832443, -0.228767
0.818987, -1.071739, -0.366478, 0.171776
0.819491, -1.107597, -0.032635, 0.769558
0.819980, -1.141338, 0.572529, 1.321182
0.820485, -1.255875, 1.123657, 0.965919
0.820956, -1.336155, 0.167141, -1.470108
0.821445, -0.862427, -0.307350, -0.560360
0.821993, -1.004257, 0.815468, 1.335773
0.822437, -1.247387, 1.725254, 1.261826
0.822950, -1.067829, 1.359978, 0.562840
0.823462, -0.799942, -1.229153, -0.942688
0.823937, -0.441132, -1.632900, -0.046329
0.824469, -0.765743, -1.683083, 0.171642
0.824933, -0.931320, -1.632423, -0.119553
0.825438, -1.014442, -1.819992, -0.983963
0.826009, -0.870380, -1.945953, -1.346645
0.826456, -0.807972, -1.241817, -0.225105
0.826950, -1.096935, -0.723724, 0.309887
0.827430, -1.184769, -0.472412, 0.627518
0.827905, -1.157627, -0.470352, 0.694256
0.828435, -0.880566, -0.301380, 0.685310
0.828904, -0.665245, 0.116596, 0.727196
0.829740, -0.762367, 0.444927, 1.009769
0.829973, -1.034660, 1.056366, 1.129189
0.831022, -1.120110, -0.276623, -1.219711
0.832086, -1.048031, 0.153313, 0.842190
0.832544, -1.191845, -0.011444, 0.386658
0.833032, -1.026611, -0.727997, 0.508957
0.833621, -1.013756, -0.798721, 0.799370
0.834081, -1.114902, -0.280762, 0.721607
0.834336, -0.968227, 0.366173, 0.904179
0.834839, -0.959549, 0.285320, 0.265408
0.835359, -0.927734, -1.113644, -1.142960
0.835818, -0.512867, -0.900574, 0.632801
0.836322, -0.473270, 0.533924, 2.265682
0.836811, -0.894909, 0.822525, 1.514072
0.837337, -1.103573, 0.231018, -0.326843
0.837827, -1.245461, -0.427952, -0.740337
0.838312, -1.627636, -2.497959, -4.448357
0.838779, -0.823040, -1.654015, -1.637955
0.839289, -0.819492, 0.461941, 2.195816
0.839810, -1.445751, 1.662807, 2.862968
0.840803, -0.926266, -2.229767, -0.897503
0.841263, -0.773849, -1.129017, 0.654202
0.841775, -1.110954, 0.231190, -0.105915
0.842285, -1.024837, 0.241051, -1.323223
0.842743, -0.874805, -0.135956, -1.435146
0.843262, -0.951519, 0.303574, 0.967083
0.843765, -1.188622, 1.614075, 2.137089
0.844269, -0.974636, 0.037193, 0.767879
0.844766, -0.851383, -2.039299, -1.816730
0.845219, -0.524254, -1.125221, 0.731812
0.845720, -1.205311, -0.740242, -0.647697
0.846734, -0.732212, 0.240917, 1.327209
0.847255, -1.446705, 1.144352, 1.250744
0.847712, -1.487522, -0.811405, -0.885296
0.848200, -0.995865, -0.704823, -1.229210
0.848704, -0.917816, -0.978851, -0.568104
0.849196, -1.096344, -0.176201, -0.349045
0.849728, -0.995674, 0.685577, 1.236477
0.850202, -0.956268, -0.661678, -0.955086
0.850704, -0.435219, -1.507683, -0.270805
0.851194, -0.685501, 1.360893, 3.407402
0.851697, -1.469860, 1.834202, 0.658588
0.852187, -0.995274, -0.805340, -2.314777
0.852691, -0.521679, -1.069393, -0.951061
0.853194, -0.954113, -0.157776, 0.137711
0.853642, -1.032200, -0.422516, -0.123386
0.854143, -0.646610, -1.268616, -0.372753
0.854647, -0.853481, -2.251720, -1.473942
0.855180, -1.174221, -1.786098, -1.629181
0.855625, -1.009064, -0.736179, 0.199413
0.856616, -0.952606, -1.004963, -1.657867
0.857121, -0.978374, 0.169430, -0.191650
0.857625, -1.192913, 1.751556, 1.181564
0.858130, -0.927868, 1.148453, 0.884762
0.858631, -0.776253, -1.352291, -1.438751
0.859135, -0.411167, -1.196747, -2.147713
0.859639, -0.544033, 0.082474, -0.011654
0.860129, -0.913162, 0.359230, 0.073452
0.860617, -1.057453, 0.285835, -0.272026
0.861099, -0.951118, 0.207157, 0.070915
0.861578, -0.750294, -0.458012, 0.925846
0.862068, -0.819836, -0.773029, -0.249920
0.862574, -0.446224, 0.342636, 1.031418
0.863106, -0.019512, 1.569672, 2.368374
0.863550, -0.760708, 0.904579, -0.542202
0.864056, -1.430454, -4.876156, -6.457596
0.864572, -0.507011, -3.632717, -3.014793
0.865071, -0.491982, -1.784000, -0.479794
0.865538, -0.935192, -0.516338, 0.617371
0.866044, -1.219425, -0.590458, 0.998268
0.866532, -1.161594, -1.550999, 0.645351
0.867032, -0.947075, -1.253090, 0.312462
0.867536, -1.007576, 0.905685, 0.830612
0.868054, -0.965042, 1.679955, 0.287495
0.868504, -1.005402, 0.321541, -2.987099
0.869018, -0.295868, -0.913811, -3.122787
0.869526, -0.241528, -0.614929, -0.345592
0.870026, -0.652332, -0.684299, 0.252419
0.870995, -0.915031, -1.234303, 0.966187
0.871521, -0.980301, -0.878410, 0.947037
0.871983, -1.036339, -0.730381, -0.166988
0.872500, -0.850334, -0.577259, -1.260853
0.873003, -0.717163, -0.126877, -1.134720
0.873506, -0.861759, 0.298920, -0.244122
0.874453, -0.622311, -0.854282, -0.405006
0.874962, -0.644989, -1.019230, 0.189476
0.875458, -0.683441, -1.085644, 0.314007
0.875974, -0.818367, -0.479813, 0.425148
0.876473, -1.131821, 0.197067, 0.277767
0.876963, -1.201668, 0.654545, -0.159550
0.877452, -0.909920, -0.486908, -0.677814
0.877945, -0.675163, -1.223717, -1.284924
0.878455, -0.688477, -0.698948, -0.973110
0.879002, -0.791130, 0.048256, -0.366898
0.879446, -0.845680, 0.481720, -0.166569
0.879954, -0.815868, -0.251713, -0.137978
0.880394, -0.551090, -1.457729, 0.149326
0.880955, -0.534744, -1.408672, -0.436726
0.881385, -0.810642, -1.301498, -0.470409
0.881900, -0.832653, -1.181297, -0.051136
0.882408, -0.877800, -0.679207, -0.307446
0.883376, -0.903130, -0.110302, -0.520477
0.883897, -0.562305, -0.701523, -0.670109
0.884363, -0.361614, -1.468811, -0.900536
0.884881, -0.481300, -0.972042, -0.571594
0.885392, -0.814056, -0.534573, -0.034466
0.885850, -1.079082, -0.124874, 0.129547
0.886362, -1.108627, -0.197525, 0.278587
0.887349, -0.875607, 0.249233, -0.738468
0.887874, -0.723515, 0.175533, -0.434589
0.888329, -0.757389, -0.423832, -0.070953
0.888840, -0.705395, -0.980873, 0.454464
0.889352, -0.804081, -1.019745, 0.029869
0.889817, -0.852661, -0.617752, -0.378838
0.890333, -0.684509, -0.376415, -0.470467
0.890838, -0.332813, -2.265835, -0.052509
0.891293, -0.263729, -2.748108, 0.153160
0.891806, -0.664310, -1.948299, -0.294724
0.892326, -1.224194, -1.238270, -0.317783
0.892780, -1.508465, -0.187855, -0.304089
0.893297, -1.437931, 0.785847, -0.626793
0.893775, -0.776882, 0.668259, -0.693893
0.894303, -0.146694, -0.095768, 0.227108
0.894772, -0.299644, -0.698433, -0.443287
0.895296, -0.719585, -0.484772, -1.316013
0.895764, -0.871506, -0.043068, -0.492573
0.896246, -0.817413, -0.400848, 1.112785
0.896782, -0.975685, -0.538330, 0.904655
0.897250, -1.181221, -0.253105, -0.782928
0.897766, -0.980587, 0.011177, -1.054096
0.898230, -0.454159, -0.827045, -0.565186
0.898719, -0.100422, -2.374649, -0.216656
0.899223, -0.275192, -1.948833, -0.550900
0.899718, -0.650883, -1.085072, -0.151443
0.900216, -0.879078, -0.717812, 0.839043
0.900720, -1.107693, -0.487919, 0.787468
0.901209, -1.239491, 0.195103, -1.015129
0.901714, -0.994968, -0.117245, -1.187572
0.902202, -0.761890, 0.349522, -0.376282
0.902735, -0.679665, -0.117435, 0.192661
0.903213, -0.586128, -1.009884, -0.465775
0.903684, -0.380306, -1.309299, -0.273285
0.904224, -0.463867, -0.966129, -0.352440
0.904690, -0.504932, -0.153446, -0.479012
0.905194, -0.327911, -0.297565, 0.245457
0.905672, -0.593090, -1.776943, 0.849419
0.906157, -1.105995, -1.532764, 0.302353
0.906690, -1.449718, -1.442928, -0.567322
0.907165, -1.251678, -0.786190, -0.255852
0.907683, -0.979366, -0.388355, 0.425053
0.908141, -0.783825, -0.307140, 0.535736
0.908635, -0.658035, -0.040932, -0.704899
0.909149, -0.558968, 0.068283, -1.505413
0.909618, -0.357723, -0.038624, -0.621033
0.910159, -0.243664, -1.353798, 1.130447
0.910608, -0.533237, -1.691933, 0.309410
0.911106, -0.522861, -1.502266, -1.032200
0.911606, -0.289917, -0.432224, -0.449314
0.912098, -0.284786, 0.116787, -0.129128
0.912602, -0.445824, 0.096588, -0.028400
0.913131, -0.862083, -0.698013, -0.124722
0.913615, -1.245918, -1.427269, 1.787033
0.914085, -1.849346, -0.763912, 2.066154
0.914595, -2.062016, -0.941124, 0.523129
0.915106, -1.676502, -1.262341, -0.345993
0.915564, -0.948544, -0.918503, -1.658478
0.916097, 0.095863, -0.368786, -1.451893
0.916563, 0.626965, -0.324287, -0.211277
0.917079, 0.184307, -0.374813, -0.039291
0.918044, -0.543995, -0.972099, 0.264282
0.918566, -0.633736, -1.204586, 0.495453
0.919027, -0.692673, -1.227112, -0.044575
0.919556, -0.674877, -1.320724, 0.464916
0.920063, -0.962467, -0.773029, 0.611038
0.920522, -1.158638, -0.664539, -1.286545
0.921009, -0.489178, -0.746098, -1.885738
0.921506, 0.056610, -0.747452, 0.322990
0.922009, -0.339432, -1.131554, 1.480427
0.922527, -0.844841, -1.036148, 0.775814
0.923017, -0.828571, -1.233807, -0.173779
0.923505, -0.759335, -0.833511, 0.244007
0.924010, -0.949745, -0.320530, 0.122375
1.163810, -0.726967, -0.765800, -0.187435
1.163889, -0.734482, -0.752277, -0.199242
1.163939, -0.728073, -0.726585, -0.177383
1.163988, -0.747185, -0.661106, -0.137119
1.164038, -0.779133, -0.625858, -0.128155
1.164088, -0.794735, -0.602188, -0.135803
1.164141, -0.777206, -0.596504, -0.140305
1.164191, -0.748520, -0.634918, -0.095921
1.164245, -0.725861, -0.647182, -0.055676
1.164295, -0.724087, -0.668259, -0.015907
1.164346, -0.734119, -0.663929, 0.026226
1.164397, -0.753937, -0.647469, 0.032177
1.164449, -0.765209, -0.631542, 0.014992
1.164499, -0.758076, -0.619469, -0.007324
1.164549, -0.752106, -0.631275, -0.004330
1.164602, -0.755367, -0.625896, 0.023060
1.164651, -0.755787, -0.633793, 0.046482
1.164705, -0.750141, -0.641518, 0.057716
1.164754, -0.755234, -0.633888, 0.069447
1.164809, -0.771561, -0.622501, 0.089703
1.164858, -0.786285, -0.612373, 0.086269
1.164912, -0.796318, -0.598431, 0.068417
1.164961, -0.805607, -0.578976, 0.050621
1.165016, -0.810623, -0.564213, 0.041122
1.165064, -0.817814, -0.558071, 0.042877
1.165115, -0.823994, -0.555267, 0.047245
1.165170, -0.832996, -0.545406, 0.042400
1.165223, -0.838814, -0.529842, 0.026321
1.165275, -0.842609, -0.526371, 0.008183
1.165331, -0.844593, -0.523491, 0.006676
1.165383, -0.850697, -0.522861, 0.026913
1.165436, -0.856838, -0.522709, 0.032196
1.165491, -0.856361, -0.522327, 0.019932
1.165540, -0.859108, -0.511646, -0.005379
1.165593, -0.857391, -0.509453, -0.024509
1.165727, -0.858383, -0.511169, -0.035419
1.166244, -0.855618, -0.509205, -0.048561
1.166716, -0.855427, -0.512295, -0.060787
1.167234, -0.850277, -0.511265, -0.066223
1.167763, -0.848122, -0.511494, -0.064468
1.168238, -0.846634, -0.520287, -0.055943
1.168690, -0.846729, -0.530434, -0.046444
1.169213, -0.849800, -0.528545, -0.044556
1.169712, -0.854263, -0.521450, -0.064831
1.170193, -0.848427, -0.519104, -0.089626
1.170707, -0.845909, -0.525379, -0.107021
1.171172, -0.848389, -0.526371, -0.120697
1.171667, -0.851231, -0.526237, -0.134296
1.172187, -0.853443, -0.533581, -0.164566
1.172656, -0.850487, -0.539303, -0.213356
1.173168, -0.848923, -0.567570, -0.300922
1.173664, -0.843773, -0.607090, -0.413399
1.174180, -0.831718, -0.626163, -0.527344
1.174632, -0.815201, -0.637932, -0.680332
1.175150, -0.776272, -0.652199, -0.914288
1.175625, -0.718403, -0.674953, -0.975151
1.176157, -0.684624, -0.632706, -0.818329
1.176647, -0.677681, -0.566349, -0.721626
1.177123, -0.668945, -0.586452, -0.774498
1.177638, -0.617695, -0.589581, -0.569382
1.178144, -0.646992, -0.648251, -0.626564
1.178617, -0.661602, -0.596313, -0.877323
1.179092, -0.612316, -0.660553, -0.629311
1.179593, -0.624142, -0.833931, 0.298500
1.180118, -0.810223, -0.660686, 0.571022
1.180588, -0.921154, -0.691948, 0.313263
1.181077, -0.874863, -0.830555, 0.147362
1.181600, -0.761604, -0.719910, -0.164032
1.182098, -0.635338, -0.621090, -0.444584
1.182601, -0.636463, -0.482597, -0.628471
1.183106, -0.747032, -0.278835, -0.385857
1.183551, -1.000366, -0.244865, 0.172615
1.184054, -1.241627, -0.115986, 0.240078
1.184557, -1.259003, -0.140076, 0.202446
1.185062, -1.150608, -0.199623, 0.477276
1.185565, -1.039391, -0.285645, -0.124168
1.186557, -0.384922, -0.440865, -0.183506
1.187062, -0.462513, -0.365009, -0.343952
1.187550, -0.581093, -0.435162, -0.154343
1.188055, -0.789452, -0.724068, 0.778503
1.188542, -1.127682, -0.708313, 0.839596
1.189016, -1.239510, -0.671921, 0.833473
1.189505, -1.167488, -0.712624, 0.258484
1.190040, -0.864239, -0.807915, -0.433693
1.190518, -0.530396, -0.679665, -0.520439
1.190992, -0.436859, -0.468273, -0.334053
1.191495, -0.616417, -0.405750, -0.153370
1.192013, -0.753975, -0.558147, -0.083923
1.192516, -0.764961, -0.632744, 0.475502
1.192990, -0.927811, -0.603390, 0.764751
1.193995, -0.983944, -0.695190, -0.023918
1.194474, -0.859089, -0.608253, -0.229092
1.195482, -0.518093, -0.653152, 0.075665
1.195955, -0.665035, -0.584927, 0.031033
1.196440, -0.784721, -0.580730, -0.107613
1.196943, -0.812473, -0.663280, 0.116806
1.197439, -0.847702, -0.560951, 0.175591
1.197966, -0.830631, -0.456142, 0.218105
1.198459, -0.830898, -0.447693, 0.210285
1.198937, -0.816555, -0.416851, -0.044117
1.199438, -0.683899, -0.522537, -0.479965
1.199905, -0.540543, -0.562973, -0.337887
1.200433, -0.550270, -0.415745, -0.164623
1.200904, -0.641251, -0.365753, 0.175076
1.201418, -0.877018, -0.483093, 0.537338
1.201920, -1.171074, -0.570850, 0.334129
1.202395, -1.165047, -0.456982, -0.049267
1.202901, -0.956402, -0.422764, -0.046291
1.203379, -0.849361, -0.299072, -0.068722
1.203859, -0.934162, -0.252972, 0.241222
1.204376, -1.084042, -0.370522, 0.234509
1.204873, -1.057835, -0.501900, 0.309467
1.205394, -1.028118, -0.609093, 0.630569
1.205863, -1.072788, -0.555611, 0.710831
1.206375, -1.130161, -0.468941, 0.748577
1.206913, -1.209984, -0.342426, 0.493374
1.207369, -1.213837, -0.299072, -0.005703
1.207876, -1.085224, -0.205765, -0.266266
1.208384, -0.868378, -0.118351, -0.297337
1.208868, -0.672016, -0.209675, -0.056305
1.209304, -0.660877, -0.386181, 0.256233
1.209813, -0.769558, -0.508480, 0.351849
1.210311, -0.835381, -0.619316, 0.406933
1.210812, -0.902348, -0.568619, 0.317726
1.211292, -0.952816, -0.491257, 0.235806
1.212305, -1.020164, -0.299797, 0.106812
1.212810, -0.972843, -0.353642, -0.052109
1.213313, -0.895729, -0.362396, -0.032520
1.213818, -0.816040, -0.346527, 0.006371
1.214265, -0.721016, -0.424633, -0.089149
1.214767, -0.638103, -0.475521, -0.133247
1.215270, -0.674934, -0.415993, -0.146065
1.215776, -0.766811, -0.442066, -0.065460
1.216247, -0.881386, -0.423203, 0.117664
1.216765, -0.977898, -0.349388, 0.219383
1.217272, -1.037025, -0.314178, 0.275517
1.217774, -1.038895, -0.284710, 0.256824
1.218721, -1.037960, -0.270100, 0.249023
1.219226, -1.086655, -0.237083, 0.187607
1.219714, -1.102047, -0.225563, 0.153999
1.220218, -1.067295, -0.277119, 0.138893
1.220724, -0.991936, -0.332909, 0.268097
1.221225, -0.962124, -0.351677, 0.326672
1.221731, -0.955162, -0.365257, 0.330601
1.222232, -0.942135, -0.386486, 0.247631
1.222711, -0.926800, -0.385799, 0.156326
1.223195, -0.905418, -0.404835, 0.056419
1.223692, -0.900307, -0.423660, 0.117645
1.224188, -0.945778, -0.405254, 0.173206
1.224694, -0.976925, -0.380402, 0.221081
1.225212, -0.979557, -0.357914, 0.203438
1.225657, -0.948372, -0.373421, 0.153332
1.226161, -0.917854, -0.391865, 0.153713
1.226678, -0.912075, -0.379772, 0.165291
1.227164, -0.913029, -0.383759, 0.142479
1.227667, -0.904808, -0.407791, 0.124207
1.228169, -0.902214, -0.410633, 0.146160
1.229122, -0.905704, -0.425587, 0.237198
1.229633, -0.905323, -0.445595, 0.250263
1.230141, -0.911942, -0.435658, 0.218372
1.230647, -0.911255, -0.414581, 0.186348
1.231104, -0.895233, -0.420666, 0.132790
1.231611, -0.892563, -0.426674, 0.109177
1.232117, -0.888195, -0.437908, 0.123196
1.232622, -0.879745, -0.455494, 0.138226
1.233126, -0.869732, -0.468311, 0.119419
1.233581, -0.860596, -0.485458, 0.113335
1.234590, -0.861187, -0.479908, 0.091972
1.235097, -0.864563, -0.476704, 0.047474
1.235614, -0.858669, -0.477486, 0.013199
1.236106, -0.864735, -0.465755, 0.003471
1.236560, -0.860443, -0.460434, 0.017796
1.237078, -0.864639, -0.474892, 0.023994
1.237551, -0.858154, -0.481663, 0.047340
1.238055, -0.862579, -0.469055, 0.054512
1.238559, -0.865936, -0.459518, 0.041332
1.239061, -0.860863, -0.468063, 0.030403
1.239570, -0.863171, -0.468788, 0.053177
1.240051, -0.863438, -0.461006, 0.071812
1.240528, -0.860291, -0.459976, 0.063324
1.241038, -0.857639, -0.466766, 0.045643
1.241541, -0.861816, -0.456467, 0.050926
1.242033, -0.866299, -0.450001, 0.050964
1.242527, -0.860538, -0.455589, 0.041294
1.243023, -0.862713, -0.455112, 0.034504
1.243527, -0.863113, -0.450211, 0.047913
1.243988, -0.860863, -0.452366, 0.058880
1.244489, -0.859241, -0.461178, 0.063400
1.245007, -0.859776, -0.463352, 0.074196
1.245515, -0.860405, -0.457687, 0.082378
1.245982, -0.864887, -0.446701, 0.066357
1.246499, -0.863152, -0.450001, 0.037766
1.246992, -0.859814, -0.446548, 0.029354
1.247453, -0.863667, -0.442028, 0.037956
1.247995, -0.866375, -0.445099, 0.044632
1.248468, -0.863209, -0.456371, 0.043678
1.248971, -0.864296, -0.459347, 0.056915
1.249436, -0.861492, -0.458050, 0.068245
1.249949, -0.861111, -0.461864, 0.068684
1.250427, -0.860100, -0.468407, 0.063038
1.250933, -0.861454, -0.462227, 0.061951
1.251466, -0.864067, -0.452728, 0.053825
1.251920, -0.859795, -0.455322, 0.034866
1.252432, -0.862465, -0.457611, 0.028152
1.252946, -0.863132, -0.451183, 0.041656
1.253460, -0.864544, -0.458965, 0.051117
1.253920, -0.861149, -0.461750, 0.047035
1.254428, -0.861263, -0.465298, 0.047226
1.254946, -0.863285, -0.468159, 0.052376
1.255387, -0.867157, -0.470009, 0.052986
1.255966, -0.864697, -0.472050, 0.052319
1.256883, -0.862598, -0.460739, 0.049706
1.257386, -0.862522, -0.466385, 0.043163
1.257891, -0.865517, -0.463104, 0.031166
1.258354, -0.864544, -0.461788, 0.033588
1.258868, -0.862446, -0.461197, 0.036297
1.259334, -0.859032, -0.462036, 0.032063
1.259861, -0.862370, -0.466938, 0.038776
1.260328, -0.860176, -0.465393, 0.049915
1.260851, -0.861244, -0.466213, 0.057240
1.261322, -0.862885, -0.470123, 0.055428
1.261847, -0.871296, -0.465851, 0.046291
1.262320, -0.893059, -0.428982, 0.039883
1.262809, -0.949593, -0.368538, 0.036545
1.263313, -0.955238, -0.362644, 0.018883
1.263846, -0.895290, -0.384979, 0.015469
1.264291, -0.852909, -0.434036, 0.012817
1.264794, -0.859070, -0.447636, 0.022144
1.265298, -0.876961, -0.439453, 0.038795
1.265786, -0.888023, -0.439892, 0.047379
1.266321, -0.891762, -0.434380, 0.044956
1.267314, -0.900478, -0.421257, 0.030708
1.267775, -0.911274, -0.398045, 0.025558
1.268277, -0.925217, -0.377045, 0.026531
1.268751, -0.930901, -0.368862, 0.024300
1.269291, -0.924950, -0.379715, 0.024014
1.269773, -0.920887, -0.379982, 0.027637
1.270264, -0.920792, -0.389729, 0.032196
1.270754, -0.927029, -0.391750, 0.032406
1.271240, -0.928917, -0.402775, 0.027771
1.271747, -0.926704, -0.407162, 0.028133
1.272236, -0.926590, -0.409698, 0.026836
1.272722, -0.923500, -0.412121, 0.023689
1.273222, -0.930595, -0.395737, 0.018444
1.273714, -0.942383, -0.386715, 0.008183
1.274203, -0.938129, -0.388298, -0.004845
1.274724, -0.931454, -0.390110, -0.013657
1.275196, -0.931873, -0.390263, -0.007095
1.275684, -0.942097, -0.371361, 0.006657
1.276202, -0.962811, -0.350437, 0.013199
1.276705, -0.988560, -0.317822, 0.017529
1.277187, -1.016521, -0.272770, 0.028572
1.277690, -1.026535, -0.270214, 0.026627
1.278220, -1.014671, -0.267582, 0.007343
1.278689, -0.996075, -0.286293, -0.005703
1.279686, -0.951900, -0.375748, -0.014877
1.280144, -0.943890, -0.404854, -0.011234
1.280662, -0.949860, -0.456333, -0.015755
1.281170, -0.946522, -0.470676, -0.013103
1.281684, -0.933895, -0.452557, -0.017529
1.282174, -0.932026, -0.462055, -0.028553
1.283157, -0.936451, -0.389462, -0.025902
1.283624, -0.947361, -0.378838, -0.031796
1.284128, -0.944099, -0.380650, -0.072327
1.285107, -0.983925, -0.337467, -0.062485
1.285602, -1.037064, -0.268726, -0.034657
1.286117, -1.086483, -0.166283, -0.019341
1.286631, -1.100044, -0.133686, 0.000362
1.287120, -1.032352, -0.179405, 0.033398
1.287609, -0.939217, -0.202637, 0.053768
1.288086, -0.877914, -0.313988, 0.081978
1.289570, -0.853844, -0.522766, 0.040340
1.290053, -0.813770, -0.609798, -0.057468
1.290587, -0.724220, -0.708199, -0.193272
1.291566, -0.740166, -0.736198, -0.303001
1.292062, -0.850277, -0.598793, -0.231018
1.292573, -0.958805, -0.446301, -0.194206
1.293035, -1.011124, -0.313129, -0.146484
1.293561, -1.010189, -0.242672, -0.079269
1.294060, -1.003914, -0.219345, -0.081387
1.294508, -1.026516, -0.167084, -0.082264
1.295501, -0.908451, -0.155087, 0.072002
1.296057, -0.728455, -0.452995, -0.060062
1.296499, -0.562305, -0.723724, -0.177288
1.297003, -0.540791, -0.928497, -0.179539
1.297505, -0.601463, -0.934238, -0.031586
1.297995, -0.671940, -0.930004, 0.023956
1.298514, -0.746365, -0.871830, -0.005932
1.299020, -0.808506, -0.828495, 0.036125
1.299540, -0.854053, -0.702763, 0.076275
1.299989, -0.874557, -0.619297, 0.045815
1.300514, -0.864754, -0.547905, 0.070686
1.301017, -0.871925, -0.446148, 0.061550
1.301520, -0.878391, -0.404186, 0.075474
1.301936, -0.912971, -0.352917, 0.104580
1.302439, -0.963211, -0.328407, 0.131207
1.302928, -1.003342, -0.283813, 0.087681
1.303921, -1.010017, -0.240116, 0.070724
1.304424, -0.960426, -0.277691, 0.021191
1.304913, -0.880909, -0.371876, 0.017166
1.305973, -0.755844, -0.476360, -0.037022
1.306440, -0.746384, -0.505314, -0.045204
1.306914, -0.756264, -0.516281, -0.007420
1.307403, -0.767555, -0.559139, 0.037727
1.307906, -0.774002, -0.579777, 0.044117
1.308395, -0.830479, -0.517159, 0.032692
1.308898, -0.895882, -0.444622, 0.047626
1.309402, -0.959702, -0.331764, 0.056705
1.309891, -0.988865, -0.334148, 0.088005
1.310372, -0.961456, -0.309105, 0.134773
1.311385, -0.832062, -0.383339, 0.148640
1.311874, -0.773201, -0.535736, 0.080090
1.312365, -0.669956, -0.780048, -0.021877
1.312872, -0.582294, -0.918999, -0.075817
1.313373, -0.599041, -0.969887, -0.106163
1.313865, -0.668793, -0.928879, -0.126343
1.314336, -0.730343, -0.850258, -0.136032
1.314839, -0.771332, -0.771942, -0.145817
1.315329, -0.801029, -0.708141, -0.170479
1.315832, -0.812340, -0.690193, -0.172806
1.316319, -0.789661, -0.651951, -0.140533
1.316816, -0.780811, -0.607777, -0.116806
1.317315, -0.779305, -0.598335, -0.095940
1.317788, -0.788212, -0.577736, -0.055313
1.318326, -0.812988, -0.562420, -0.016251
1.318819, -0.836868, -0.540886, 0.010853
1.319316, -0.836468, -0.552998, 0.031071
1.319772, -0.811977, -0.551109, 0.023289
1.320284, -0.789928, -0.550995, 0.022335
1.320774, -0.783062, -0.564766, 0.032406
1.321284, -0.783901, -0.569706, 0.054722
1.321795, -0.800667, -0.552616, 0.058842
1.322276, -0.807571, -0.544491, 0.051346
1.322751, -0.798836, -0.538807, 0.037613
1.323759, -0.818348, -0.525894, 0.034580
1.324240, -0.828972, -0.514088, 0.040302
1.324764, -0.828819, -0.517178, 0.030231
1.325238, -0.825558, -0.516853, 0.015678
1.325753, -0.833092, -0.504799, 0.007553
1.326231, -0.842648, -0.511608, 0.026302
1.327214, -0.841961, -0.532551, 0.029354
1.327729, -0.838528, -0.529270, 0.016804
1.328229, -0.829582, -0.544605, 0.012646
1.329205, -0.828857, -0.554104, 0.057564
1.329689, -0.829811, -0.559731, 0.060997
1.330210, -0.830078, -0.553665, 0.036411
1.330690, -0.827103, -0.548706, 0.015488
1.331197, -0.823669, -0.541859, 0.009384
1.331669, -0.827713, -0.538158, 0.009766
1.332160, -0.833778, -0.534439, 0.002861
1.332690, -0.832710, -0.531063, -0.004005
1.333190, -0.834198, -0.533333, 0.004520
1.333664, -0.835552, -0.530529, 0.011597
1.334146, -0.836620, -0.537205, 0.024338
1.334632, -0.837440, -0.544090, 0.030041
1.335136, -0.837860, -0.541420, 0.026817
1.335625, -0.828133, -0.539665, 0.014477
1.336138, -0.821381, -0.551739, 0.013180
1.336631, -0.818558, -0.554867, 0.021896
1.337654, -0.830460, -0.551186, 0.033703
1.338101, -0.835381, -0.535965, 0.022755
1.338608, -0.843010, -0.529060, 0.011921
1.339106, -0.848751, -0.515862, 0.010891
1.339611, -0.840759, -0.520058, 0.012283
1.340117, -0.838089, -0.525150, 0.016460
1.340617, -0.836391, -0.521412, 0.020409
1.341121, -0.842209, -0.520401, 0.023422
1.341615, -0.841560, -0.523605, 0.024605
1.342558, -0.843353, -0.518417, 0.015736
1.343062, -0.846825, -0.510178, 0.006847
1.343555, -0.847473, -0.503635, -0.004597
1.344064, -0.851383, -0.506496, 0.002193
1.345087, -0.855522, -0.496254, 0.010681
1.345565, -0.850964, -0.502739, 0.014801
1.346210, -0.859070, -0.490761, -0.006466
1.346604, -0.856228, -0.490818, -0.002766
1.347136, -0.856724, -0.486660, -0.002708
1.347596, -0.856915, -0.485344, -0.019436
1.348145, -0.870514, -0.485535, -0.032310
1.348502, -0.871296, -0.482330, -0.033703
1.349083, -0.868893, -0.478458, -0.047073
1.349641, -0.874386, -0.484352, -0.063019
1.349998, -0.870190, -0.482063, -0.060596
1.350487, -0.871964, -0.485668, -0.086555
1.351080, -0.871410, -0.483742, -0.114403
1.351509, -0.879879, -0.477104, -0.141773
1.351970, -0.886898, -0.472431, -0.187473
1.352470, -0.883751, -0.475445, -0.257912
1.353003, -0.878696, -0.472202, -0.312309
1.353479, -0.872784, -0.473366, -0.388660
1.353971, -0.868969, -0.487041, -0.456963
1.354500, -0.850887, -0.542984, -0.469456
1.354987, -0.821438, -0.586395, -0.398769
1.355472, -0.791950, -0.623035, -0.462952
1.355972, -0.732651, -0.711365, -0.511475
1.356426, -0.680981, -0.729694, -0.392017
1.356929, -0.685349, -0.699120, -0.074501
1.357431, -0.772152, -0.588570, -0.070515
1.357933, -0.806885, -0.574913, -0.327339
1.358453, -0.784512, -0.572243, -0.213127
1.358917, -0.834980, -0.468636, -0.319500
1.359403, -0.851688, -0.449085, -0.470562
1.359934, -0.841141, -0.406246, -0.506077
1.360387, -0.862007, -0.320091, -0.408649
1.360887, -0.937138, -0.325279, -0.179195
1.361384, -1.014748, -0.299244, 0.148582
1.361884, -1.066380, -0.260773, 0.158844
1.362381, -0.994835, -0.415764, 0.066776
1.362912, -0.865822, -0.566292, -0.016212
1.363371, -0.818691, -0.583553, -0.090065
1.363882, -0.781498, -0.583954, -0.082550
1.364396, -0.742283, -0.531139, -0.068169
1.364850, -0.757275, -0.539112, -0.140057
1.365372, -0.796928, -0.534267, -0.019455
1.365840, -0.831833, -0.454693, -0.121727
1.366364, -0.825272, -0.443459, -0.009880
1.366854, -0.863609, -0.388985, 0.011711
1.367330, -0.857773, -0.341969, -0.153122
1.367832, -0.753460, -0.440845, -0.116158
1.368336, -0.689697, -0.517406, -0.047092
1.368841, -0.673809, -0.644608, -0.049534
1.369343, -0.644379, -0.667057, -0.158520
1.369848, -0.631504, -0.623589, 0.138397
1.370798, -0.827789, -0.500488, 0.155411
1.371790, -1.011868, -0.429745, -0.024090
1.372292, -0.966816, -0.488987, 0.058765
1.372795, -0.886784, -0.447483, -0.008888
1.373301, -0.830307, -0.466251, 0.179310
1.373819, -0.844440, -0.427303, 0.064240
1.374278, -0.763226, -0.648212, 0.091496
1.374766, -0.729904, -0.635853, 0.287476
1.375257, -0.789547, -0.682697, 0.412788
1.375759, -0.894184, -0.643158, 0.299892
1.376249, -0.925179, -0.661449, 0.243797
1.376784, -0.948620, -0.574265, 0.237789
1.377270, -0.925808, -0.550308, 0.075951
1.377755, -0.807247, -0.571671, -0.114727
1.378240, -0.660954, -0.582714, -0.104008
1.378729, -0.567513, -0.540676, -0.128613
1.379228, -0.525723, -0.553112, -0.065804
1.379729, -0.559845, -0.547676, 0.080395
1.380233, -0.722961, -0.514851, 0.312138
1.380752, -0.975685, -0.465755, 0.311451
1.381224, -1.169834, -0.365086, 0.374794
1.381727, -1.224022, -0.298767, 0.166912
1.382192, -1.131248, -0.352173, 0.234737
1.382707, -1.065922, -0.305328, 0.352631
1.383215, -0.993176, -0.312347, 0.210190
1.384179, -0.844784, -0.395241, 0.262566
1.384680, -0.832806, -0.433731, 0.167694
1.385171, -0.827885, -0.509739, 0.123501
1.385685, -0.822906, -0.488701, 0.115490
1.386206, -0.816574, -0.468311, 0.077782
1.386664, -0.814037, -0.437775, 0.052414
1.387661, -0.782986, -0.452652, 0.041351
1.388176, -0.784321, -0.449314, 0.094509
1.388665, -0.810947, -0.440502, 0.134411
1.389125, -0.866375, -0.411453, 0.101528
1.389639, -0.905380, -0.385952, 0.056553
1.390144, -0.931549, -0.392284, 0.082684
1.390664, -0.977592, -0.364304, 0.146751
1.391105, -1.022186, -0.343723, 0.188656
1.391627, -1.023445, -0.333233, 0.180016
1.392129, -1.003933, -0.338116, 0.207233
1.392631, -0.987244, -0.349808, 0.230961
1.393136, -0.975094, -0.370216, 0.235310
1.393626, -0.964603, -0.379601, 0.204239
1.394151, -0.940819, -0.388336, 0.202065
1.394599, -0.921440, -0.400066, 0.169182
1.395625, -0.902443, -0.430336, 0.148182
1.396568, -0.898342, -0.433025, 0.149021
1.397151, -0.899639, -0.432549, 0.105705
1.397564, -0.895596, -0.433502, 0.087395
1.398057, -0.902519, -0.420303, 0.108147
1.398554, -0.905628, -0.424538, 0.096512
1.399053, -0.904312, -0.434418, 0.101757
1.400058, -0.900822, -0.429211, 0.091209
1.400558, -0.898972, -0.438957, 0.081940
1.401029, -0.905457, -0.434132, 0.093746
1.401550, -0.911674, -0.423679, 0.111752
1.402013, -0.926743, -0.412617, 0.100384
1.402535, -0.926189, -0.406361, 0.074291
1.403009, -0.914116, -0.413952, 0.056076
1.403523, -0.911579, -0.415115, 0.065689
1.403988, -0.910072, -0.419273, 0.072002
1.404498, -0.901108, -0.434551, 0.075607
1.404987, -0.891171, -0.443802, 0.061359
1.405512, -0.891285, -0.449257, 0.061378
1.406001, -0.889912, -0.442791, 0.050507
1.406490, -0.891438, -0.442867, 0.035362
1.406999, -0.892372, -0.443573, 0.020103
1.407461, -0.886478, -0.437775, 0.012035
1.407975, -0.878658, -0.445004, 0.004635
1.408483, -0.874805, -0.458870, -0.001068
1.408938, -0.871677, -0.459938, 0.014668
1.409451, -0.872955, -0.463142, 0.021629
1.409925, -0.867519, -0.468788, 0.012150
1.410439, -0.867786, -0.465336, 0.002060
1.410939, -0.866070, -0.457020, 0.003109
1.411434, -0.867939, -0.454903, 0.002861
1.411916, -0.867596, -0.459156, 0.003414
1.412426, -0.868740, -0.462055, 0.005894
1.412932, -0.868244, -0.458870, 0.012074
1.413398, -0.861855, -0.454178, 0.005817
1.413903, -0.865021, -0.453739, 0.001278
1.414424, -0.865288, -0.455208, 0.000896
1.414884, -0.862350, -0.452824, 0.011158
1.415402, -0.863914, -0.450916, 0.018215
1.415916, -0.865154, -0.452881, 0.023403
1.416379, -0.862999, -0.452862, 0.028629
1.416868, -0.863571, -0.448875, 0.034313
1.417372, -0.865116, -0.447273, 0.023785
1.417876, -0.867691, -0.443859, 0.011272
1.418380, -0.868683, -0.442657, 0.008831
1.419344, -0.864334, -0.446453, 0.012169
1.419831, -0.863171, -0.450191, 0.020981
1.420380, -0.863476, -0.450249, 0.034485
1.420824, -0.866375, -0.449409, 0.033188
1.421328, -0.867805, -0.450687, 0.023937
1.421815, -0.865345, -0.448418, 0.021877
1.422350, -0.867996, -0.445347, 0.022469
1.422813, -0.865860, -0.446091, 0.019646
1.423317, -0.865631, -0.448570, 0.013809
1.423851, -0.865555, -0.448513, 0.012493
1.424352, -0.863953, -0.451527, 0.015202
1.424787, -0.867691, -0.459061, 0.016441
1.425336, -0.865555, -0.459499, 0.017757
1.425779, -0.865803, -0.460949, 0.018635
1.426299, -0.865726, -0.458755, 0.021935
1.427284, -0.864601, -0.459385, 0.015526
1.428272, -0.865974, -0.457745, 0.013733
1.428752, -0.866699, -0.457344, 0.002384
1.429301, -0.867977, -0.458488, -0.000076
1.429764, -0.864754, -0.457172, 0.006580
1.430280, -0.866146, -0.460835, 0.009022
1.430740, -0.867577, -0.465736, 0.007133
1.431270, -0.867062, -0.462093, 0.012970
1.431731, -0.869007, -0.462723, 0.013447
1.432232, -0.864754, -0.461044, 0.012226
1.432723, -0.864182, -0.462379, 0.010529
1.433232, -0.868130, -0.461521, 0.007858
1.433713, -0.866375, -0.462284, 0.002995
1.434262, -0.862598, -0.465431, 0.000534
1.434698, -0.864105, -0.463963, -0.002689
1.435195, -0.863495, -0.459957, 0.003166
1.435699, -0.861549, -0.461445, 0.003109
1.436233, -0.866203, -0.465298, 0.008297
1.436720, -0.865726, -0.468483, 0.011330
1.437215, -0.862236, -0.468311, 0.013924
1.437714, -0.866718, -0.467854, 0.013943
1.438202, -0.867290, -0.469894, 0.009403
1.438676, -0.870380, -0.468197, 0.002270
1.439161, -0.871544, -0.460262, 0.001278
1.439673, -0.891399, -0.437126, -0.006790
1.440198, -0.936756, -0.387993, -0.017872
1.440653, -0.957069, -0.372295, -0.023251
1.441184, -0.918541, -0.387135, -0.020027
1.441686, -0.882053, -0.413074, -0.023174
1.442188, -0.876904, -0.432796, -0.023518
1.442693, -0.887871, -0.425129, -0.007324
1.443187, -0.895309, -0.430145, 0.000095
1.443624, -0.905895, -0.424175, -0.007153
1.444122, -0.914268, -0.416145, -0.014381
1.444619, -0.911713, -0.408764, -0.021152
1.445123, -0.916767, -0.402527, -0.024014
1.445625, -0.920658, -0.394287, -0.029182
1.446102, -0.929031, -0.384922, -0.028629
1.446617, -0.933151, -0.387459, -0.015774
1.447122, -0.935898, -0.386028, -0.009212
1.447625, -0.941353, -0.379620, -0.008945
1.448069, -0.940475, -0.372353, -0.012989
1.448562, -0.944748, -0.375137, -0.018177
1.449107, -0.936165, -0.376968, -0.026646
1.450054, -0.939560, -0.390377, -0.030670
1.450558, -0.942440, -0.374146, -0.031815
1.451062, -0.945492, -0.388889, -0.033321
1.451566, -0.935135, -0.391273, -0.034370
1.452041, -0.930729, -0.402813, -0.029469
1.452543, -0.930424, -0.401878, -0.026226
1.453047, -0.934811, -0.399380, -0.027199
1.453550, -0.934372, -0.407448, -0.032654
1.454040, -0.913239, -0.434074, -0.033283
1.454542, -0.891590, -0.457668, -0.037308
1.455031, -0.871773, -0.484924, -0.038204
1.455512, -0.861721, -0.503159, -0.025826
1.456031, -0.860882, -0.510006, -0.019722
1.456499, -0.857449, -0.501366, -0.025768
1.456988, -0.873852, -0.488777, -0.037403
1.457492, -0.897446, -0.463581, -0.046406
1.457995, -0.909119, -0.436459, -0.051460
1.458499, -0.922565, -0.413818, -0.063610
1.458973, -0.935593, -0.403728, -0.072632
1.459507, -0.931320, -0.402279, -0.056400
1.460010, -0.932999, -0.383701, -0.062103
1.460503, -0.935841, -0.392933, -0.067520
1.460994, -0.942383, -0.377102, -0.059319
1.461478, -0.953712, -0.379963, -0.057774
1.461957, -0.946026, -0.379219, -0.037785
1.462440, -0.927010, -0.397491, -0.021400
1.462945, -0.901127, -0.427952, 0.007267
1.463447, -0.892410, -0.411835, 0.024319
1.463937, -0.896053, -0.394459, 0.033569
1.464439, -0.913086, -0.366917, 0.023918
1.464929, -0.938988, -0.335655, 0.008545
1.465426, -0.947571, -0.329113, 0.008202
1.465959, -0.946808, -0.312767, 0.020618
1.466413, -0.954494, -0.317097, -0.008583
1.466915, -0.946026, -0.346317, -0.016537
1.467419, -0.915375, -0.413532, -0.014782
1.467921, -0.848293, -0.530167, -0.083656
1.468425, -0.745239, -0.640507, -0.127621
1.468886, -0.687809, -0.683136, -0.164814
1.469388, -0.707779, -0.697422, -0.209217
1.469892, -0.769329, -0.644493, -0.272999
1.470396, -0.841312, -0.574036, -0.306549
1.470902, -0.884514, -0.504303, -0.346851
1.471404, -0.889320, -0.454159, -0.323925
1.471886, -0.895386, -0.390797, -0.293770
1.472387, -0.895958, -0.418854, -0.171680
1.472883, -0.906563, -0.394821, -0.082512
1.473847, -0.919552, -0.371399, -0.016842
1.474335, -0.872707, -0.410767, 0.105152
1.474843, -0.862808, -0.374069, 0.055275
1.475318, -0.848083, -0.425777, -0.003815
1.475822, -0.841904, -0.438061, 0.037518
1.476337, -0.863781, -0.425682, 0.044956
1.476825, -0.896912, -0.419273, -0.061283
1.477294, -0.881786, -0.492802, 0.018101
1.477812, -0.907936, -0.392265, -0.062523
1.478332, -0.928993, -0.379009, -0.127316
1.479296, -0.940571, -0.304222, -0.064983
1.479803, -0.894146, -0.349903, -0.020943
1.480292, -0.824642, -0.437202, 0.065842
1.480773, -0.763435, -0.539551, 0.060062
1.481301, -0.723858, -0.702763, 0.029621
1.481803, -0.761738, -0.723858, -0.063400
1.482291, -0.842857, -0.624466, -0.174713
1.482779, -0.863972, -0.568600, -0.123844
1.483284, -0.868244, -0.484142, -0.141716
1.483789, -0.857582, -0.488052, -0.168858
1.484265, -0.848770, -0.481510, -0.121632
1.484746, -0.870438, -0.411739, -0.137901
1.485740, -0.858040, -0.431824, 0.031853
1.486251, -0.832310, -0.403404, -0.018024
1.486765, -0.808830, -0.415554, -0.077305
1.487223, -0.807152, -0.441666, -0.003815
1.487773, -0.844688, -0.434456, -0.060005
1.488276, -0.858707, -0.503139, -0.083179
1.488768, -0.826530, -0.571327, -0.010376
1.489729, -0.764484, -0.677757, 0.199490
1.490242, -0.785866, -0.712223, 0.097466
1.490672, -0.804653, -0.745029, 0.228233
1.491187, -0.833759, -0.656319, 0.193405
1.491684, -0.849724, -0.635986, 0.124073
1.492162, -0.873775, -0.575314, 0.111923
1.492687, -0.874767, -0.505047, 0.118179
1.493179, -0.861092, -0.515327, 0.111237
1.493683, -0.857449, -0.507336, 0.077209
1.494151, -0.890656, -0.444050, 0.055141
1.494675, -0.893764, -0.463619, 0.118427
1.495144, -0.878620, -0.495987, 0.203724
1.496143, -0.804691, -0.548286, 0.074482
1.496646, -0.770969, -0.570621, 0.116596
1.497150, -0.767002, -0.567493, 0.130291
1.497654, -0.775661, -0.590515, 0.141640
1.498142, -0.779991, -0.607395, 0.129623
1.498627, -0.792847, -0.601234, 0.133133
1.499115, -0.812721, -0.560646, 0.082378
1.499609, -0.819435, -0.564232, 0.046463
1.500098, -0.819244, -0.563450, 0.051861
1.500590, -0.821095, -0.532589, 0.049419
1.501113, -0.810738, -0.552235, 0.060635
1.501611, -0.806694, -0.550480, 0.049191
1.502114, -0.809116, -0.537205, 0.027924
1.502618, -0.809479, -0.542107, 0.032063
1.503066, -0.815449, -0.533085, 0.026779
1.503595, -0.814323, -0.544224, -0.011539
1.504061, -0.807800, -0.549965, -0.021400
1.504546, -0.802727, -0.558605, 0.001717
1.505079, -0.798931, -0.574894, 0.035686
1.505552, -0.800877, -0.597649, 0.053692
1.506087, -0.799961, -0.590763, 0.076389
1.506543, -0.804615, -0.571384, 0.057297
1.507047, -0.813274, -0.563202, 0.050201
1.507537, -0.817947, -0.545883, 0.041389
1.508041, -0.817165, -0.538940, 0.051727
1.508515, -0.821571, -0.531635, 0.065861
1.509004, -0.819740, -0.540829, 0.079231
1.509491, -0.822086, -0.551605, 0.094509
1.510512, -0.829449, -0.544395, 0.098133
1.511015, -0.834694, -0.541878, 0.092087
1.511520, -0.836124, -0.533562, 0.080566
1.512011, -0.840816, -0.526619, 0.090866
1.512469, -0.846920, -0.517673, 0.093307
1.512994, -0.850220, -0.522404, 0.094948
1.513469, -0.849476, -0.526180, 0.092888
1.513996, -0.852509, -0.519009, 0.110741
1.514464, -0.852432, -0.513840, 0.081081
1.515483, -0.848217, -0.515747, 0.028782
1.515951, -0.843449, -0.522022, 0.022316
1.516431, -0.841408, -0.533905, 0.010471
1.516958, -0.826473, -0.550842, 0.002308
1.517455, -0.823345, -0.567799, 0.003338
1.517951, -0.817337, -0.587101, 0.004158
1.518423, -0.809135, -0.605164, -0.005302
1.518943, -0.801220, -0.619736, -0.014935
1.519420, -0.800610, -0.625744, -0.020199
1.519902, -0.799999, -0.639782, -0.021191
1.520431, -0.802841, -0.659122, -0.022049
1.520896, -0.808849, -0.678921, -0.010204
1.521406, -0.817680, -0.695229, 0.002918
1.521892, -0.819473, -0.702667, 0.015488
1.522381, -0.822124, -0.722942, 0.005322
1.522886, -0.819473, -0.738239, 0.007687
1.523388, -0.821266, -0.717793, 0.030975
1.523892, -0.837059, -0.693054, 0.047054
1.524381, -0.871449, -0.697613, 0.039921
1.524870, -0.912170, -0.714951, 0.039425
1.525377, -0.948772, -0.711708, 0.061626
1.525861, -0.969372, -0.696087, 0.096340
1.526353, -0.979328, -0.682831, 0.115299
1.526849, -0.979347, -0.674477, 0.125961
1.527339, -0.986481, -0.671043, 0.133400
1.527839, -0.985432, -0.669899, 0.129490
1.528327, -0.984116, -0.653896, 0.138187
1.528829, -0.990486, -0.653172, 0.160503
1.529346, -0.992508, -0.662270, 0.150642
1.529855, -0.983276, -0.669041, 0.152359
1.530322, -0.975952, -0.672073, 0.163040
1.530826, -0.967312, -0.668316, 0.168476
1.531812, -0.968494, -0.632019, 0.147438
1.532321, -0.973034, -0.646667, 0.122013
1.532781, -0.966835, -0.639877, 0.120411
1.533285, -0.958939, -0.634804, 0.132675
1.533803, -0.954876, -0.631161, 0.136147
1.534322, -0.952435, -0.616226, 0.113392
1.534780, -0.950928, -0.600834, 0.086136
1.535284, -0.940762, -0.638180, 0.103264
1.535818, -0.933552, -0.622940, 0.082855
1.536352, -0.916557, -0.623951, 0.102844
1.536789, -0.902691, -0.641174, 0.141144
1.537302, -0.902538, -0.607071, 0.087719
1.537805, -0.892429, -0.615692, 0.068302
1.538239, -0.890827, -0.599403, 0.024605
1.538719, -0.876961, -0.586376, 0.019398
1.539299, -0.864353, -0.589561, 0.032825
1.539714, -0.862732, -0.580158, 0.032864
1.540222, -0.850277, -0.576687, 0.049801
1.540722, -0.840588, -0.567379, 0.046387
1.541226, -0.838966, -0.552158, 0.020294
1.541730, -0.826321, -0.552788, 0.014687
1.542233, -0.822735, -0.533600, -0.014114
1.542681, -0.812416, -0.522976, -0.017891
1.543202, -0.803890, -0.528774, -0.015774
1.543714, -0.800304, -0.531139, -0.018635
1.544664, -0.782185, -0.527496, -0.018883
1.545158, -0.777893, -0.518093, -0.042782
1.545703, -0.764141, -0.522156, -0.048542
1.546159, -0.758533, -0.511456, -0.054169
1.546677, -0.751648, -0.505447, -0.058365
1.547170, -0.743465, -0.517731, -0.067577
1.547669, -0.733376, -0.521469, -0.062504
1.548159, -0.727177, -0.517826, -0.049667
1.548656, -0.719070, -0.526962, -0.038033
1.549151, -0.713768, -0.520973, -0.048008
1.549625, -0.707226, -0.518074, -0.060501
1.550113, -0.701790, -0.519333, -0.068550
1.550610, -0.696640, -0.518436, -0.074348
1.551107, -0.695019, -0.524273, -0.068951
1.551626, -0.691471, -0.539532, -0.049896
1.552119, -0.693588, -0.542393, -0.048237
1.552618, -0.691986, -0.553455, -0.037479
1.553119, -0.691185, -0.555573, -0.037193
1.553610, -0.691681, -0.550308, -0.033455
1.554083, -0.693035, -0.547981, -0.026283
1.554601, -0.696030, -0.545864, -0.028572
1.555580, -0.697498, -0.541286, -0.022545
1.556076, -0.702438, -0.538578, -0.020084
1.556601, -0.706844, -0.540066, -0.016117
1.557057, -0.704823, -0.537548, -0.018215
1.557550, -0.706844, -0.528507, -0.016823
1.558068, -0.709915, -0.531158, -0.016003
1.558586, -0.707283, -0.536385, -0.017281
1.559047, -0.711460, -0.535316, -0.012398
1.559565, -0.710602, -0.534706, -0.007286
1.560027, -0.714550, -0.538101, -0.007191
1.560533, -0.716858, -0.538502, -0.006466
1.561031, -0.718403, -0.536346, -0.004520
1.561530, -0.716019, -0.544376, 0.000439
1.562035, -0.722141, -0.545979, -0.000591
1.562543, -0.725098, -0.550632, 0.006199
1.563011, -0.730400, -0.548992, 0.007305
1.563533, -0.736847, -0.550308, 0.010204
1.563999, -0.739708, -0.552635, 0.013905
1.564509, -0.743904, -0.552425, 0.024376
1.565479, -0.752754, -0.541573, 0.025501
1.566014, -0.751629, -0.533028, 0.026131
1.566501, -0.751495, -0.524273, 0.026474
1.566969, -0.752773, -0.512371, 0.034428
1.567462, -0.756855, -0.500755, 0.037689
1.567993, -0.756817, -0.489693, 0.049992
1.568470, -0.756607, -0.478325, 0.060196
1.568959, -0.756435, -0.468750, 0.068684
1.569462, -0.760498, -0.464554, 0.072498
1.569950, -0.758648, -0.456886, 0.075016
1.570453, -0.761299, -0.445061, 0.078106
1.570973, -0.761814, -0.436878, 0.080051
1.571418, -0.764160, -0.424557, 0.082245
1.571920, -0.764561, -0.413437, 0.091820
1.572415, -0.764580, -0.398178, 0.100269
1.572913, -0.770779, -0.384560, 0.105648
1.573891, -0.787029, -0.350742, 0.117207
1.574429, -0.788574, -0.336895, 0.124397
1.574930, -0.792446, -0.316792, 0.132580
1.575432, -0.796165, -0.301113, 0.143967
1.576025, -0.802727, -0.290127, 0.153656
1.576384, -0.807629, -0.281448, 0.155144
1.576879, -0.807800, -0.273991, 0.161839
1.577379, -0.811100, -0.257950, 0.164948
1.577919, -0.807838, -0.251808, 0.171070
1.578409, -0.811539, -0.244579, 0.178452
1.578891, -0.817242, -0.236626, 0.179462
1.579419, -0.814190, -0.233269, 0.183353
1.579893, -0.814648, -0.230312, 0.186176
1.580462, -0.812912, -0.221214, 0.183582
1.580933, -0.816536, -0.220737, 0.179176
1.581434, -0.818882, -0.220776, 0.179348
1.581929, -0.813332, -0.214539, 0.181904
1.582399, -0.810089, -0.210800, 0.174465
1.582902, -0.808315, -0.213776, 0.166740
1.583454, -0.803547, -0.210609, 0.161743
1.584402, -0.800285, -0.214787, 0.151749
1.584854, -0.793037, -0.220642, 0.141602
1.585338, -0.789089, -0.224533, 0.129719
1.585864, -0.780983, -0.227165, 0.120564
1.586279, -0.777416, -0.231838, 0.108204
1.586798, -0.771084, -0.235310, 0.094051
1.587284, -0.764637, -0.237770, 0.084820
1.587787, -0.761814, -0.245132, 0.074368
1.588276, -0.753593, -0.250378, 0.061417
1.588777, -0.751743, -0.254707, 0.053825
1.589255, -0.744247, -0.260105, 0.046597
1.590281, -0.737877, -0.275993, 0.024128
1.590755, -0.732803, -0.278339, 0.018711
1.591269, -0.731125, -0.285759, 0.014076
1.591734, -0.737114, -0.293903, 0.006371
1.592262, -0.732269, -0.298481, 0.000515
1.592719, -0.731010, -0.304165, -0.001926
1.593225, -0.733948, -0.311508, -0.005741
1.593711, -0.741711, -0.316429, -0.008526
1.594245, -0.741234, -0.323906, -0.007687
1.594693, -0.746670, -0.324459, -0.008926
1.595191, -0.751152, -0.336895, -0.005951
1.595694, -0.748825, -0.342007, -0.003300
1.596188, -0.750847, -0.345020, -0.003262
1.596705, -0.761452, -0.348530, -0.003510
1.597197, -0.765133, -0.352345, -0.006180
1.597687, -0.766125, -0.357838, -0.009804
1.598203, -0.772877, -0.361862, -0.010605
1.598706, -0.776405, -0.366573, -0.007725
1.599196, -0.780220, -0.371494, -0.006409
1.599699, -0.786572, -0.377083, -0.004959
1.600145, -0.789509, -0.380764, -0.006847
1.600648, -0.791931, -0.382538, -0.003986
1.601152, -0.797729, -0.390358, -0.002575
1.602129, -0.801754, -0.393658, 0.000896
1.602647, -0.804825, -0.403500, 0.000725
1.603151, -0.813694, -0.412064, -0.001869
1.603653, -0.827370, -0.435791, -0.011482
1.604144, -0.834084, -0.430660, -0.007591
1.604647, -0.844078, -0.437965, -0.009937
1.605137, -0.848446, -0.448494, -0.009651
1.605640, -0.854683, -0.455685, 0.017891
1.606603, -0.874214, -0.489540, -0.033588
1.607106, -0.880299, -0.497475, -0.026455
1.607627, -0.888958, -0.497417, -0.024319
1.608069, -0.900860, -0.513344, -0.039234
1.608572, -0.995979, -0.629215, -0.077152
1.609063, -2.005043, -2.882690, -0.739880
1.609561, -2.946701, -3.952236, -1.308670
1.610055, -2.822838, -1.207066, 0.553627
1.610572, -2.322559, -0.525131, 1.118412
1.611059, -1.672859, -0.390377, 0.524597
1.611570, -1.217842, -0.556412, 0.044384
1.612055, -0.909042, -0.735683, -0.100574
1.612543, -0.759163, -0.269241, -0.477200
1.613049, -0.733833, 0.055866, -0.646114
1.613551, -0.780334, -0.068665, -0.522957
1.614041, -0.911789, -0.134888, 0.068684
1.614543, -1.008511, -0.279922, 0.445442
1.615033, -1.011372, -0.504608, 0.652523
1.615536, -0.995998, -0.517139, 0.313911
1.616011, -0.976753, -0.306282, -0.094528
1.616516, -0.983276, -0.244675, -0.243225
1.617018, -0.977402, -0.278816, -0.219460
1.617521, -1.018753, -0.292301, 0.046444
1.618028, -1.030388, -0.355663, 0.264320
1.618973, -1.026154, -0.212555, -0.075607
1.619480, -0.982189, -0.211849, -0.292683
1.619981, -0.996494, -0.209713, -0.327873
1.620485, -0.999851, -0.234661, -0.196991
1.620989, -0.959339, -0.418015, -0.094929
1.621476, -0.939426, -0.468445, -0.060329
1.621976, -0.925426, -0.420837, -0.078259
1.622475, -0.899334, -0.440598, -0.107861
1.622971, -0.893250, -0.506001, -0.135136
1.623458, -0.892334, -0.479908, -0.136757
1.623950, -0.878258, -0.440216, -0.218143
1.624415, -0.866852, -0.437660, -0.316257
1.624915, -0.849438, -0.519218, -0.325012
1.625448, -0.844288, -0.511532, -0.266476
1.625997, -0.849648, -0.510521, -0.157166
1.626427, -0.842056, -0.557747, -0.086937
1.626906, -0.844746, -0.549374, -0.089684
1.627433, -0.843048, -0.511265, -0.044250
1.627915, -0.840530, -0.518684, -0.053596
1.628444, -0.841923, -0.495625, -0.070248
1.628914, -0.862827, -0.447655, -0.038319
1.629402, -0.895977, -0.409451, -0.018826
1.630409, -0.878372, -0.399246, -0.018120
1.630870, -0.881042, -0.431595, 0.041866
1.631434, -0.897598, -0.418758, 0.126228
1.631921, -0.908928, -0.430832, 0.139008
1.632365, -0.913410, -0.417118, 0.126991
1.632854, -0.908813, -0.411129, 0.121021
1.633359, -0.900173, -0.403385, 0.119591
1.633862, -0.876350, -0.431862, 0.119343
1.634352, -0.872440, -0.444126, 0.041962
1.634840, -0.871944, -0.432396, -0.010509
1.635343, -0.876656, -0.410824, -0.065403
1.635832, -0.884495, -0.425625, -0.064316
1.636322, -0.894604, -0.429459, -0.034771
1.636810, -0.891571, -0.446033, 0.006561
1.637298, -0.880051, -0.458679, 0.018463
1.637804, -0.879040, -0.467358, -0.018501
1.638328, -0.889664, -0.450401, -0.012131
1.638810, -0.911446, -0.437298, -0.036697
1.639300, -0.913601, -0.418377, -0.084019
1.639789, -0.910625, -0.431004, -0.151157
1.640292, -0.912781, -0.434036, -0.179214
1.640781, -0.920753, -0.406437, -0.177555
1.641268, -0.919857, -0.403481, -0.237408
1.641778, -0.903111, -0.436554, -0.218220
1.642294, -0.905037, -0.416393, -0.157681
1.642794, -0.912952, -0.424252, -0.166492
1.643283, -0.913296, -0.420628, -0.122147
1.643750, -0.927010, -0.413303, -0.191517
1.644279, -0.934792, -0.415401, -0.239391
1.644771, -0.943069, -0.394306, -0.187092
1.645758, -0.981636, -0.384731, -0.567303
1.646232, -0.945415, -0.402031, -0.663166
1.646735, -0.915260, -0.347443, -0.561733
1.647224, -0.867996, -0.380478, -0.380459
1.647713, -0.827198, -0.440083, -0.412464
1.648202, -0.731430, -0.595417, -0.276737
1.648738, -0.698032, -0.629177, -0.077820
1.649227, -0.751400, -0.725708, -0.109921
1.649729, -0.853100, -0.720558, -0.129261
1.650218, -0.978374, -0.591908, -0.385990
1.650698, -1.025200, -0.472660, -0.544777
1.651181, -1.003151, -0.283890, -0.524464
1.651715, -0.909405, -0.136318, -0.580330
1.652207, -0.782661, -0.182629, -0.442505
1.653174, -0.757198, -0.461807, -0.202827
1.653641, -0.817623, -0.394249, 0.006008
1.654150, -1.000538, -0.255146, 0.189896
1.654636, -1.191082, -0.384159, 0.304737
1.655166, -1.331520, -0.341949, 0.213699
1.655641, -1.271725, -0.293121, -0.409412
1.656145, -1.009026, -0.347919, -0.411320
1.656660, -0.854778, -0.206242, -0.382595
1.657641, -0.587215, -0.221004, -0.120602
1.658120, -0.543747, -0.483437, -0.060997
1.658636, -0.599480, -0.738506, 0.018883
1.659120, -0.696278, -0.856056, -0.203056
1.659620, -0.721321, -0.983391, 0.145874
1.660091, -0.852203, -0.846500, 0.081902
1.660586, -1.004391, -0.870762, 0.049915
1.661084, -1.195259, -0.556049, 0.293407
1.661583, -1.298714, -0.322227, -0.118809
1.662076, -1.148090, -0.343494, -0.209160
1.662595, -0.861454, -0.392952, -0.105286
1.663060, -0.680637, -0.157986, 0.038185
1.663572, -0.659084, -0.490551, -0.100842
1.664083, -0.741768, -0.505619, 0.149536
1.664550, -0.887642, -0.390720, -0.148430
1.665074, -0.846958, -0.388107, 0.014400
1.665551, -0.769424, -0.426426, 0.083179
1.666033, -0.722084, -0.567341, 0.208931
1.666559, -0.786514, -0.811119, 0.178242
1.667019, -0.838757, -0.865364, 0.003719
1.667542, -0.859814, -0.645943, 0.166798
1.668039, -0.821095, -0.368404, 0.050735
1.668520, -0.657597, -0.348320, -0.105324
1.669033, -0.515862, -0.446835, -0.117779
1.669537, -0.461998, -0.305729, -0.007420
1.670040, -0.508690, -0.337639, 0.039158
1.671004, -0.772343, -0.882912, 0.275650
1.671509, -0.924644, -0.764427, 0.161896
1.672017, -0.926514, -1.109047, 0.330486
1.672529, -0.960293, -0.715275, 0.276871
1.672979, -0.960255, -0.634174, -0.181713
1.673492, -0.817509, -0.526829, -0.054417
1.673987, -0.721302, -0.284710, 0.239277
1.674457, -0.755138, -0.301571, 0.250034
1.674974, -0.855236, -0.754967, -0.068054
1.675480, -0.892887, -0.732155, -0.037251
1.676068, -0.946350, -0.740185, 0.246201
1.676483, -0.968952, -0.699825, 0.453396
1.676986, -0.970554, -0.691414, 0.177479
1.677487, -0.861607, -0.659714, -0.064945
1.677986, -0.690727, -0.583572, 0.024929
1.678485, -0.578575, -0.476475, 0.156116
1.678989, -0.617638, -0.530796, 0.151234
1.679419, -0.709190, -0.587406, -0.064240
1.679972, -0.755825, -0.705814, 0.096645
1.680398, -0.821743, -0.588493, 0.340462
1.680913, -0.890331, -0.514030, 0.236645
1.681466, -0.890999, -0.584831, 0.082664
1.681896, -0.812893, -0.418682, 0.099697
1.682397, -0.763378, -0.463562, 0.276585
1.682904, -0.808601, -0.512657, 0.297413
1.683420, -0.847511, -0.600967, 0.194721
1.683863, -0.839615, -0.629215, 0.309830
1.684367, -0.816936, -0.458546, 0.390625
1.684870, -0.803928, -0.432568, 0.304585
1.685374, -0.812473, -0.466595, 0.110416
1.685925, -0.793114, -0.358677, 0.095863
1.686369, -0.797901, -0.389557, 0.244904
1.686872, -0.863400, -0.513725, 0.175591
1.687331, -0.915070, -0.685539, 0.245819
1.687850, -0.926590, -0.602303, 0.314522
1.688352, -0.891094, -0.636425, 0.464249
1.688855, -0.898342, -0.602055, 0.388470
1.689359, -0.910301, -0.617008, 0.162487
1.689848, -0.875225, -0.588341, 0.102081
1.690351, -0.847721, -0.521164, 0.101166
1.690840, -0.824585, -0.501366, 0.133324
1.691330, -0.825119, -0.566978, 0.199680
1.691833, -0.826378, -0.574703, 0.177059
1.692293, -0.807457, -0.533142, 0.252075
1.692795, -0.792122, -0.567703, 0.250530
1.693286, -0.807209, -0.588474, 0.240688
1.693777, -0.832748, -0.545502, 0.162354
1.694778, -0.811558, -0.572166, 0.101833
1.695267, -0.808411, -0.532379, 0.152531
1.695758, -0.812817, -0.548153, 0.179443
1.696285, -0.815296, -0.571270, 0.181675
1.696780, -0.834904, -0.590019, 0.141277
1.697279, -0.828457, -0.556793, 0.115166
1.697746, -0.810776, -0.514545, 0.134430
1.698271, -0.806503, -0.514565, 0.121498
1.698746, -0.801334, -0.534344, 0.111961
1.699214, -0.801029, -0.543957, 0.132313
1.699721, -0.800838, -0.522060, 0.165157
1.700247, -0.791492, -0.511494, 0.173588
1.700705, -0.784855, -0.507450, 0.178108
1.701202, -0.787754, -0.490246, 0.144825
1.701717, -0.798531, -0.471516, 0.100975
1.702703, -0.794582, -0.509377, 0.059814
1.703180, -0.788918, -0.478420, 0.123520
1.703691, -0.792236, -0.488319, 0.127258
1.704209, -0.788116, -0.524368, 0.140171
1.704675, -0.791740, -0.514908, 0.173664
1.705187, -0.801907, -0.520077, 0.145721
1.705680, -0.800972, -0.525894, 0.052967
1.706183, -0.793285, -0.520172, -0.000820
1.706653, -0.795746, -0.512123, 0.027447
1.707170, -0.812969, -0.517464, 0.082531
1.707679, -0.856915, -0.569553, 0.103550
1.708139, -0.892353, -0.593147, 0.122318
1.708665, -0.933590, -0.657444, 0.154972
1.709136, -0.946465, -0.620232, 0.158005
1.709629, -0.917377, -0.549984, 0.141716
1.710146, -0.878716, -0.540180, 0.174522
1.710651, -0.853748, -0.498848, 0.151176
1.711609, -0.835953, -0.538254, 0.080109
1.712113, -0.807896, -0.487671, 0.096264
1.712633, -0.800724, -0.464802, 0.149345
1.713106, -0.791969, -0.483418, 0.136223
1.713595, -0.780487, -0.485039, 0.116730
1.714084, -0.772934, -0.497780, 0.095806
1.715077, -0.893173, -0.541286, 0.188141
1.715568, -0.974159, -0.532284, 0.196190
1.716553, -0.907269, -0.514870, 0.201511
1.717064, -0.852757, -0.520535, 0.174351
1.717602, -0.807056, -0.555954, 0.082111
1.718559, -0.717163, -0.492058, 0.069618
1.719061, -0.713482, -0.477867, 0.074501
1.719567, -0.729694, -0.485592, 0.090122
1.720040, -0.763874, -0.494194, 0.087891
1.720543, -0.790176, -0.474377, 0.081062
1.721145, -0.833416, -0.487404, 0.060825
1.721542, -0.887756, -0.450935, 0.005875
1.722102, -0.904350, -0.451889, -0.002594
1.722578, -0.872726, -0.478268, 0.042343
1.723066, -0.865746, -0.537109, 0.117741
1.723598, -0.897179, -0.561161, 0.166569
1.724084, -0.888443, -0.503483, 0.108147
1.724636, -0.830479, -0.507965, 0.120296
1.724977, -0.809765, -0.529099, 0.106907
1.725583, -0.830288, -0.519714, 0.108147
1.726137, -0.851841, -0.507774, 0.065784
1.726489, -0.829926, -0.479374, 0.028324
1.727060, -0.803204, -0.473347, 0.025826
1.727584, -0.800648, -0.486584, 0.028744
1.727989, -0.833492, -0.506287, 0.019073
1.728451, -0.850201, -0.477829, 0.039196
1.728995, -0.840836, -0.451279, 0.075722
1.729467, -0.839653, -0.457039, 0.057755
1.729952, -0.848389, -0.467758, 0.027142
1.730469, -0.875282, -0.499344, 0.017262
1.730943, -0.895176, -0.488110, 0.038223
1.731428, -0.900459, -0.470467, 0.076504
1.732440, -0.894871, -0.480194, 0.029392
1.733417, -0.905952, -0.490952, 0.085144
1.734440, -0.980606, -0.438385, 0.025444
1.734899, -0.962238, -0.409241, 0.049496
1.735404, -0.908871, -0.407009, 0.100670
1.735951, -0.863400, -0.439873, 0.065727
1.736391, -0.814953, -0.484200, 0.046883
1.736884, -0.787086, -0.510654, 0.025196
1.737395, -0.774822, -0.530510, 0.011921
1.737895, -0.772705, -0.536079, 0.007610
1.738357, -0.765057, -0.546265, 0.022182
1.738871, -0.763493, -0.541630, 0.041943
1.739379, -0.754032, -0.540791, 0.041790
1.739842, -0.754166, -0.519028, 0.038185
1.740362, -0.752831, -0.494690, 0.005703
1.740870, -0.766144, -0.485535, -0.045052
1.741848, -0.876427, -0.424652, 0.036945
1.742352, -0.986500, -0.369930, -0.010452
1.742855, -1.044788, -0.332489, -0.025921
1.743845, -1.068020, -0.269833, 0.029964
1.744332, -1.066532, -0.321598, -0.005913
1.744816, -1.024246, -0.371590, 0.030022
1.745305, -0.997677, -0.365372, 0.043697
1.745788, -0.962162, -0.395756, 0.038223
1.746279, -0.923691, -0.465202, 0.047283
1.746811, -0.913105, -0.497665, 0.056190
1.747315, -0.927181, -0.468922, 0.033646
1.748263, -0.911846, -0.446453, -0.048180
1.748767, -0.915413, -0.430965, -0.039120
1.749270, -0.911903, -0.424309, 0.008125
1.749774, -0.901318, -0.437527, 0.053539
1.750278, -0.904026, -0.432339, 0.059357
1.750766, -0.907192, -0.415745, 0.043621
1.751270, -0.912247, -0.407696, 0.018864
1.751775, -0.922070, -0.397778, 0.018959
1.752265, -0.930576, -0.393429, 0.026798
1.752767, -0.932159, -0.397072, 0.038338
1.753211, -0.935020, -0.384464, 0.051670
1.753715, -0.937767, -0.373363, 0.048866
1.754204, -0.935669, -0.375252, 0.055027
1.754697, -0.931225, -0.370102, 0.054684
1.755196, -0.933800, -0.367584, 0.053234
1.755688, -0.924320, -0.382347, 0.044212
1.756222, -0.909843, -0.391788, 0.035439
1.756712, -0.901718, -0.402145, 0.035362
1.757214, -0.898476, -0.417881, 0.044727
1.757714, -0.899792, -0.421448, 0.051651
1.758221, -0.904388, -0.421677, 0.036526
1.758707, -0.897903, -0.425968, 0.021076
1.759655, -0.895767, -0.429668, -0.002537
1.760693, -0.898628, -0.433445, 0.012436
1.761179, -0.893669, -0.436001, 0.014114
1.761665, -0.895634, -0.430889, 0.018063
1.762148, -0.894470, -0.433578, 0.020733
1.762641, -0.889702, -0.437832, 0.012875
1.763139, -0.877457, -0.449600, 0.001030
1.763643, -0.871716, -0.456696, -0.008373
1.764144, -0.866680, -0.463600, -0.009995
1.764651, -0.860939, -0.474625, 0.006657
1.765152, -0.855064, -0.487690, 0.027790
1.766604, -0.855160, -0.488014, 0.023270
1.767102, -0.853138, -0.482311, 0.015831
1.767611, -0.851059, -0.478058, 0.017834
1.768102, -0.851135, -0.474281, 0.024166
1.768597, -0.850391, -0.475788, 0.030346
1.769092, -0.848904, -0.474434, 0.036182
1.769601, -0.850754, -0.477962, 0.041313
1.770129, -0.848579, -0.481167, 0.041981
1.770579, -0.850296, -0.476761, 0.038948
1.771110, -0.855484, -0.480309, 0.036736
1.771602, -0.852642, -0.478096, 0.031929
1.772080, -0.851212, -0.475082, 0.030880
1.773101, -0.847626, -0.476494, 0.045891
1.774588, -0.847168, -0.470238, 0.038929
1.775033, -0.849609, -0.467720, 0.032120
1.775506, -0.849648, -0.469246, 0.035057
1.776011, -0.850410, -0.475063, 0.041332
1.776529, -0.849648, -0.473423, 0.048389
1.777015, -0.850658, -0.478268, 0.054455
1.777489, -0.848541, -0.479126, 0.051823
1.777996, -0.848045, -0.479851, 0.048218
1.778514, -0.852547, -0.478535, 0.045490
1.778969, -0.848465, -0.478630, 0.041466
1.779507, -0.852470, -0.475883, 0.035343
1.780006, -0.853386, -0.474110, 0.036392
1.780500, -0.852318, -0.476646, 0.040092
1.780999, -0.851231, -0.475826, 0.045948
1.781478, -0.851173, -0.476570, 0.049000
1.781981, -0.849953, -0.478668, 0.051746
1.782484, -0.852528, -0.473614, 0.049992
1.782973, -0.854416, -0.474014, 0.050564
1.783449, -0.856419, -0.473671, 0.055542
1.783951, -0.855541, -0.472012, 0.051041
1.784470, -0.857258, -0.470963, 0.055981
1.784938, -0.863419, -0.457973, 0.063362
1.785432, -0.896587, -0.410423, 0.089684
1.786439, -0.913219, -0.378418, 0.085392
1.786898, -0.877838, -0.400524, 0.075417
1.787921, -0.878067, -0.417004, 0.064030
1.788427, -0.893173, -0.414867, 0.071678
1.788929, -0.899067, -0.404282, 0.073528
1.789374, -0.906219, -0.393505, 0.080185
1.789876, -0.919895, -0.376911, 0.080471
1.790366, -0.929279, -0.359268, 0.077744
1.790913, -0.938206, -0.330296, 0.079880
1.791403, -0.957127, -0.308456, 0.078907
1.791891, -0.972214, -0.290813, 0.093002
1.792365, -0.986423, -0.281239, 0.101871
1.792854, -0.996189, -0.277138, 0.108795
1.793343, -1.002941, -0.287952, 0.095596
1.793879, -1.007080, -0.301533, 0.080204
1.794349, -1.009903, -0.317745, 0.062103
1.794845, -0.985260, -0.368233, 0.027428
1.795834, -0.951691, -0.428505, 0.027370
1.796309, -0.967503, -0.439281, 0.041714
1.796842, -0.978088, -0.452595, 0.021267
1.797333, -0.968513, -0.466595, 0.013275
1.797804, -0.946941, -0.465336, 0.024319
1.798342, -0.916805, -0.500660, 0.020466
1.798810, -0.881252, -0.543270, 0.017700
1.799330, -0.870304, -0.560417, 0.025311
1.799821, -0.890617, -0.538597, 0.039253
1.800296, -0.937805, -0.469265, 0.078926
1.800774, -1.018429, -0.376129, 0.122395
1.801316, -1.104698, -0.270786, 0.136261
1.801788, -1.175194, -0.145264, 0.141220
1.802264, -1.220741, -0.046673, 0.180454
1.802790, -1.270733, 0.056763, 0.214157
1.803276, -1.327686, 0.148716, 0.264931
1.804257, -1.303291, 0.209160, 0.236721
1.804743, -1.224327, 0.084152, 0.173645
1.805269, -1.136265, 0.019455, 0.118828
1.805730, -1.041870, -0.217361, 0.061436
1.806232, -0.944977, -0.260162, 0.020256
1.807249, -1.039658, -0.132656, 0.195255
1.807745, -1.186752, 0.066624, 0.212898
1.808213, -1.272564, 0.168552, 0.201874
1.809209, -0.852280, -0.509262, 0.091248
1.809694, -0.716648, -0.622368, 0.011120
1.810209, -0.800285, -0.394154, 0.243931
1.810713, -0.975342, -0.519753, -0.071201
1.811215, -0.976715, -0.729733, -0.296135
1.811690, -0.964222, -0.565834, -0.002003
1.812195, -1.079426, -0.335369, 0.100079
1.813156, -1.118870, -0.110321, -0.128021
1.813671, -0.916386, -0.299492, -0.079250
1.814176, -0.760975, -0.306568, 0.321083
1.814678, -0.876732, -0.329456, 0.125637
1.815179, -0.909081, -0.360451, -0.265179
1.815685, -0.833111, -0.404472, -0.240917
1.816183, -0.828953, -0.412407, 0.193138
1.816677, -0.909634, -0.242920, 0.257683
1.817183, -0.959244, -0.660725, -0.145893
1.817685, -0.718594, -1.273384, -0.803757
1.818603, -0.469322, -1.247330, -0.400944
1.819596, -1.136246, -0.276871, 0.171394
1.820106, -1.302223, -0.101204, 0.037346
1.820664, -1.316376, 0.180931, 0.011673
1.821078, -1.215324, 0.225792, -0.178738
1.821589, -0.960007, 0.184097, -0.254822
1.822090, -0.805569, 0.090294, 0.006809
1.822604, -0.876102, -0.137272, 0.196686
1.823112, -1.004772, -0.167732, 0.402603
1.823612, -1.096554, -0.199471, 0.531788
1.824075, -1.059208, 0.036182, 0.592747
1.824546, -0.950012, -0.290089, 0.421829
1.825050, -0.713882, -0.799389, -0.147743
1.825556, -0.479164, -1.137905, -0.519543
1.826047, -0.533772, -1.157150, -0.214806
1.826573, -0.780945, -0.776882, -0.064240
1.827025, -1.004791, -0.569801, 0.382042
1.827568, -1.103230, -0.478554, 0.489655
1.828526, -0.720024, -1.068535, -1.073799
1.829034, -0.549126, -0.757999, -0.528069
1.829498, -0.893345, 0.009499, 0.157757
1.830013, -1.347694, 0.651608, 0.500221
1.830533, -1.400356, 0.823269, 0.845833
1.830988, -0.953560, 0.877380, 0.895729
1.831512, -0.501213, -0.394421, 0.359097
1.832012, -0.418892, -1.597767, -0.873108
1.832989, -0.709991, -0.749874, -0.044804
1.833494, -1.051884, -0.645161, -0.264835
1.833981, -1.001186, -0.807285, -0.351238
1.834487, -0.831871, -0.891914, 0.093708
1.834995, -0.777035, -0.652733, 0.512409
1.835449, -0.932770, -0.157452, 0.112267
1.835971, -0.878868, -0.716038, -0.669060
1.836444, -0.574722, -1.497002, -1.001167
1.836976, -0.452347, -1.199436, -0.383015
1.837478, -0.655499, -1.031666, 0.109482
1.837923, -0.909729, -0.713902, 0.159092
1.838426, -1.086426, -0.387039, 0.349655
1.838915, -1.259060, -0.004501, 0.489864
1.839419, -1.387882, 0.282383, 0.035858
1.839924, -1.259403, 0.339508, -0.296154
1.840417, -0.983200, 0.247555, -0.343761
1.840924, -0.791626, 0.025291, -0.254765
1.841395, -0.755959, -0.246372, -0.038567
1.841900, -0.830421, -0.496311, 0.276337
1.842390, -0.913067, -0.565338, 0.354500
1.842877, -0.856018, -0.652924, 0.397282
1.843376, -0.862007, -0.391560, 0.317726
1.843878, -0.969639, -0.053673, 0.116138
1.844393, -0.953274, 0.096607, -0.300980
1.845368, -0.720158, -0.361538, -0.235329
1.845877, -0.616493, -1.191101, 0.092030
1.846351, -0.534325, -1.369457, 0.421047
1.846861, -0.640030, -1.212025, 0.346794
1.847374, -0.814133, -0.857143, 0.201569
1.847828, -1.032143, -0.429115, 0.128994
1.848350, -1.211147, -0.219250, -0.063839
1.848864, -1.179771, 0.081100, -0.287399
1.849342, -0.868359, -0.354786, -0.529785
1.849806, -0.515423, -1.095352, -0.534039
1.850321, -0.534973, -1.102409, -0.339928
1.850840, -0.798111, -0.550861, 0.359650
1.851293, -1.070671, -0.172462, 0.452290
1.851817, -1.067982, -0.104485, 0.220051
1.852325, -0.850372, -0.210991, -0.139580
1.852791, -0.705376, -0.458889, -0.342808
1.853304, -0.732479, -0.456829, -0.550632
1.853773, -0.731087, -0.411377, -0.100880
1.854284, -0.728760, -0.809517, -0.069733
1.854803, -0.684605, -0.991955, -0.003700
1.855269, -0.724869, -1.170082, 0.069771
1.855774, -0.777264, -0.803757, 0.131073
1.856276, -0.862045, -0.422726, 0.101318
1.856765, -0.888996, -0.434837, 0.075798
1.857271, -0.913506, -0.214996, -0.007076
1.857732, -0.900173, -0.071411, 0.054626
1.858250, -0.825825, -0.076065, 0.215588
1.858766, -0.742702, -0.086536, 0.293388
1.859269, -0.773067, -0.709324, 0.126286
1.859754, -0.723057, -1.049652, -0.241280
1.860249, -0.594921, -1.192265, -0.224380
1.860720, -0.669880, -1.048794, -0.142117
1.861246, -0.836391, -0.901966, -0.276318
1.861718, -0.857067, -0.765839, -0.326195
1.862721, -0.863876, -0.587597, 0.112476
1.863218, -0.922489, -0.376091, 0.207634
1.863704, -0.907307, -0.290508, 0.360413
1.864199, -0.782394, -0.397739, 0.514774
1.864743, -0.740871, -0.274353, 0.366802
1.865234, -0.781631, -0.623093, -0.054398
1.865835, -0.757446, -0.708942, 0.010300
1.866269, -0.829754, -0.583076, 0.062160
1.866740, -0.867653, -0.690517, -0.107269
1.867285, -0.801601, -0.671921, -0.081711
1.867736, -0.786781, -0.382328, 0.162163
1.868249, -0.842876, -0.401840, 0.029011
1.868639, -0.804901, -0.575504, -0.226879
1.869170, -0.723896, -0.590916, -0.066776
1.869675, -0.733452, -0.514126, 0.153828
1.870119, -0.766354, -0.373192, 0.162640
1.870655, -0.749168, -0.323277, 0.257893
1.871157, -0.771904, -0.388660, 0.127182
1.871644, -0.757256, -0.546761, -0.128593
1.872104, -0.729618, -0.873108, -0.263596
1.872610, -0.734005, -1.016674, -0.187187
1.873093, -0.806179, -0.892010, -0.139351
1.874092, -0.858173, -0.810738, 0.050526
1.874589, -0.880375, -0.615616, 0.066528
1.875095, -0.881271, -0.569859, -0.014114
1.875597, -0.855522, -0.488567, -0.022964
1.876088, -0.832443, -0.337219, -0.104580
1.876603, -0.786533, -0.339622, -0.148029
1.877081, -0.737724, -0.543728, -0.236416
1.877555, -0.687580, -0.529194, -0.067062
1.878063, -0.705547, -0.562305, 0.030231
1.878557, -0.775909, -0.773296, -0.143929
1.879058, -0.778809, -0.794792, -0.219498
1.879568, -0.783501, -0.704460, -0.081692
1.880031, -0.796280, -0.723305, -0.070248
1.880547, -0.795155, -0.702667, -0.051231
1.881054, -0.822105, -0.763149, -0.048370
1.881512, -0.866528, -0.809422, -0.107861
1.882024, -0.878754, -0.767632, -0.093918
1.882528, -0.892067, -0.784149, -0.048771
1.883020, -0.904026, -0.781097, -0.034580
1.883499, -0.909748, -0.769844, -0.037479
1.884013, -0.900135, -0.792828, -0.068665
1.884519, -0.899429, -0.734005, -0.105305
1.885498, -0.913353, -0.750141, -0.042915
1.885973, -0.906544, -0.762844, 0.003033
1.886501, -0.908356, -0.781803, 0.011978
1.887004, -0.904312, -0.794182, 0.003128
1.887493, -0.907288, -0.789738, -0.031548
1.887996, -0.914192, -0.791397, -0.057125
1.888500, -0.916080, -0.813484, -0.076122
1.888989, -0.916634, -0.823231, -0.052204
1.889436, -0.922184, -0.827351, -0.027122
1.889981, -0.929012, -0.824299, -0.011654
1.890428, -0.939846, -0.832729, -0.013466
1.890930, -0.941753, -0.828056, -0.011692
1.891433, -0.952168, -0.799522, -0.018692
1.891937, -0.954208, -0.794086, -0.020256
1.892429, -0.953712, -0.780239, -0.025978
1.892918, -0.952950, -0.755539, -0.008335
1.893419, -0.946217, -0.747623, 0.005245
1.893932, -0.943871, -0.745640, 0.003567
1.894414, -0.944710, -0.723991, -0.005016
1.894900, -0.943184, -0.717258, -0.011044
1.895385, -0.941677, -0.722122, -0.027962
1.895880, -0.932980, -0.704384, -0.021801
1.896426, -0.928326, -0.688534, -0.006714
1.896871, -0.922260, -0.681305, -0.005417
1.897374, -0.914497, -0.668011, -0.015984
1.897866, -0.906773, -0.662708, -0.023003
1.898356, -0.900803, -0.653400, -0.021152
1.898901, -0.893288, -0.634804, -0.022106
1.899344, -0.887623, -0.628242, -0.041599
1.899847, -0.879383, -0.625515, -0.054531
1.900337, -0.866547, -0.618572, -0.053768
1.900832, -0.859280, -0.606575, -0.045986
1.902322, -0.838699, -0.582409, -0.032616
1.902821, -0.833912, -0.568523, -0.029278
1.903316, -0.827694, -0.562458, -0.034752
1.903810, -0.817394, -0.551758, -0.037918
1.904307, -0.798397, -0.538712, -0.040627
1.904811, -0.791416, -0.533180, -0.048199
1.905316, -0.786400, -0.530529, -0.044746
1.905812, -0.787735, -0.520000, -0.032120
1.906278, -0.779419, -0.514965, -0.020008
1.906811, -0.775127, -0.505238, -0.013313
1.907315, -0.771790, -0.500145, -0.008278
1.907819, -0.768967, -0.495129, -0.004234
1.908258, -0.762997, -0.490513, 0.000381
1.908804, -0.761528, -0.481815, -0.000935
1.909293, -0.759068, -0.477161, -0.003853
1.909759, -0.754070, -0.476151, -0.002880
1.910251, -0.748253, -0.468750, 0.000095
1.910744, -0.741348, -0.469265, 0.000458
1.911281, -0.733776, -0.466557, -0.000477
1.911767, -0.728550, -0.465546, 0.007038
1.912302, -0.724030, -0.467072, 0.011444
1.912797, -0.722866, -0.474281, 0.012474
1.913715, -0.713005, -0.471001, 0.013847
1.914232, -0.708199, -0.467587, 0.010071
1.914771, -0.703506, -0.467796, 0.004959
1.915226, -0.706120, -0.466957, 0.003510
1.915730, -0.700207, -0.466537, 0.002575
1.916189, -0.699043, -0.471611, -0.000610
1.916706, -0.697975, -0.475121, -0.001106
1.917184, -0.688229, -0.475273, 0.000439
1.917697, -0.684280, -0.480232, 0.005493
1.918174, -0.681438, -0.480576, 0.001526
1.918679, -0.676117, -0.484219, -0.002098
1.919167, -0.671368, -0.484486, -0.005550
1.919670, -0.671158, -0.490112, -0.001621
1.920173, -0.664787, -0.491180, -0.002270
1.920655, -0.660782, -0.498047, -0.007668
1.921159, -0.659332, -0.499458, -0.007038
1.921684, -0.662136, -0.501518, -0.002270
1.922144, -0.661526, -0.505447, -0.003796
1.922676, -0.659771, -0.514126, 0.000496
1.923135, -0.657310, -0.523834, 0.006962
1.923659, -0.658207, -0.524807, 0.009403
1.924116, -0.656013, -0.526981, 0.006428
1.924645, -0.653133, -0.525475, 0.006313
1.925101, -0.657291, -0.531921, 0.005836
1.925615, -0.651188, -0.536709, 0.002289
1.926129, -0.651321, -0.535583, -0.001888
1.926611, -0.649147, -0.536785, -0.001831
1.927121, -0.646286, -0.536804, 0.004940
1.927622, -0.644360, -0.542336, 0.008774
1.928070, -0.643387, -0.541801, 0.008125
1.928573, -0.640774, -0.537148, 0.009155
1.929077, -0.637951, -0.534630, 0.013485
1.929610, -0.636139, -0.527420, 0.013199
1.930055, -0.632153, -0.525875, 0.018063
1.930560, -0.631390, -0.518684, 0.025845
1.931062, -0.634708, -0.509968, 0.029716
1.931565, -0.638199, -0.504398, 0.035725
1.932070, -0.635910, -0.496216, 0.041599
1.932545, -0.641060, -0.488720, 0.048733
1.933033, -0.644855, -0.477848, 0.058498
1.933537, -0.643520, -0.469284, 0.064907
1.934041, -0.646858, -0.464211, 0.074425
1.934545, -0.652046, -0.450592, 0.084190
1.935033, -0.651817, -0.444145, 0.086823
1.935536, -0.661793, -0.436230, 0.087833
1.936002, -0.666580, -0.428658, 0.093136
1.936544, -0.674248, -0.416622, 0.098171
1.937034, -0.677185, -0.410767, 0.101223
1.937513, -0.684280, -0.405235, 0.111065
1.938004, -0.689850, -0.399704, 0.118694
1.938501, -0.693665, -0.393524, 0.123310
1.939007, -0.696468, -0.386353, 0.128460
1.939508, -0.700436, -0.384197, 0.129604
1.940013, -0.707779, -0.380096, 0.132294
1.940474, -0.711975, -0.372543, 0.131779
1.940963, -0.715199, -0.366745, 0.132256
1.941484, -0.719357, -0.367355, 0.133629
1.941986, -0.719891, -0.365238, 0.135250
1.942446, -0.722008, -0.362015, 0.137691
1.942945, -0.723705, -0.363636, 0.138283
1.943468, -0.723000, -0.366287, 0.140190
1.943969, -0.722923, -0.359592, 0.132809
1.944441, -0.725727, -0.358524, 0.130405
1.944924, -0.728092, -0.355396, 0.127583
1.945442, -0.727615, -0.348186, 0.127201
1.945973, -0.733891, -0.345573, 0.125256
1.946401, -0.733185, -0.342255, 0.124569
1.946947, -0.736065, -0.338955, 0.121346
1.947414, -0.734558, -0.339966, 0.118561
1.947935, -0.735931, -0.338707, 0.116749
1.948395, -0.737991, -0.338287, 0.114613
1.948901, -0.734043, -0.337257, 0.111904
1.949420, -0.732632, -0.339622, 0.107136
1.949890, -0.732651, -0.341797, 0.099926
1.950411, -0.732117, -0.344181, 0.097103
1.951869, -0.727291, -0.352364, 0.067596
1.952381, -0.727310, -0.356922, 0.062790
1.953364, -0.725842, -0.358677, 0.053749
1.953881, -0.728779, -0.362453, 0.052910
1.954335, -0.728512, -0.358505, 0.051708
1.954861, -0.732918, -0.361118, 0.049782
1.955340, -0.736046, -0.358925, 0.045776
1.955832, -0.739212, -0.364075, 0.044689
1.956354, -0.743370, -0.367813, 0.043411
1.956815, -0.749397, -0.373745, 0.039234
1.957329, -0.751572, -0.377350, 0.039768
1.957853, -0.757179, -0.384579, 0.039120
1.958358, -0.757980, -0.390663, 0.043793
1.958856, -0.757713, -0.400524, 0.045185
1.959359, -0.758820, -0.405750, 0.046978
1.960276, -0.765457, -0.408134, 0.041695
1.960836, -0.768375, -0.410328, 0.038605
1.961321, -0.766315, -0.415821, 0.035648
1.961778, -0.766602, -0.418701, 0.038166
1.962265, -0.768795, -0.422592, 0.042057
1.962767, -0.767269, -0.422535, 0.041561
1.963270, -0.768719, -0.428162, 0.040054
1.963775, -0.767937, -0.427456, 0.034904
1.964277, -0.769997, -0.431156, 0.033836
1.964766, -0.765667, -0.430679, 0.029564
1.965256, -0.764351, -0.432281, 0.033321
1.965760, -0.761967, -0.433407, 0.032291
1.966219, -0.765133, -0.434456, 0.029755
1.966736, -0.766411, -0.439053, 0.026760
1.967226, -0.765572, -0.439873, 0.022640
1.967730, -0.765438, -0.441666, 0.015430
1.968234, -0.773182, -0.444927, 0.009975
1.968728, -0.771332, -0.445290, 0.004635
1.969227, -0.772820, -0.447636, -0.004616
1.969729, -0.776863, -0.446777, -0.010681
1.970219, -0.777321, -0.451221, -0.019169
1.970708, -0.794735, -0.474949, -0.036945
1.971211, -0.817547, -0.490303, -0.070782
1.971716, -0.823154, -0.479412, -0.043392
1.972161, -0.828514, -0.470562, -0.044518
1.972664, -0.832939, -0.474510, -0.067673
1.973200, -0.840340, -0.485611, -0.078831
1.973655, -0.854912, -0.491104, -0.090008
1.974161, -0.869331, -0.485878, -0.107651
1.974663, -0.886326, -0.488434, -0.112152
1.975153, -0.905209, -0.474033, -0.115166
1.975657, -0.929184, -0.518513, -0.120659
1.976131, -1.183281, -0.830593, -0.209846
1.976648, -2.598915, -4.277306, -0.958462
1.977140, -3.439789, -3.603668, -0.859241
1.978154, -2.252274, -0.253124, 1.028767
1.978632, -1.730080, -0.125275, 0.245132
1.979128, -1.346321, -0.548286, -0.391426
1.979644, -0.957260, -0.557556, -0.498390
1.980086, -0.694809, -0.072727, -0.711384
1.980596, -0.736809, 0.121384, -0.848141
1.981109, -0.802841, -0.129261, -0.574894
1.981614, -1.017628, -0.168648, -0.097561
1.982075, -1.203728, -0.185299, 0.320225
1.982593, -1.261959, -0.251751, 0.483093
1.983077, -1.189766, -0.259552, 0.026741
1.983578, -1.050301, -0.139961, -0.397663
1.984097, -0.917854, -0.243683, -0.384789
1.984577, -0.881577, -0.405827, -0.231171
1.985073, -0.948982, -0.391521, 0.088024
1.985576, -0.951271, -0.409985, 0.267258
1.986070, -0.930386, -0.401077, 0.099621
1.986566, -0.973644, -0.157013, -0.319424
1.987535, -1.043568, -0.092316, -0.423985
1.988026, -1.044197, -0.114937, -0.262394
1.988546, -0.978737, -0.303764, -0.208397
1.989049, -0.950813, -0.373383, -0.158100
1.989552, -0.923557, -0.342426, -0.216541
1.990026, -0.888100, -0.421982, -0.230846
1.990509, -0.898533, -0.447884, -0.240459
1.991003, -0.913181, -0.441036, -0.262089
1.991500, -0.927525, -0.400143, -0.420933
1.991991, -0.923519, -0.378799, -0.463276
1.992500, -0.886745, -0.460815, -0.498085
1.992985, -0.871639, -0.471325, -0.393753
1.993505, -0.873089, -0.492420, -0.210629
1.994000, -0.865631, -0.573940, -0.141354
1.994467, -0.838909, -0.564060, -0.078049
1.994944, -0.814838, -0.565758, -0.126133
1.995443, -0.794792, -0.575752, -0.180531
1.995974, -0.783691, -0.514832, -0.242386
1.996440, -0.784225, -0.532780, -0.311432
1.996959, -0.803127, -0.537548, -0.325470
1.997443, -0.806236, -0.458622, -0.253429
1.997951, -0.790348, -0.465393, -0.157242
1.998411, -0.841942, -0.457745, 0.158844
1.998930, -0.980072, -0.337906, 0.308380
1.999440, -1.048927, -0.331326, 0.094700
1.999898, -1.033783, -0.361729, -0.064392
2.000899, -1.019764, -0.202160, -0.087547
2.001417, -0.965614, -0.246906, -0.122166
2.001927, -0.885105, -0.228462, -0.189438
2.002391, -0.823269, -0.227356, -0.242443
2.002918, -0.767269, -0.248013, -0.334435
2.003410, -0.704956, -0.424690, -0.264702
2.003885, -0.722771, -0.569954, 0.110035
2.004373, -0.857201, -0.559006, 0.135174
2.004921, -0.923252, -0.641422, -0.035210
2.005413, -0.879803, -0.643120, -0.025501
2.005952, -0.836430, -0.562840, 0.013542
2.006840, -0.788784, -0.427418, -0.298080
2.007343, -0.726128, -0.387211, -0.447102
2.007833, -0.681820, -0.392799, -0.450363
2.008322, -0.692101, -0.552006, -0.256042
2.008824, -0.805378, -0.581741, 0.155716
2.009315, -0.988998, -0.556164, 0.358791
2.009834, -1.079769, -0.543575, 0.403404
2.010323, -1.099319, -0.491848, 0.332870
2.010848, -1.068478, -0.447674, -0.011272
2.011300, -0.987225, -0.460014, -0.371628
2.011824, -0.910263, -0.399876, -0.425091
2.012308, -0.893898, -0.208416, -0.252037
2.012817, -0.895100, -0.249825, -0.245171
2.013301, -0.888252, -0.315189, 0.073738
2.013804, -0.956135, -0.288601, 0.163593
2.014278, -0.978985, -0.369892, -0.031605
2.014783, -0.947094, -0.374908, -0.075703
2.015257, -0.966263, -0.282879, -0.363903
2.015759, -0.873070, -0.222950, -0.462227
2.016282, -0.732822, -0.244064, -0.220871
2.016767, -0.695705, -0.372086, 0.126057
2.017258, -0.822468, -0.614891, 0.325127
2.017759, -0.985622, -0.595055, 0.358410
2.018242, -1.008492, -0.635986, 0.306969
2.018733, -1.018143, -0.586128, 0.650406
2.019255, -1.126900, -0.449333, 0.173550
2.019754, -1.095142, -0.383549, -0.148506
2.020247, -1.056843, -0.255947, -0.170021
2.020751, -1.043301, -0.217266, -0.037251
2.021242, -1.069374, -0.183773, -0.132751
2.021730, -0.989494, -0.256748, -0.308838
2.022203, -0.874653, -0.260143, -0.227985
2.022706, -0.782852, -0.278816, -0.069599
2.023197, -0.763874, -0.192146, -0.141830
2.023699, -0.769043, -0.261154, -0.549316
2.024190, -0.772171, -0.394230, -0.680008
2.024709, -0.783844, -0.420589, -0.455742
2.025219, -0.799637, -0.473385, 0.059719
2.026178, -1.173096, -0.542030, 0.388737
2.026663, -1.210537, -0.516796, 0.641537
2.027167, -1.162319, -0.298786, 0.318336
2.027662, -0.966034, -0.374508, -0.191574
2.028133, -0.754986, -0.442162, -0.302792
2.028638, -0.646591, -0.419865, -0.352974
2.029137, -0.641060, -0.437698, -0.706615
2.029636, -0.588570, -0.449047, -0.655212
2.030167, -0.566692, -0.414238, 0.047112
2.030636, -0.706081, -0.503979, 0.406971
2.031137, -0.870380, -0.677853, 0.519485
2.031643, -1.025429, -0.738945, 0.539284
2.032115, -1.144409, -0.620575, 0.386086
2.032619, -1.139202, -0.543270, 0.254459
2.033122, -1.071301, -0.562553, 0.264854
2.033625, -1.068020, -0.486469, 0.042458
2.034115, -1.039391, -0.437489, 0.084133
2.034619, -1.037407, -0.280857, 0.506344
2.035123, -1.122875, -0.144482, 0.251293
2.035594, -1.051331, -0.284424, -0.069294
2.036099, -0.877056, -0.341072, 0.047398
2.036560, -0.793419, -0.323009, 0.220261
2.037066, -0.809917, -0.353317, 0.305958
2.037567, -0.820999, -0.442066, 0.162525
2.038071, -0.823383, -0.504360, 0.104294
2.038573, -0.832729, -0.499763, -0.002537
2.039063, -0.794468, -0.520554, -0.088654
2.039572, -0.786362, -0.520458, -0.143032
2.040030, -0.786667, -0.420399, -0.126057
2.041022, -0.713825, -0.428791, -0.147991
2.041541, -0.702534, -0.585995, 0.121708
2.042041, -0.801754, -0.541344, 0.213871
2.043036, -0.895290, -0.671806, 0.177212
2.043532, -0.945454, -0.480118, 0.019875
2.044516, -0.897293, -0.379257, -0.019436
2.045009, -0.875587, -0.323677, -0.007305
2.045499, -0.885944, -0.337334, -0.101299
2.046011, -0.848160, -0.323715, 0.028419
2.046473, -0.847397, -0.416183, 0.262222
2.046976, -0.911674, -0.485172, 0.363712
2.047486, -0.977497, -0.473080, 0.088921
2.047967, -0.933094, -0.502529, 0.131569
2.048464, -0.909061, -0.446663, 0.222187
2.048975, -0.899334, -0.510025, 0.192318
2.049439, -0.919666, -0.483494, 0.073376
2.050003, -0.919781, -0.468349, 0.023327
2.050471, -0.922661, -0.429554, 0.111675
2.050961, -0.903034, -0.407257, 0.122910
2.051465, -0.859547, -0.394878, 0.124969
2.051968, -0.839443, -0.372944, 0.150909
2.052485, -0.856438, -0.420551, 0.130463
2.052974, -0.909958, -0.451870, 0.176640
2.053478, -0.953445, -0.426903, 0.179081
2.054405, -0.937328, -0.405598, 0.318394
2.054947, -0.941257, -0.429554, 0.314026
2.055938, -0.943909, -0.421619, 0.273571
2.056375, -0.946026, -0.417652, 0.247459
2.056885, -0.942230, -0.421543, 0.219631
2.057389, -0.933323, -0.407925, 0.236645
2.057896, -0.919933, -0.429249, 0.255470
2.058397, -0.904999, -0.492706, 0.262127
2.058885, -0.904980, -0.524845, 0.280933
2.059389, -0.919647, -0.524406, 0.312748
2.059877, -0.943146, -0.469303, 0.321636
2.060370, -0.944557, -0.439873, 0.305462
2.060869, -0.940399, -0.439930, 0.296059
2.061324, -0.929546, -0.419998, 0.278034
2.061835, -0.924129, -0.403156, 0.266514
2.062346, -0.912590, -0.392551, 0.261955
2.062814, -0.898876, -0.384197, 0.273933
2.063344, -0.889435, -0.409546, 0.322914
2.063803, -0.885811, -0.440483, 0.374222
2.064318, -0.885410, -0.456409, 0.395889
2.064829, -0.887527, -0.468655, 0.391674
2.065292, -0.892200, -0.490322, 0.352554
2.065794, -0.897236, -0.512867, 0.326881
2.066321, -0.910683, -0.523281, 0.333481
2.066788, -0.933475, -0.533810, 0.311813
2.067309, -0.946770, -0.539856, 0.290146
2.067772, -0.960541, -0.578384, 0.262833
2.068292, -0.977955, -0.640526, 0.233841
2.069270, -1.015053, -0.688477, 0.241127
2.070256, -1.015244, -0.691223, 0.319042
2.070774, -1.028290, -0.666962, 0.312843
2.071230, -1.037636, -0.676537, 0.250988
2.071760, -1.031246, -0.668316, 0.218449
2.072228, -1.032238, -0.651016, 0.218048
2.072747, -1.034698, -0.650730, 0.188389
2.073255, -1.035595, -0.655689, 0.188694
2.073716, -1.033440, -0.649319, 0.228100
2.074228, -1.032944, -0.645580, 0.265121
2.074739, -1.038094, -0.651722, 0.270653
2.075191, -1.035767, -0.644112, 0.267448
2.075707, -1.040668, -0.638695, 0.218906
2.076218, -1.033916, -0.622978, 0.231991
2.076707, -1.038513, -0.601768, 0.219841
2.077182, -1.039772, -0.594234, 0.199814
2.077710, -1.038437, -0.587482, 0.198097
2.078689, -1.041203, -0.560474, 0.212841
2.079180, -1.046524, -0.539684, 0.203571
2.079700, -1.041183, -0.536022, 0.196037
2.080678, -1.028652, -0.514889, 0.188217
2.081181, -1.015816, -0.509701, 0.175247
2.081670, -1.006260, -0.500813, 0.153961
2.082159, -0.994396, -0.485935, 0.137405
2.082653, -0.985374, -0.477791, 0.124016
2.083153, -0.973186, -0.478401, 0.115833
2.083640, -0.968933, -0.478573, 0.108624
2.084162, -0.962658, -0.474968, 0.101948
2.084610, -0.954514, -0.472889, 0.097237
2.085154, -0.941544, -0.466862, 0.096512
2.085647, -0.931149, -0.460701, 0.096722
2.086118, -0.925274, -0.457211, 0.094795
2.086620, -0.918999, -0.451088, 0.090942
2.087097, -0.912590, -0.442638, 0.081043
2.087584, -0.905094, -0.429955, 0.069542
2.088104, -0.904655, -0.417385, 0.058937
2.089064, -0.889835, -0.408192, 0.052185
2.089569, -0.879021, -0.409069, 0.060692
2.090057, -0.870457, -0.405750, 0.075665
2.090563, -0.860615, -0.406818, 0.087624
2.091055, -0.856876, -0.405788, 0.099430
2.091589, -0.852013, -0.403023, 0.100689
2.092057, -0.845642, -0.398731, 0.098667
2.092563, -0.837727, -0.387650, 0.089226
2.093065, -0.833969, -0.380726, 0.087299
2.093550, -0.829029, -0.373783, 0.093193
2.094542, -0.818901, -0.379448, 0.124092
2.095051, -0.813160, -0.380859, 0.136738
2.095529, -0.810127, -0.381241, 0.150890
2.096105, -0.807381, -0.382900, 0.163498
2.096544, -0.807476, -0.387878, 0.171833
2.097036, -0.798054, -0.383968, 0.179443
2.097537, -0.794506, -0.383797, 0.184402
2.098043, -0.797234, -0.385590, 0.188026
2.098530, -0.795689, -0.388508, 0.193100
2.099019, -0.796070, -0.387268, 0.205040
2.099537, -0.800152, -0.390701, 0.211868
2.100042, -0.798359, -0.395203, 0.217075
2.100520, -0.795155, -0.400162, 0.228271
2.101004, -0.796661, -0.405102, 0.246563
2.101448, -0.792427, -0.409966, 0.260296
2.101994, -0.793324, -0.414639, 0.267906
2.102505, -0.794334, -0.416965, 0.268173
2.102959, -0.791759, -0.424862, 0.267296
2.103435, -0.795841, -0.427284, 0.267944
2.103945, -0.794468, -0.432301, 0.268421
2.104455, -0.796509, -0.431824, 0.274239
2.104950, -0.795269, -0.433159, 0.284119
2.105436, -0.798893, -0.443439, 0.289154
2.105971, -0.799961, -0.455875, 0.296612
2.106441, -0.797462, -0.459900, 0.302677
2.106929, -0.801315, -0.463810, 0.306206
2.107434, -0.799885, -0.466175, 0.304222
2.107938, -0.805702, -0.467453, 0.299587
2.108429, -0.807133, -0.466175, 0.294743
2.108930, -0.806828, -0.470524, 0.295353
2.109375, -0.808754, -0.477524, 0.295010
2.109878, -0.813427, -0.484352, 0.298100
2.110363, -0.814152, -0.487823, 0.303288
2.110878, -0.812988, -0.495243, 0.306072
2.111360, -0.816441, -0.498009, 0.303764
2.112396, -0.813541, -0.500259, 0.303593
2.112842, -0.814304, -0.497513, 0.295067
2.113345, -0.821114, -0.504398, 0.286331
2.113834, -0.819588, -0.501747, 0.280113
2.114338, -0.822926, -0.503368, 0.275345
2.114842, -0.823517, -0.507717, 0.268402
2.115332, -0.823078, -0.515022, 0.267067
2.115823, -0.822010, -0.514412, 0.263882
2.116320, -0.824680, -0.514355, 0.260086
2.116817, -0.824852, -0.514488, 0.254059
2.117311, -0.828476, -0.516796, 0.246906
2.117799, -0.829582, -0.517464, 0.238056
2.118288, -0.831947, -0.518208, 0.227146
2.118795, -0.835075, -0.514126, 0.220795
2.119301, -0.835400, -0.510044, 0.217514
2.119804, -0.834427, -0.511189, 0.207329
2.120308, -0.831852, -0.512161, 0.204563
2.120796, -0.834103, -0.511875, 0.199642
2.121303, -0.839291, -0.509129, 0.190563
2.121804, -0.838375, -0.510311, 0.187073
2.122796, -0.840530, -0.500679, 0.160923
2.123287, -0.838566, -0.497475, 0.147457
2.123775, -0.842991, -0.487900, 0.137482
2.124278, -0.841789, -0.485725, 0.127602
2.124782, -0.838604, -0.481453, 0.122204
2.125227, -0.840530, -0.482388, 0.116196
2.125731, -0.838718, -0.480957, 0.109768
2.126220, -0.841579, -0.481510, 0.100231
2.126723, -0.840244, -0.477295, 0.093441
2.127208, -0.833702, -0.476646, 0.087757
2.127750, -0.832214, -0.481815, 0.076199
2.128226, -0.834618, -0.481701, 0.064354
2.128704, -0.834446, -0.486488, 0.058632
2.129196, -0.835972, -0.491199, 0.048313
2.129701, -0.835438, -0.496635, 0.044746
2.130194, -0.833931, -0.499611, 0.044384
2.130698, -0.830097, -0.500965, 0.041180
2.131195, -0.830135, -0.504951, 0.033474
2.131672, -0.834160, -0.497227, 0.028248
2.132164, -0.827522, -0.489521, 0.016232
2.132705, -0.824184, -0.478306, 0.005093
2.133167, -0.825100, -0.466881, -0.011292
2.133685, -0.824051, -0.462360, -0.024853
2.134149, -0.827465, -0.460930, -0.036335
2.134663, -0.830021, -0.458755, -0.042000
2.135180, -0.826530, -0.458775, -0.047150
2.135639, -0.826797, -0.455132, -0.054264
2.136157, -0.825691, -0.453873, -0.059681
2.136618, -0.826721, -0.457611, -0.064545
2.137151, -0.828285, -0.453968, -0.069580
2.137649, -0.830498, -0.453701, -0.072117
2.138120, -0.833302, -0.452824, -0.075874
2.138632, -0.834236, -0.455246, -0.082855
2.139118, -0.837955, -0.455875, -0.087242
2.139635, -0.838261, -0.455723, -0.086842
2.140098, -0.840530, -0.458641, -0.090961
2.140616, -0.838757, -0.462112, -0.090160
2.141077, -0.836983, -0.459881, -0.083523
2.141580, -0.837364, -0.459118, -0.080204
2.142089, -0.832634, -0.453320, -0.077839
2.142603, -0.831356, -0.451660, -0.077171
2.143063, -0.832310, -0.449352, -0.073566
2.143567, -0.832291, -0.449371, -0.073318
2.144075, -0.835266, -0.443764, -0.068436
2.144581, -0.837955, -0.432205, -0.059166
2.145081, -0.840721, -0.425148, -0.059490
2.145586, -0.838108, -0.412960, -0.053120
2.146077, -0.838795, -0.402889, -0.045166
2.146555, -0.841846, -0.398750, -0.036716
2.147588, -0.839176, -0.399094, -0.032864
2.148080, -0.834408, -0.395374, -0.029278
2.212122, -0.756512, -0.509682, -0.353851
2.212211, -0.765076, -0.511456, -0.357456
2.212263, -0.771103, -0.513992, -0.359249
2.212313, -0.774250, -0.519543, -0.358715
2.212370, -0.783997, -0.521622, -0.361023
2.212423, -0.789471, -0.523415, -0.360909
2.212474, -0.799294, -0.518074, -0.360909
2.212524, -0.821190, -0.548401, -0.372581
2.212574, -0.865803, -0.652905, -0.449772
2.212622, -0.890045, -0.645275, -0.374908
2.212677, -0.930767, -0.633488, -0.307541
2.212730, -0.984077, -0.662441, -0.312958
2.212781, -1.370564, -1.113834, -0.405102
2.212829, -3.939667, -7.772923, -2.094002
2.212877, -3.786449, -4.313297, -1.104374
2.212929, -2.944813, 0.465527, 1.218185
2.212979, -2.408562, -0.163326, 1.330299
2.213032, -2.020397, 0.122852, 0.426502
2.213081, -1.457787, -0.648861, -0.506496
2.213132, -0.786686, -0.594406, -0.674343
2.213185, -0.570755, 0.080795, -1.064110
2.213241, -0.707169, 0.159836, -1.080017
2.213290, -0.787792, -0.062275, -0.809708
2.213340, -0.998840, 0.177364, -0.073795
2.213390, -1.067734, -0.038872, 0.399551
2.213438, -1.069336, -0.305042, 0.452728
2.213488, -1.019096, -0.398464, 0.171375
2.213539, -1.016884, -0.170803, -0.256424
2.213587, -0.900421, -0.376377, -0.223198
2.213636, -0.848770, -0.532684, -0.236454
2.213686, -0.872879, -0.499115, 0.118160
2.213734, -0.882473, -0.553989, 0.334816
2.213784, -0.843143, -0.535641, 0.222435
2.213835, -0.904179, -0.251255, -0.224743
2.213886, -0.849590, -0.391846, -0.360222
2.213937, -0.893784, -0.269508, -0.354805
2.214449, -0.888348, -0.293102, -0.212116
2.214889, -0.864048, -0.518608, -0.267735
2.215415, -0.849056, -0.547256, -0.166378
2.215879, -0.879269, -0.417118, -0.164127
2.216405, -0.861435, -0.521240, -0.055809
2.216916, -0.888176, -0.551682, -0.135727
2.217429, -0.860443, -0.554562, -0.238094
2.217878, -0.849609, -0.507946, -0.426884
2.218385, -0.878086, -0.414791, -0.619030
2.218886, -0.861797, -0.536919, -0.729752
2.219358, -0.852718, -0.581303, -0.706654
2.219863, -0.870075, -0.525684, -0.545197
2.220381, -0.838356, -0.620842, -0.339222
2.220833, -0.853710, -0.617752, -0.325565
2.221361, -0.874882, -0.603142, -0.361423
2.221863, -0.879478, -0.589523, -0.359821
2.222355, -0.924530, -0.521088, -0.457726
2.222856, -0.976524, -0.458832, -0.729885
2.223836, -0.880337, -0.382462, -0.950356
2.224339, -0.784454, -0.342178, -0.547104
2.225301, -0.848293, -0.335579, -0.273438
2.225806, -0.801277, -0.414276, -0.437450
2.226298, -0.741730, -0.458832, -0.752182
2.226795, -0.728912, -0.560055, -0.603333
2.227286, -0.849037, -0.541172, 0.082226
2.227777, -1.079102, -0.403709, 0.308590
2.228305, -1.251049, -0.471153, 0.189362
2.228796, -1.289444, -0.556355, -0.334969
2.229746, -0.808258, -0.317936, -0.807705
2.230253, -0.618286, -0.068913, -0.904408
2.230754, -0.603294, 0.035610, -0.942364
2.231256, -0.618687, -0.139675, -0.683727
2.231775, -0.663776, -0.255852, -0.105648
2.232253, -0.814228, -0.488262, 0.031910
2.232753, -0.977077, -0.779095, 0.201321
2.233259, -1.022301, -0.830326, -0.016232
2.233716, -0.969563, -0.763569, -0.169373
2.234219, -1.070499, -0.555725, -0.415058
2.234724, -1.106415, -0.332966, -1.533146
2.235227, -0.644665, -0.288048, -1.885738
2.235718, -0.091438, -0.086746, -0.829697
2.236212, -0.151882, -0.239067, -0.308876
2.236684, -0.608978, -0.352230, -0.028973
2.237246, -1.295490, -0.528393, 1.033344
2.237715, -2.061234, -0.388107, 0.347557
2.238219, -1.674881, -0.161228, -1.359844
2.238713, -0.608463, 0.365372, -1.395035
2.239212, -0.002537, 0.707722, -1.508503
2.239706, -0.018559, 0.183983, -0.367260
2.240220, -1.010647, -1.058331, 2.282047
2.240723, -2.374458, -0.693874, 0.675354
2.241141, -2.147999, -1.245995, -1.447887
2.241701, -0.773335, -0.853291, -1.989861
2.242139, 0.671082, 0.395088, -0.711632
2.242697, 1.020489, 0.663490, 0.432777
2.243126, 0.331593, 0.093060, -0.708065
2.243627, -0.827236, -1.830215, 0.614948
2.244133, -2.629356, -1.229973, 4.581547
2.244640, -4.462566, 0.314178, 0.378437
2.245136, -3.604813, -0.858669, -1.774712
2.245644, -1.909580, -1.467075, -3.181190
2.246116, 0.367661, -0.605888, -0.925941
2.246634, 1.342068, 0.395679, 1.863136
2.247582, 0.456600, 0.095062, -3.138943
2.248092, -0.027580, -0.962124, 0.578556
2.248604, -1.118736, -0.625153, 1.426868
2.249110, -1.397877, -0.863705, 0.234623
2.249603, -1.109104, -0.589027, -1.751385
2.250062, -0.081863, -0.276337, -2.061119
2.250559, 0.395794, 0.877972, -0.812149
2.251082, -0.353832, -1.682453, 1.970081
2.251576, -2.218437, -1.630516, 2.590332
2.252070, -3.652649, -0.261230, -2.114830
2.252566, -1.953526, -0.309105, -2.616367
2.253038, -0.419960, -0.858841, 4.745464
2.253562, -1.728001, -0.086899, 2.668381
2.254025, -1.877174, -0.538883, -1.955833
2.254550, -0.685577, -0.177212, -1.946239
2.255047, -0.219307, 0.757103, -1.036587
2.256500, -0.067940, -0.744991, 0.365868
2.257012, -0.835590, -0.539360, -0.090923
2.257521, -1.375999, -0.767193, 1.579208
2.257977, -1.895943, -0.245438, 1.132774
2.258500, -1.806583, -0.337105, -0.660019
2.259018, -1.370468, 0.711174, -0.822296
2.259479, -0.649643, 0.961380, -0.829868
2.260002, -0.008411, -0.041409, 0.541573
2.260489, -0.292950, -0.042267, -1.524715
2.260992, -0.206566, -1.727867, 0.891590
2.261948, -2.176762, -0.666351, 0.351810
2.262463, -1.849823, -0.553188, -0.771561
2.262984, -0.703583, 0.365982, -0.586700
2.263444, -0.152187, -0.054550, 0.657387
2.263965, -0.641327, -0.451164, -0.478439
2.264425, -0.947304, -0.475712, -0.200539
2.264941, -1.536903, 0.662479, -0.320473
2.265451, -1.544838, 0.181808, -0.735683
2.265984, -1.087093, -0.392208, 1.713047
2.266416, -1.074162, -0.211678, 0.024414
2.266901, -0.651035, -0.357723, -0.672512
2.267395, -0.340862, -0.907536, 0.700493
2.267908, -0.826855, -0.361176, 0.682163
2.268425, -1.605930, 0.383606, -2.468147
2.268915, -0.657597, 1.091061, -2.041664
2.269389, -0.020294, -1.509304, 4.661713
2.269867, -1.931438, -0.221043, 0.335770
2.270411, -1.035156, 0.146847, -4.208622
2.270885, 0.990429, -1.321259, 0.980396
2.271374, -0.375633, -1.756496, 3.988705
2.271850, -2.689972, -0.947456, 0.784988
2.272841, -1.853008, 0.739040, -1.008492
2.273390, -0.707493, 1.291618, -1.263256
2.273833, 0.313759, -0.045300, 1.271133
2.274366, 0.098324, -1.605148, 0.524826
2.274856, -0.293102, -1.495075, -0.839977
2.275336, -0.690289, -0.549507, -1.399517
2.276358, -0.932770, -0.604649, 2.717972
2.276853, -1.828442, -0.409374, 0.905151
2.277325, -1.500149, -0.096855, -1.108704
2.277808, -0.895195, 0.554848, -0.671482
2.278298, -0.535488, 1.457615, -0.211544
2.278829, -0.227127, 0.052795, 0.291367
2.279318, -0.469837, -1.437550, 0.331059
2.279835, -0.773659, -1.485863, 0.425301
2.280280, -1.059494, -1.722794, 1.534119
2.280821, -1.421967, -1.190796, 1.246777
2.281868, -1.440258, 0.097179, -0.843525
2.282282, -0.594521, 0.154667, -0.812473
2.282760, -0.000820, -0.689335, 0.842857
2.283274, -0.447159, -0.320587, 0.155983
2.283781, -0.782375, -0.788212, -1.246071
2.284254, -0.726280, -0.949841, 0.004005
2.284767, -1.031151, -0.216579, 1.433926
2.285255, -1.292439, 0.240841, 0.784187
2.285799, -1.040688, -0.636196, 1.421757
2.286263, -1.182270, -0.352669, -0.130177
2.286784, -0.655708, 0.350780, -2.037697
2.287270, -0.112877, 0.212917, 0.255527
2.287762, -0.793781, -0.471649, 1.697464
2.288264, -1.579685, -1.099491, 1.299019
2.288767, -1.598778, -1.484451, -0.108891
2.289259, -0.848770, -1.434917, -0.590305
2.289748, -0.218544, 0.012989, 0.037613
2.290204, -0.009193, 0.206127, 0.338821
2.290684, -0.318985, -0.756779, 1.193695
2.291685, -1.378021, -0.310593, -0.562973
2.292175, -1.147041, -0.356178, 1.280174
2.292678, -1.062927, -0.413914, 0.754433
2.293183, -0.785198, -1.057701, 0.979500
2.293663, -0.947285, -1.008186, 0.655823
2.294185, -1.237354, -0.059376, 0.153141
2.294665, -1.165276, 0.301361, -0.401230
2.295138, -0.625877, 0.140209, -0.302010
2.295655, -0.337849, -0.484180, 0.263844
2.296136, -0.557594, -0.692215, 0.662918
2.296664, -0.741978, -0.939045, 0.577621
2.297112, -0.884457, -0.746384, 0.445023
2.297611, -0.961475, -0.204773, -0.058212
2.298104, -0.782299, -0.128613, 0.398808
2.298633, -0.749435, -0.908489, 0.713902
2.299095, -0.883312, -0.798855, -0.183697
2.299618, -0.867405, -0.546894, -0.211105
2.300123, -0.852718, -0.330639, 0.371189
2.300608, -0.913639, -0.280190, 0.747089
2.301123, -0.985355, -0.499477, 0.812721
2.302071, -0.946999, -0.613575, 0.424423
2.302575, -0.992470, -0.549355, 0.231152
2.303079, -0.966644, -0.725803, -0.246067
2.303584, -0.802917, -0.627289, -0.069122
2.304086, -0.751476, -0.538692, 0.384369
2.304590, -0.794868, -0.405312, 0.526333
2.305539, -0.846596, -0.270119, 0.363846
2.306057, -0.833187, -0.474300, 0.205326
2.306573, -0.822468, -0.729237, 0.386219
2.307523, -0.890274, -0.584583, 0.116348
2.308012, -0.841274, -0.495377, 0.204296
2.308560, -0.803261, -0.425549, 0.261517
2.309049, -0.810223, -0.567245, 0.256519
2.309538, -0.864716, -0.658054, 0.297260
2.310045, -0.930214, -0.696926, 0.363693
2.310534, -1.002979, -0.687790, 0.363159
2.311018, -1.095276, -0.653324, 0.295982
2.311502, -1.132584, -0.740032, 0.219536
2.311984, -1.149216, -0.810375, 0.269146
2.312471, -1.184940, -0.755672, 0.339756
2.313511, -1.204414, -0.828991, 0.196304
2.314456, -1.223488, -0.791111, 0.300674
2.314992, -1.229401, -0.803814, 0.342369
2.315953, -1.252117, -0.787697, 0.230827
2.316473, -1.247292, -0.772457, 0.223484
2.316975, -1.240864, -0.781612, 0.256481
2.317465, -1.257534, -0.785408, 0.257854
2.317968, -1.249981, -0.806332, 0.234623
2.318413, -1.244526, -0.821781, 0.246658
2.318915, -1.263847, -0.794640, 0.209389
2.319411, -1.272697, -0.807991, 0.215130
2.319909, -1.268578, -0.828876, 0.276203
2.320411, -1.280556, -0.825062, 0.319099
2.320895, -1.289864, -0.803699, 0.292912
2.321390, -1.297359, -0.800457, 0.242748
2.321882, -1.296692, -0.788517, 0.240555
2.322401, -1.307335, -0.746746, 0.256290
2.322899, -1.307430, -0.732803, 0.249577
2.323400, -1.289082, -0.749607, 0.252209
2.323862, -1.285553, -0.703716, 0.246067
2.324377, -1.272945, -0.667706, 0.215530
2.324855, -1.241264, -0.675831, 0.183830
2.325374, -1.230888, -0.654984, 0.194855
2.325848, -1.215229, -0.637703, 0.214615
2.326382, -1.190147, -0.637722, 0.199642
2.326841, -1.173782, -0.614624, 0.160007
2.327353, -1.158810, -0.593338, 0.114689
2.327852, -1.133900, -0.589828, 0.091553
2.328356, -1.114521, -0.586472, 0.080929
2.328860, -1.100464, -0.572205, 0.056782
2.329345, -1.078835, -0.564651, 0.025597
2.329823, -1.059093, -0.551300, 0.023041
2.330340, -1.040306, -0.534401, 0.036640
2.330817, -1.024151, -0.529766, 0.034466
2.331301, -1.003284, -0.525665, 0.020180
2.331838, -0.985165, -0.504112, -0.001717
2.332314, -0.967865, -0.483398, -0.039825
2.332825, -0.943108, -0.477676, -0.064487
2.333291, -0.923061, -0.460396, -0.063438
2.333804, -0.905476, -0.440731, -0.060768
2.334337, -0.876751, -0.431385, -0.073223
2.334825, -0.857658, -0.420361, -0.077190
2.335308, -0.842266, -0.399799, -0.062943
2.335760, -0.817184, -0.392227, -0.052757
2.336264, -0.797329, -0.384083, -0.056610
2.336752, -0.774403, -0.367641, -0.073032
2.337300, -0.755367, -0.353527, -0.091915
2.337744, -0.735264, -0.343151, -0.097198
2.338248, -0.719013, -0.329876, -0.090504
2.339255, -0.683022, -0.319214, -0.078506
2.339715, -0.668468, -0.305290, -0.070667
2.340711, -0.637112, -0.294781, -0.063610
2.341211, -0.623417, -0.284462, -0.058193
2.341715, -0.613499, -0.277996, -0.054131
2.342234, -0.597668, -0.272713, -0.061264
2.342693, -0.590191, -0.256081, -0.067616
2.343182, -0.580559, -0.251751, -0.071869
2.344219, -0.558300, -0.244255, -0.075493
2.344700, -0.549908, -0.241871, -0.069256
2.345173, -0.538082, -0.245514, -0.068970
2.346190, -0.532761, -0.241985, -0.075874
2.346648, -0.524178, -0.241699, -0.077057
2.347152, -0.520439, -0.243740, -0.082455
2.347658, -0.511436, -0.240898, -0.091248
2.348667, -0.504761, -0.236053, -0.102215
2.349141, -0.502815, -0.238152, -0.096912
2.349657, -0.499039, -0.241413, -0.088100
2.350118, -0.495739, -0.239086, -0.088177
2.350621, -0.490437, -0.234718, -0.090103
2.351117, -0.487614, -0.232754, -0.085430
2.351648, -0.482864, -0.229626, -0.079670
2.352113, -0.482311, -0.227623, -0.073986
2.352643, -0.482731, -0.220261, -0.063305
2.353142, -0.482044, -0.221882, -0.058975
2.353615, -0.484581, -0.226269, -0.049782
2.354120, -0.488663, -0.231342, -0.040092
2.354575, -0.491905, -0.229950, -0.028152
2.355587, -0.500298, -0.229893, -0.012093
2.356089, -0.502911, -0.233517, -0.001793
2.356589, -0.505600, -0.242119, 0.007057
2.357097, -0.510216, -0.242729, 0.018578
2.357581, -0.510635, -0.239658, 0.020275
2.358071, -0.522537, -0.240250, 0.022144
2.359049, -0.525951, -0.246181, 0.039825
2.359552, -0.527554, -0.260162, 0.051003
2.360057, -0.525608, -0.265217, 0.053463
2.360563, -0.523491, -0.267544, 0.050278
2.361012, -0.522919, -0.266380, 0.049763
2.362009, -0.523834, -0.266056, 0.068340
2.362525, -0.520802, -0.267029, 0.079556
2.363002, -0.519028, -0.269680, 0.080490
2.363522, -0.526638, -0.268936, 0.074806
2.364029, -0.533466, -0.273495, 0.071869
2.365003, -0.535259, -0.279427, 0.075283
2.365522, -0.534573, -0.287304, 0.078869
2.366004, -0.534630, -0.292511, 0.077801
2.366480, -0.539780, -0.294800, 0.076542
2.367004, -0.543728, -0.298691, 0.086021
2.367458, -0.544834, -0.301208, 0.092735
2.367962, -0.554256, -0.311508, 0.091457
2.368463, -0.555401, -0.321808, 0.089283
2.368938, -0.558529, -0.326481, 0.082073
2.369434, -0.564442, -0.325794, 0.073299
2.369984, -0.568428, -0.325851, 0.073185
2.370427, -0.568638, -0.332127, 0.085602
2.370931, -0.567150, -0.341339, 0.094776
2.371435, -0.570412, -0.342541, 0.096302
2.371938, -0.574493, -0.346088, 0.097580
2.372421, -0.572472, -0.349407, 0.093842
2.372933, -0.572529, -0.352936, 0.096645
2.373435, -0.575581, -0.358295, 0.103245
2.373939, -0.576992, -0.364037, 0.108662
2.374441, -0.579700, -0.370178, 0.113945
2.374921, -0.587101, -0.375671, 0.116348
2.375418, -0.593872, -0.375023, 0.121098
2.375926, -0.600376, -0.381603, 0.132828
2.376382, -0.604515, -0.397491, 0.146484
2.376877, -0.608196, -0.408020, 0.161896
2.378902, -0.626583, -0.433369, 0.164757
2.379405, -0.630951, -0.439758, 0.170612
2.379909, -0.637321, -0.445709, 0.179405
2.380353, -0.641193, -0.447426, 0.182152
2.380878, -0.643654, -0.457897, 0.183640
2.381381, -0.649338, -0.467262, 0.185490
2.381873, -0.656376, -0.476818, 0.190048
2.382367, -0.663052, -0.481071, 0.192757
2.382858, -0.666466, -0.487938, 0.191059
2.383360, -0.673923, -0.493279, 0.181942
2.383819, -0.677776, -0.499210, 0.175533
2.384373, -0.688133, -0.508194, 0.175838
2.384816, -0.694275, -0.523014, 0.181961
2.385300, -0.698929, -0.533810, 0.190182
2.385820, -0.704365, -0.541248, 0.195694
2.386284, -0.710793, -0.546436, 0.194702
2.386771, -0.719280, -0.548229, 0.191345
2.387285, -0.727177, -0.554752, 0.190010
2.388294, -0.746212, -0.565739, 0.191307
2.388797, -0.753765, -0.568790, 0.186863
2.389286, -0.755463, -0.575809, 0.183315
2.389760, -0.757599, -0.574780, 0.186577
2.390266, -0.766869, -0.577717, 0.189304
2.390753, -0.766888, -0.578918, 0.194836
2.391242, -0.772705, -0.581512, 0.194435
2.391730, -0.777206, -0.586357, 0.193634
2.392233, -0.781441, -0.594063, 0.183315
2.392714, -0.784683, -0.594711, 0.177250
2.393242, -0.790081, -0.592442, 0.176487
2.394227, -0.798206, -0.593281, 0.184879
2.394717, -0.800991, -0.595741, 0.188293
2.395714, -0.816917, -0.592213, 0.183678
2.396190, -0.822983, -0.586262, 0.177307
2.396708, -0.828094, -0.574379, 0.179882
2.397212, -0.839348, -0.559387, 0.179081
2.397700, -0.840244, -0.549393, 0.177116
2.398190, -0.853443, -0.572205, 0.175247
2.398677, -0.863647, -0.551567, 0.183239
2.399158, -0.863590, -0.535297, 0.171776
2.399671, -0.862770, -0.544472, 0.157700
2.400173, -0.859489, -0.533371, 0.139103
2.400684, -0.858269, -0.527096, 0.140858
2.401157, -0.858974, -0.530033, 0.136929
2.401657, -0.858440, -0.517788, 0.123081
2.402168, -0.856533, -0.514164, 0.117474
2.402668, -0.856915, -0.513973, 0.104942
2.403122, -0.851078, -0.506973, 0.092735
2.403628, -0.848904, -0.510864, 0.082951
2.404131, -0.848293, -0.516624, 0.072994
2.404649, -0.855064, -0.510216, 0.067577
2.405153, -0.858784, -0.506992, 0.064373
2.405646, -0.855751, -0.502796, 0.063000
2.406102, -0.861950, -0.501060, 0.054226
2.406620, -0.873470, -0.516510, 0.044479
2.407124, -1.771965, -1.715679, -0.379963
2.407597, -4.393158, -7.976456, -2.843189
2.408100, -4.503460, -2.174187, -0.168247
2.408591, -3.644638, -0.069027, 2.560654
2.409080, -2.713356, 0.084190, 1.758423
2.409583, -1.800556, -0.199261, 0.559711
2.410078, -1.074295, -1.008816, 0.162392
2.410563, -0.569477, -0.677776, -0.481758
2.411589, -0.554008, 0.145264, -1.026516
2.412066, -0.734749, -0.013885, -0.523834
2.412561, -1.046085, 0.077934, 0.464058
2.413063, -1.149178, -0.183620, 0.870380
2.413537, -1.121655, -0.548725, 0.931511
2.414544, -1.045303, -0.221901, -0.038128
2.415033, -0.932827, -0.305138, -0.245743
2.415510, -0.885201, -0.334759, -0.297203
2.416025, -0.869732, -0.381737, 0.035820
2.416529, -0.858898, -0.468502, 0.351467
2.416989, -0.954437, -0.390587, 0.260296
2.417483, -1.033611, -0.219574, -0.024128
2.418027, -1.001835, -0.258465, -0.230236
2.418515, -1.026440, -0.033684, -0.300217
2.418993, -0.976238, -0.219269, -0.251560
2.419492, -0.928059, -0.416012, -0.251713
2.419983, -0.966167, -0.326023, -0.047951
2.420504, -0.977764, -0.282974, 0.032177
2.420962, -0.972576, -0.382061, 0.104084
2.421465, -0.992565, -0.336266, -0.029678
2.421964, -0.955029, -0.354786, -0.028057
2.422457, -0.949802, -0.310249, -0.161858
2.422950, -0.954342, -0.269585, -0.300179
2.423514, -0.925388, -0.395985, -0.356026
2.423938, -0.927830, -0.369453, -0.242405
2.424457, -0.949688, -0.339565, -0.091553
2.424948, -0.924702, -0.447311, 0.001640
2.425450, -0.923119, -0.457211, 0.090752
2.426093, -0.935020, -0.427017, 0.178280
2.426461, -0.938435, -0.405121, 0.127354
2.426987, -0.946941, -0.359821, -0.000305
2.427454, -0.955677, -0.318661, -0.072231
2.427933, -0.937862, -0.332394, -0.076065
2.428381, -0.926991, -0.300503, -0.085506
2.428915, -0.910091, -0.370617, -0.065022
2.429424, -0.895348, -0.445042, 0.023880
2.429937, -0.890923, -0.413265, 0.102329
2.430881, -0.872459, -0.471420, -0.038757
2.431425, -0.875931, -0.415611, -0.100517
2.431855, -0.881214, -0.391884, -0.070515
2.432380, -0.879326, -0.428143, -0.081558
2.433354, -0.875378, -0.456085, -0.088139
2.433865, -0.878506, -0.437241, -0.057373
2.434831, -0.871143, -0.444317, -0.165501
2.435355, -0.870724, -0.409031, -0.132999
2.435865, -0.884762, -0.385571, -0.089092
2.436321, -0.876045, -0.429287, -0.110455
2.436829, -0.863552, -0.435352, -0.060863
2.437333, -0.884171, -0.409508, -0.029507
2.437844, -0.879803, -0.420513, -0.018673
2.438325, -0.877342, -0.421944, -0.083809
2.438807, -0.878143, -0.398960, -0.094261
2.439302, -0.884838, -0.386524, -0.116367
2.439805, -0.881023, -0.372276, -0.126286
2.440309, -0.882378, -0.375099, -0.117474
2.440812, -0.877934, -0.390682, -0.075207
2.441271, -0.879288, -0.393772, -0.019035
2.441775, -0.879593, -0.394135, -0.001850
2.442266, -0.876713, -0.402718, -0.019817
2.442756, -0.875149, -0.398884, -0.026340
2.443256, -0.875702, -0.385132, -0.036812
2.443746, -0.879879, -0.371284, -0.071316
2.444283, -0.883141, -0.368633, -0.111771
2.444764, -0.875072, -0.379066, -0.101814
2.445247, -0.881634, -0.367241, -0.061207
2.445734, -0.878201, -0.382500, -0.037174
2.446220, -0.874176, -0.414066, -0.040970
2.446739, -0.878811, -0.398769, -0.014973
2.447241, -0.883560, -0.386868, -0.004234
2.447746, -0.872383, -0.413914, -0.025005
2.448249, -0.873680, -0.404549, -0.052567
2.448694, -0.875854, -0.388145, -0.040455
2.449197, -0.877132, -0.391178, -0.049133
2.449701, -0.872288, -0.405827, -0.061417
2.450205, -0.876064, -0.400410, -0.059090
2.450710, -0.878429, -0.392475, -0.055408
2.487530, -1.032028, -0.265293, -0.053959
2.487642, -1.054916, -0.236187, -0.044956
2.487701, -1.075287, -0.221062, -0.012035
2.487751, -1.095543, -0.219555, 0.011902
2.487804, -1.117954, -0.200081, 0.010738
2.487852, -1.121674, -0.179653, -0.004978
2.487904, -1.119232, -0.163975, -0.037632
2.487954, -1.103935, -0.151138, -0.039368
2.488003, -1.090603, -0.166092, -0.036945
2.488052, -1.065731, -0.208912, 0.000324
2.488102, -1.043625, -0.274849, 0.039406
2.488149, -1.035881, -0.308914, 0.037441
2.488200, -1.031570, -0.338516, 0.034657
2.488252, -1.039772, -0.333176, 0.026112
2.488309, -1.044159, -0.333385, -0.006771
2.488358, -1.044235, -0.330353, -0.034714
2.488406, -1.042767, -0.331421, -0.075302
2.488455, -1.033001, -0.348015, -0.094128
2.488504, -1.026402, -0.383015, -0.082664
2.488556, -1.045761, -0.465641, -0.073223
2.488608, -1.112480, -0.628357, -0.089493
2.488663, -1.206779, -0.780811, -0.086117
2.488713, -1.286621, -0.761967, -0.035248
2.488763, -1.347046, -0.757370, 0.012817
2.488813, -1.385498, -0.755138, 0.015106
2.488861, -1.409111, -0.767002, -0.004368
2.488911, -1.417255, -0.791626, -0.000439
2.488961, -1.423817, -0.795422, 0.002556
2.489014, -1.428814, -0.779896, -0.011196
2.489067, -1.427135, -0.766964, -0.007896
2.489115, -1.424713, -0.742226, 0.018959
2.489162, -1.422653, -0.732555, 0.056190
2.489212, -1.418324, -0.737171, 0.078087
2.489261, -1.423798, -0.759678, 0.082092
2.489314, -1.428833, -0.746918, 0.095043
2.489362, -1.424847, -0.747757, 0.116024
2.489807, -1.427307, -0.756149, 0.135441
2.490316, -1.427650, -0.755177, 0.153904
2.490823, -1.424084, -0.752316, 0.163517
2.491337, -1.422501, -0.750809, 0.159721
2.491852, -1.418762, -0.736427, 0.150490
2.492299, -1.412468, -0.733128, 0.146809
2.492812, -1.407185, -0.729446, 0.147800
2.493274, -1.406059, -0.723343, 0.153275
2.493777, -1.401348, -0.719471, 0.162735
2.494281, -1.394367, -0.717487, 0.165958
2.494784, -1.382065, -0.701332, 0.159130
2.495287, -1.375160, -0.680180, 0.146732
2.495770, -1.370735, -0.663967, 0.132313
2.496254, -1.363869, -0.645504, 0.115757
2.496768, -1.353741, -0.626049, 0.096588
2.497273, -1.338787, -0.601902, 0.083294
2.497776, -1.327648, -0.577164, 0.077190
2.498281, -1.314316, -0.556393, 0.066414
2.498724, -1.299629, -0.541019, 0.058098
2.499273, -1.281815, -0.530128, 0.054131
2.499749, -1.270409, -0.525436, 0.040283
2.500256, -1.252575, -0.519924, 0.028973
2.500759, -1.236515, -0.511589, 0.017586
2.501215, -1.232281, -0.501823, 0.005512
2.501732, -1.226597, -0.491753, -0.008278
2.502238, -1.223488, -0.478344, -0.027008
2.502699, -1.221333, -0.468216, -0.040264
2.503205, -1.221352, -0.457726, -0.046940
2.503719, -1.213799, -0.450306, -0.052185
2.504182, -1.201591, -0.442562, -0.050545
2.504680, -1.184273, -0.441246, -0.051975
2.505188, -1.159687, -0.436478, -0.057220
2.506214, -1.125793, -0.421600, -0.072384
2.506665, -1.107330, -0.410271, -0.075264
2.507172, -1.094494, -0.388699, -0.082684
2.507670, -1.093597, -0.372124, -0.089149
2.508665, -1.080837, -0.351315, -0.084019
2.509125, -1.080647, -0.347424, -0.076180
2.509661, -1.074162, -0.348015, -0.065708
2.510670, -1.051006, -0.344429, -0.058289
2.511114, -1.036777, -0.344810, -0.065441
2.511607, -1.025009, -0.343285, -0.069199
2.512104, -1.003036, -0.340576, -0.072231
2.512620, -0.987701, -0.339222, -0.073414
2.513123, -0.975857, -0.340176, -0.076904
2.513611, -0.961895, -0.341015, -0.074654
2.514102, -0.949707, -0.347004, -0.071449
2.514606, -0.938416, -0.342007, -0.065022
2.515592, -0.923557, -0.327263, -0.048695
2.516106, -0.916042, -0.328388, -0.043621
2.516561, -0.908527, -0.328293, -0.037403
2.517079, -0.901604, -0.331535, -0.034332
2.517582, -0.898857, -0.330544, -0.038738
2.518080, -0.892086, -0.326309, -0.045452
2.518566, -0.883789, -0.325508, -0.045528
2.519063, -0.874157, -0.329685, -0.043659
2.519551, -0.873280, -0.342045, -0.038738
2.520048, -0.870304, -0.352535, -0.032196
2.520540, -0.868587, -0.360394, -0.022717
2.521035, -0.865345, -0.364933, -0.025616
2.521537, -0.858421, -0.368099, -0.032463
2.522081, -0.858402, -0.372734, -0.035000
2.522565, -0.858269, -0.374851, -0.041218
2.523491, -0.846634, -0.376663, -0.057507
2.523984, -0.841713, -0.376053, -0.066776
2.524548, -0.838203, -0.371227, -0.070648
2.525042, -0.833111, -0.373325, -0.070190
2.525542, -0.830135, -0.375690, -0.065269
2.526056, -0.823841, -0.376625, -0.065384
2.526500, -0.818119, -0.373878, -0.071640
2.526979, -0.818329, -0.376816, -0.079594
2.527458, -0.813103, -0.376511, -0.081654
2.527976, -0.810814, -0.372715, -0.083809
2.528485, -0.807285, -0.368576, -0.083256
2.528987, -0.804138, -0.378189, -0.084705
2.529446, -0.806293, -0.383911, -0.084400
2.529976, -0.801239, -0.384789, -0.082512
2.530431, -0.797863, -0.381222, -0.079861
2.530956, -0.798473, -0.378017, -0.074348
2.531459, -0.798950, -0.375328, -0.075474
2.531938, -0.800629, -0.377941, -0.069790
2.532443, -0.801048, -0.379810, -0.064754
2.532901, -0.798416, -0.377522, -0.059795
2.533419, -0.802269, -0.373955, -0.061607
2.533918, -0.802727, -0.370770, -0.057621
2.534896, -0.800228, -0.369930, -0.048103
2.535410, -0.802898, -0.371780, -0.047722
2.535918, -0.803013, -0.369015, -0.045605
2.536402, -0.803719, -0.367870, -0.043945
2.536914, -0.802231, -0.365810, -0.036011
2.538377, -0.802956, -0.366554, -0.022869
2.538856, -0.798111, -0.370598, -0.029640
2.539387, -0.796452, -0.372505, -0.037231
2.539849, -0.799885, -0.370350, -0.042801
2.540368, -0.795822, -0.365982, -0.039501
2.540858, -0.793228, -0.368004, -0.028744
2.541375, -0.795879, -0.366879, -0.020943
2.541864, -0.789795, -0.365162, -0.022564
2.542368, -0.786457, -0.367336, -0.027523
2.542811, -0.783749, -0.368862, -0.036640
2.543315, -0.784187, -0.364552, -0.041733
2.543847, -0.780659, -0.362968, -0.043564
2.544317, -0.780106, -0.362492, -0.045147
2.545317, -0.771179, -0.367947, -0.045815
2.545804, -0.765686, -0.371437, -0.047474
2.546278, -0.764637, -0.371952, -0.052395
2.546826, -0.765152, -0.369167, -0.051804
2.547270, -0.760841, -0.368061, -0.049133
2.547804, -0.757961, -0.367928, -0.046368
2.548309, -0.757923, -0.372925, -0.051060
2.548786, -0.752964, -0.378380, -0.053349
2.549259, -0.756111, -0.379276, -0.056438
2.549776, -0.754356, -0.387630, -0.060368
2.550796, -0.752926, -0.400105, -0.049534
2.551260, -0.750618, -0.404434, -0.043468
2.551730, -0.749760, -0.408325, -0.038185
2.552730, -0.755482, -0.412331, -0.041065
2.553217, -0.757809, -0.414906, -0.038834
2.553738, -0.762482, -0.412769, -0.032997
2.554227, -0.761318, -0.414562, -0.028725
2.554728, -0.762901, -0.413036, -0.023594
2.555249, -0.767040, -0.414906, -0.018749
2.555705, -0.763550, -0.413055, -0.017300
2.556697, -0.769920, -0.411701, -0.006790
2.557200, -0.764637, -0.413094, -0.001106
2.557704, -0.761471, -0.412369, 0.004482
2.558189, -0.764465, -0.414181, 0.009613
2.558678, -0.766945, -0.419102, 0.011559
2.559167, -0.767727, -0.418968, 0.014267
2.560680, -0.778103, -0.427341, 0.027809
2.561158, -0.780182, -0.430775, 0.030079
2.561633, -0.777550, -0.433960, 0.041542
2.562164, -0.781326, -0.442486, 0.050678
2.562662, -0.787258, -0.442772, 0.056725
2.563159, -0.785313, -0.442791, 0.064983
2.564121, -0.788193, -0.449371, 0.075531
2.564613, -0.791340, -0.451488, 0.076866
2.565137, -0.797272, -0.454578, 0.084076
2.565594, -0.797462, -0.457859, 0.091591
2.566147, -0.801868, -0.460930, 0.099297
2.566620, -0.806026, -0.465622, 0.107632
2.567137, -0.807056, -0.470753, 0.120277
2.567648, -0.808029, -0.480156, 0.126514
2.568152, -0.809174, -0.484562, 0.129623
2.568609, -0.814247, -0.483952, 0.133190
2.569139, -0.811214, -0.488777, 0.138187
2.569588, -0.810204, -0.485764, 0.145931
2.570129, -0.813694, -0.482368, 0.151672
2.570620, -0.818729, -0.481644, 0.156460
2.571122, -0.823803, -0.488052, 0.165195
2.571612, -0.824623, -0.488720, 0.169773
2.572117, -0.819263, -0.490665, 0.175419
2.572533, -0.823708, -0.488663, 0.181770
2.573035, -0.825233, -0.488262, 0.188732
2.573524, -0.824356, -0.490246, 0.196877
2.574545, -0.819321, -0.493526, 0.211258
2.575035, -0.819912, -0.498295, 0.213890
2.575538, -0.818119, -0.502281, 0.213928
2.576000, -0.813808, -0.512524, 0.217419
2.576502, -0.809250, -0.514088, 0.223675
2.577027, -0.810890, -0.517635, 0.230999
2.577502, -0.808353, -0.521259, 0.242310
2.578478, -0.807991, -0.525970, 0.250778
2.579022, -0.804062, -0.529003, 0.253773
2.579466, -0.805454, -0.534229, 0.255699
2.580013, -0.807667, -0.536022, 0.253506
2.580457, -0.801659, -0.533619, 0.253372
2.581006, -0.800304, -0.536308, 0.258427
2.581450, -0.801353, -0.538368, 0.265598
2.581954, -0.800114, -0.540314, 0.271263
2.582456, -0.795555, -0.540524, 0.280209
2.582946, -0.792847, -0.544891, 0.283108
2.583466, -0.789909, -0.546150, 0.288010
2.583963, -0.790501, -0.543976, 0.288124
2.584457, -0.782413, -0.549488, 0.289421
2.584944, -0.785999, -0.550919, 0.289459
2.585429, -0.784054, -0.554504, 0.289516
2.585937, -0.783405, -0.552559, 0.290432
2.586901, -0.779705, -0.558681, 0.297604
2.587395, -0.773907, -0.555401, 0.300312
2.588399, -0.767384, -0.559502, 0.309391
2.588887, -0.770912, -0.561943, 0.311241
2.589421, -0.767689, -0.560398, 0.309372
2.590368, -0.759792, -0.561733, 0.312901
2.591392, -0.749283, -0.561085, 0.313950
2.591895, -0.747166, -0.560570, 0.316143
2.592398, -0.745811, -0.560665, 0.316658
2.592846, -0.741272, -0.560379, 0.320816
2.593346, -0.741005, -0.565014, 0.322647
2.593843, -0.742073, -0.560074, 0.326920
2.594367, -0.735989, -0.561028, 0.327053
2.594850, -0.733318, -0.566177, 0.323677
2.595346, -0.730801, -0.565014, 0.320435
2.595840, -0.727577, -0.558853, 0.319672
2.596311, -0.729179, -0.555992, 0.321522
2.596813, -0.721989, -0.555134, 0.323257
2.597320, -0.718288, -0.559177, 0.327854
2.597806, -0.717220, -0.561771, 0.328350
2.598343, -0.713634, -0.559273, 0.329380
2.598789, -0.712891, -0.559139, 0.327435
2.599317, -0.707550, -0.556335, 0.328903
2.599777, -0.702991, -0.553398, 0.325642
2.600285, -0.706787, -0.552979, 0.325851
2.600812, -0.703106, -0.548992, 0.330868
2.601285, -0.700264, -0.553989, 0.335789
2.601790, -0.702038, -0.553551, 0.339661
2.602294, -0.702763, -0.557041, 0.339546
2.602786, -0.697021, -0.555439, 0.333061
2.603267, -0.698624, -0.556145, 0.333252
2.603789, -0.702896, -0.554104, 0.332870
2.604250, -0.702858, -0.553169, 0.333462
2.604780, -0.703220, -0.554466, 0.331726
2.605224, -0.703564, -0.557823, 0.333691
2.605755, -0.705299, -0.557861, 0.332489
2.606218, -0.702858, -0.558414, 0.329971
2.606738, -0.702820, -0.558910, 0.332470
2.607211, -0.705681, -0.554543, 0.328655
2.607722, -0.704384, -0.552406, 0.328274
2.608204, -0.705433, -0.552502, 0.328560
2.609242, -0.704899, -0.554104, 0.322285
2.609710, -0.705490, -0.552177, 0.320625
2.610189, -0.703392, -0.548553, 0.320129
2.610719, -0.705338, -0.550327, 0.321751
2.611195, -0.701180, -0.549774, 0.322876
2.611665, -0.702705, -0.549870, 0.322437
2.612166, -0.705585, -0.546684, 0.323734
2.613168, -0.699997, -0.541706, 0.309219
2.613692, -0.697651, -0.535870, 0.307636
2.614174, -0.700893, -0.534859, 0.309696
2.614679, -0.695915, -0.536900, 0.313301
2.615159, -0.696545, -0.536461, 0.315018
2.616238, -0.694847, -0.533276, 0.307255
2.616670, -0.692749, -0.529976, 0.305462
2.617123, -0.687847, -0.526123, 0.303116
2.617612, -0.687675, -0.526791, 0.303211
2.618665, -0.689220, -0.524616, 0.296459
2.619168, -0.691414, -0.523682, 0.299892
2.619671, -0.685520, -0.520611, 0.297203
2.620634, -0.683041, -0.521946, 0.295811
2.621093, -0.683308, -0.520897, 0.293446
2.621580, -0.681629, -0.522556, 0.292759
2.622118, -0.679512, -0.518875, 0.291042
2.623065, -0.675144, -0.512066, 0.284805
2.623568, -0.677528, -0.513935, 0.286560
2.624070, -0.675373, -0.507355, 0.287113
2.624573, -0.676365, -0.505428, 0.286274
2.625067, -0.677452, -0.504150, 0.290909
2.625552, -0.674362, -0.505733, 0.289135
2.627027, -0.669022, -0.503559, 0.281582
2.627524, -0.672379, -0.502853, 0.278816
2.628060, -0.675144, -0.501595, 0.279274
2.629051, -0.673351, -0.498581, 0.279961
2.630049, -0.672436, -0.498066, 0.280056
2.631041, -0.670834, -0.498428, 0.281639
2.631509, -0.672207, -0.495358, 0.281754
2.631998, -0.672245, -0.493050, 0.280132
2.632976, -0.670395, -0.491066, 0.282669
2.633483, -0.673542, -0.488338, 0.282040
2.633969, -0.674038, -0.489140, 0.279160
2.634451, -0.672302, -0.486946, 0.278511
2.635474, -0.672855, -0.483685, 0.278606
2.635969, -0.671215, -0.482101, 0.280991
2.636950, -0.666733, -0.481052, 0.284424
2.637948, -0.665531, -0.478764, 0.285530
2.638948, -0.664062, -0.478516, 0.284386
2.639419, -0.657845, -0.474377, 0.282784
2.639940, -0.658226, -0.476723, 0.279636
2.640442, -0.658245, -0.476837, 0.282593
2.640933, -0.657845, -0.476742, 0.286827
2.641396, -0.657310, -0.476112, 0.286579
2.641918, -0.653076, -0.475006, 0.291119
2.642423, -0.656166, -0.474663, 0.289860
2.642887, -0.652924, -0.475674, 0.284424
2.643397, -0.649891, -0.472946, 0.285778
2.643896, -0.649681, -0.473328, 0.285110
2.644364, -0.649395, -0.473995, 0.282764
2.644867, -0.646172, -0.472488, 0.282764
2.645362, -0.642281, -0.477142, 0.284595
2.645916, -0.645294, -0.483513, 0.283337
2.646348, -0.646057, -0.486183, 0.280037
2.646887, -0.643578, -0.486259, 0.277328
2.647378, -0.638905, -0.482750, 0.272789
2.647881, -0.641384, -0.484104, 0.269394
2.648324, -0.638924, -0.483990, 0.265923
2.648818, -0.638981, -0.484562, 0.263062
2.649349, -0.638294, -0.488739, 0.259647
2.649850, -0.636234, -0.488434, 0.260487
2.650355, -0.634022, -0.486469, 0.257835
2.651301, -0.630436, -0.486794, 0.255890
2.651805, -0.627880, -0.486145, 0.254936
2.652294, -0.628567, -0.483475, 0.253849
2.652783, -0.632248, -0.486698, 0.254498
2.653288, -0.631504, -0.496120, 0.253849
2.653790, -0.628948, -0.501404, 0.252724
2.654295, -0.632153, -0.501652, 0.249405
2.654814, -0.627270, -0.494671, 0.248528
2.655272, -0.625153, -0.489769, 0.246239
2.655776, -0.625744, -0.486927, 0.248203
2.656300, -0.623436, -0.486946, 0.254269
2.656757, -0.619373, -0.486984, 0.257492
2.657261, -0.623093, -0.491467, 0.254860
2.657779, -0.623455, -0.502262, 0.255051
2.658236, -0.622616, -0.507545, 0.254192
2.658754, -0.624943, -0.500546, 0.257816
2.659258, -0.630436, -0.489864, 0.254040
2.659775, -0.631065, -0.483952, 0.250664
2.660745, -0.635147, -0.483513, 0.249233
2.661266, -0.632248, -0.481052, 0.249557
2.661755, -0.630322, -0.479259, 0.252876
2.662254, -0.632191, -0.473003, 0.253696
2.662771, -0.634689, -0.475216, 0.256348
2.663228, -0.636349, -0.478668, 0.255756
2.663730, -0.637379, -0.480747, 0.249977
2.664251, -0.632877, -0.475674, 0.238609
2.664681, -0.631638, -0.467281, 0.231590
2.665228, -0.634785, -0.465374, 0.237160
2.665663, -0.633984, -0.462399, 0.248089
2.666189, -0.634766, -0.464687, 0.257149
2.666653, -0.636272, -0.468712, 0.254135
2.667157, -0.634060, -0.476685, 0.243454
2.667657, -0.635777, -0.480194, 0.233173
2.668161, -0.640373, -0.471077, 0.224972
2.668645, -0.646858, -0.469303, 0.222912
2.669644, -0.644932, -0.473442, 0.227356
2.670169, -0.645943, -0.475788, 0.226059
2.670620, -0.644836, -0.478745, 0.221405
2.671127, -0.645618, -0.482292, 0.219936
2.671628, -0.647449, -0.479717, 0.220165
2.672131, -0.649548, -0.476341, 0.218983
2.672620, -0.650787, -0.477085, 0.215626
2.673109, -0.655098, -0.480423, 0.211620
2.673613, -0.653439, -0.483608, 0.209160
2.674086, -0.656815, -0.485535, 0.205498
2.674620, -0.658245, -0.487576, 0.206871
2.675109, -0.655003, -0.486736, 0.209408
2.675612, -0.652485, -0.484848, 0.214634
2.676098, -0.658798, -0.480309, 0.215130
2.677053, -0.656376, -0.485973, 0.204525
2.677567, -0.658894, -0.483322, 0.198727
2.678056, -0.655613, -0.482483, 0.199471
2.678542, -0.657501, -0.483608, 0.200882
2.679048, -0.663013, -0.487537, 0.203190
2.679563, -0.661182, -0.485249, 0.205727
2.680042, -0.658646, -0.482903, 0.204296
2.680563, -0.657997, -0.481758, 0.204506
2.681029, -0.660267, -0.480194, 0.203667
2.681511, -0.662556, -0.483418, 0.198822
2.682018, -0.665817, -0.481625, 0.196743
2.683015, -0.668278, -0.484085, 0.192757
2.683538, -0.665817, -0.486507, 0.191689
2.684496, -0.672588, -0.485306, 0.193539
2.685020, -0.677013, -0.488281, 0.197620
2.685996, -0.678024, -0.486927, 0.193748
2.686466, -0.679245, -0.486126, 0.190105
2.686999, -0.684090, -0.486088, 0.188255
2.687964, -0.683441, -0.490074, 0.193882
2.688485, -0.687370, -0.490856, 0.192032
2.688989, -0.692120, -0.494308, 0.197086
2.689444, -0.698433, -0.496674, 0.197620
2.689934, -0.697117, -0.497494, 0.198994
2.690453, -0.698681, -0.496960, 0.193520
2.690933, -0.700245, -0.497932, 0.190201
2.691448, -0.706940, -0.498638, 0.185776
2.691959, -0.708294, -0.499306, 0.181885
2.692423, -0.706787, -0.498009, 0.182095
2.692933, -0.712261, -0.501556, 0.184860
2.693446, -0.713787, -0.507336, 0.186081
2.694396, -0.719547, -0.511303, 0.186901
2.694897, -0.719376, -0.508423, 0.189266
2.695406, -0.724030, -0.507469, 0.183620
2.695878, -0.724716, -0.507393, 0.175362
2.696412, -0.728664, -0.511284, 0.175076
2.696900, -0.731087, -0.511684, 0.171280
2.697374, -0.731659, -0.513973, 0.171852
2.697862, -0.737019, -0.515327, 0.176067
2.698397, -0.738354, -0.521126, 0.174885
2.698886, -0.740414, -0.522728, 0.174103
2.699364, -0.745659, -0.525188, 0.170631
2.699892, -0.746536, -0.525188, 0.168724
2.700352, -0.751057, -0.521049, 0.164223
2.700857, -0.750771, -0.521355, 0.161114
2.701349, -0.753670, -0.524654, 0.154953
2.701850, -0.757427, -0.524044, 0.159092
2.702360, -0.758018, -0.529385, 0.155888
2.702857, -0.759106, -0.532322, 0.158691
2.703351, -0.762024, -0.535812, 0.160999
2.703823, -0.763836, -0.536785, 0.159054
2.704330, -0.765896, -0.538597, 0.159740
2.704819, -0.770016, -0.542545, 0.158157
2.705303, -0.774117, -0.543156, 0.158367
2.705880, -0.775375, -0.544891, 0.161018
2.706338, -0.777931, -0.544300, 0.157681
2.706827, -0.779819, -0.545483, 0.157909
2.707320, -0.781441, -0.545197, 0.157833
2.707812, -0.782146, -0.550346, 0.156879
2.708342, -0.780983, -0.549278, 0.156326
2.708784, -0.790672, -0.550900, 0.159779
2.709354, -0.789680, -0.556889, 0.161934
2.709747, -0.792542, -0.558662, 0.158539
2.710244, -0.791912, -0.559368, 0.159492
2.710819, -0.798073, -0.561371, 0.159664
2.711245, -0.799427, -0.560398, 0.159740
2.711733, -0.799904, -0.562553, 0.161552
2.712240, -0.802860, -0.563278, 0.155678
2.712753, -0.802765, -0.567570, 0.156250
2.713277, -0.804749, -0.564251, 0.152073
2.714234, -0.806999, -0.566845, 0.153103
2.714747, -0.809441, -0.569458, 0.153542
2.715242, -0.810032, -0.570889, 0.153561
2.715716, -0.813217, -0.571690, 0.154018
2.716722, -0.811100, -0.574265, 0.147343
2.717687, -0.816307, -0.574074, 0.143433
2.718213, -0.816784, -0.576668, 0.143013
2.718678, -0.813923, -0.576096, 0.146446
2.719195, -0.812740, -0.575562, 0.147419
2.719701, -0.815392, -0.577049, 0.143414
2.720694, -0.816593, -0.575275, 0.145435
2.769657, -0.809689, -0.533581, 0.014858
2.769750, -0.810165, -0.533695, 0.013313
2.769806, -0.806999, -0.532169, 0.009651
2.769856, -0.809879, -0.532742, 0.006237
2.769910, -0.810604, -0.529232, 0.004749
2.769968, -0.808716, -0.531311, 0.005016
2.770018, -0.810204, -0.532455, 0.005417
2.770067, -0.814037, -0.533676, 0.005722
2.770116, -0.810814, -0.533123, 0.004539
2.770166, -0.811005, -0.531120, -0.000381
2.770220, -0.811653, -0.532608, -0.004559
2.770269, -0.812836, -0.532303, -0.006065
2.770319, -0.811176, -0.538559, -0.005951
2.770368, -0.813007, -0.543137, -0.010128
2.770417, -0.813122, -0.546112, -0.016994
2.770469, -0.812359, -0.551682, -0.020065
2.770552, -0.813580, -0.554218, -0.021305
2.770611, -0.814743, -0.552616, -0.024891
2.770659, -0.816841, -0.551205, -0.028172
2.770708, -0.818329, -0.550308, -0.032444
2.770757, -0.817585, -0.551701, -0.037613
2.770812, -0.823479, -0.553818, -0.043468
2.770860, -0.824318, -0.558262, -0.048409
2.770908, -0.825233, -0.561905, -0.049114
2.770960, -0.828495, -0.560074, -0.048141
2.771008, -0.831585, -0.561218, -0.049763
2.771065, -0.835133, -0.559940, -0.052700
2.771115, -0.837460, -0.559883, -0.057564
2.771167, -0.838566, -0.556202, -0.061760
2.771215, -0.840359, -0.560341, -0.063782
2.771266, -0.844688, -0.564995, -0.066814
2.771316, -0.846367, -0.566978, -0.067482
2.771366, -0.850735, -0.570621, -0.074005
2.771420, -0.856972, -0.564251, -0.079308
2.771468, -0.859470, -0.563469, -0.075111
2.771518, -0.864182, -0.566483, -0.076656
2.771719, -0.865822, -0.570717, -0.075493
2.772162, -0.865154, -0.575066, -0.073299
2.772685, -0.869274, -0.577431, -0.080032
2.773201, -0.878353, -0.579243, -0.085640
2.773652, -0.880127, -0.583210, -0.091610
2.774166, -0.880527, -0.585575, -0.094299
2.774679, -0.880947, -0.580711, -0.093288
2.775657, -0.890427, -0.580425, -0.088158
2.776163, -0.892258, -0.585060, -0.089283
2.776663, -0.895081, -0.587387, -0.092983
2.777653, -0.898151, -0.590286, -0.095024
2.778651, -0.903969, -0.585537, -0.097847
2.779138, -0.905991, -0.585976, -0.098324
2.779628, -0.906181, -0.593147, -0.094585
2.780131, -0.906105, -0.590954, -0.096684
2.780635, -0.903740, -0.589371, -0.096073
2.781080, -0.903263, -0.583134, -0.094643
2.781600, -0.907593, -0.579720, -0.095634
2.782105, -0.913239, -0.578632, -0.096073
2.782577, -0.909672, -0.577068, -0.094585
2.783080, -0.913162, -0.578671, -0.095844
2.783599, -0.909748, -0.581512, -0.099411
2.784105, -0.908852, -0.581818, -0.103207
2.784564, -0.910683, -0.572205, -0.101433
2.785084, -0.910912, -0.569172, -0.097980
2.785601, -0.906487, -0.566196, -0.095615
2.786538, -0.910988, -0.567150, -0.094948
2.787066, -0.912094, -0.566845, -0.098629
2.787525, -0.912113, -0.564270, -0.103359
2.788035, -0.909214, -0.562878, -0.107899
2.788551, -0.909843, -0.561733, -0.110626
2.789050, -0.914841, -0.559082, -0.107327
2.789540, -0.911617, -0.556889, -0.104427
2.790046, -0.914173, -0.556355, -0.107250
2.790505, -0.911598, -0.561256, -0.109386
2.791025, -0.911674, -0.561352, -0.111103
2.791482, -0.912762, -0.561199, -0.111141
2.791988, -0.912170, -0.565910, -0.112228
2.792506, -0.916214, -0.565491, -0.107040
2.792978, -0.917435, -0.564919, -0.108089
2.793496, -0.922470, -0.564613, -0.109653
2.793982, -0.924454, -0.567894, -0.109749
2.794490, -0.922089, -0.568161, -0.105152
2.794973, -0.922489, -0.573025, -0.111103
2.795458, -0.921822, -0.577240, -0.104637
2.795969, -0.923977, -0.585403, -0.098209
2.796487, -0.931129, -0.600224, -0.089817
2.796947, -0.931377, -0.601330, -0.072784
2.797452, -0.934353, -0.562840, -0.112896
2.797971, -0.933876, -0.572186, -0.088825
2.798430, -0.939312, -0.556068, -0.104523
2.798932, -0.934505, -0.575714, -0.149708
2.799431, -0.939922, -0.613804, -0.138607
2.799916, -0.941868, -0.608063, -0.128574
2.800412, -0.936241, -0.613270, -0.093765
2.800916, -0.941448, -0.607815, -0.089016
2.801420, -0.947361, -0.619755, -0.092793
2.801923, -0.943050, -0.624809, -0.098400
2.802427, -0.948772, -0.612068, -0.099983
2.802932, -0.947304, -0.617733, -0.087185
2.803433, -0.947018, -0.617905, -0.089741
2.803922, -0.949440, -0.616436, -0.086613
2.804412, -0.948677, -0.628166, -0.087109
2.804904, -0.950031, -0.624599, -0.082664
2.805403, -0.948277, -0.624008, -0.080051
2.805860, -0.943985, -0.632210, -0.064030
2.806411, -0.941296, -0.633240, -0.059395
2.806904, -0.940571, -0.637207, -0.056705
2.807395, -0.936699, -0.641003, -0.053883
2.807868, -0.935764, -0.640354, -0.053062
2.808337, -0.935230, -0.646305, -0.042992
2.808834, -0.932541, -0.646782, -0.034847
2.809345, -0.927696, -0.646858, -0.034542
2.809826, -0.930023, -0.645428, -0.038204
2.810345, -0.925007, -0.644169, -0.042953
2.811311, -0.924301, -0.651264, -0.021782
2.811828, -0.923977, -0.655155, -0.013485
2.812294, -0.920792, -0.658035, -0.009937
2.812812, -0.920544, -0.655842, -0.003452
2.813787, -0.917473, -0.652905, 0.005169
2.814306, -0.916443, -0.655804, 0.008926
2.814783, -0.911903, -0.657349, 0.007877
2.815289, -0.909348, -0.649643, 0.008488
2.815798, -0.907249, -0.646877, 0.009556
2.816286, -0.905018, -0.655403, 0.012665
2.816765, -0.906162, -0.652866, 0.018139
2.817284, -0.899944, -0.656261, 0.026569
2.818259, -0.899601, -0.657578, 0.041275
2.819762, -0.898323, -0.649853, 0.051708
2.820220, -0.896549, -0.645809, 0.053692
2.820752, -0.895653, -0.648365, 0.053864
2.821227, -0.893230, -0.654030, 0.049324
2.821724, -0.892086, -0.663605, 0.053558
2.822728, -0.891895, -0.662975, 0.064449
2.823215, -0.889664, -0.663204, 0.071583
2.823695, -0.888748, -0.663471, 0.078373
2.824219, -0.895901, -0.663338, 0.082664
2.824700, -0.894222, -0.661716, 0.091648
2.825167, -0.891991, -0.666981, 0.094090
2.825687, -0.895519, -0.668907, 0.092983
2.826162, -0.898514, -0.668240, 0.084438
2.826695, -0.899124, -0.662384, 0.082207
2.827174, -0.901833, -0.656433, 0.079517
2.827675, -0.903187, -0.660076, 0.077190
2.828140, -0.903473, -0.668831, 0.077248
2.828663, -0.897579, -0.669670, 0.094528
2.829140, -0.892544, -0.660744, 0.112247
2.829641, -0.892239, -0.649357, 0.104237
2.830131, -0.891628, -0.651340, 0.091419
2.830620, -0.893154, -0.656261, 0.092144
2.831120, -0.887527, -0.648022, 0.095634
2.831642, -0.890255, -0.653973, 0.094547
2.832147, -0.891991, -0.656376, 0.086422
2.832620, -0.893764, -0.663128, 0.082359
2.833124, -0.890675, -0.667419, 0.088272
2.833593, -0.883904, -0.658264, 0.108528
2.834104, -0.883427, -0.637512, 0.130367
2.834591, -0.889816, -0.640488, 0.122166
2.835109, -0.893402, -0.663433, 0.101528
2.835599, -0.888405, -0.672493, 0.094700
2.836133, -0.894470, -0.667439, 0.104904
2.836591, -0.889626, -0.650864, 0.111809
2.837096, -0.882530, -0.651207, 0.116501
2.837566, -0.883560, -0.648594, 0.120296
2.838074, -0.877476, -0.646877, 0.124626
2.838562, -0.874386, -0.652332, 0.125904
2.839068, -0.873241, -0.662937, 0.115204
2.839556, -0.871563, -0.664902, 0.116482
2.840049, -0.864353, -0.651512, 0.126648
2.840576, -0.862865, -0.641918, 0.123920
2.841020, -0.864239, -0.646553, 0.109043
2.841540, -0.863495, -0.660610, 0.109253
2.842015, -0.862484, -0.664291, 0.112267
2.842548, -0.865250, -0.668468, 0.118523
2.843044, -0.862713, -0.662994, 0.125771
2.843521, -0.858421, -0.655613, 0.133247
2.844524, -0.852604, -0.642033, 0.140667
2.845003, -0.845966, -0.625839, 0.142841
2.845514, -0.844212, -0.618801, 0.134964
2.846042, -0.842190, -0.619049, 0.134678
2.846470, -0.834484, -0.592690, 0.140476
2.846996, -0.838757, -0.590401, 0.119743
2.847970, -0.835705, -0.601425, 0.109310
2.848459, -0.830212, -0.592403, 0.114632
2.848967, -0.825100, -0.577908, 0.127335
2.849464, -0.823441, -0.569172, 0.132618
2.849983, -0.825024, -0.572033, 0.130844
2.850487, -0.825348, -0.556660, 0.132408
2.850965, -0.825920, -0.546417, 0.120373
2.851483, -0.826092, -0.544033, 0.105934
2.851951, -0.826702, -0.529346, 0.101376
2.852463, -0.823441, -0.513535, 0.098457
2.852976, -0.820618, -0.502014, 0.100670
2.853407, -0.818672, -0.493279, 0.099258
2.853968, -0.818405, -0.490456, 0.090237
2.854398, -0.813618, -0.495319, 0.081768
2.854918, -0.808582, -0.496731, 0.067787
2.855388, -0.800266, -0.496845, 0.065536
2.855946, -0.792599, -0.494480, 0.066223
2.856398, -0.780640, -0.487213, 0.091496
2.856888, -0.770817, -0.483971, 0.139313
2.857396, -0.769196, -0.506954, 0.157166
2.857894, -0.770798, -0.545406, 0.138035
2.858398, -0.781097, -0.568600, 0.107288
2.858903, -0.778389, -0.564060, 0.078583
2.859346, -0.774784, -0.548229, 0.061855
2.859850, -0.783653, -0.538368, 0.035915
2.860350, -0.789452, -0.554733, 0.003757
2.860834, -0.792503, -0.561123, 0.003510
2.861369, -0.784836, -0.524483, 0.021286
2.861851, -0.795555, -0.506153, -0.000820
2.862341, -0.800686, -0.523281, -0.018520
2.862843, -0.801868, -0.512466, -0.030727
2.863332, -0.807991, -0.478649, -0.041561
2.863835, -0.807667, -0.462036, -0.026684
2.864339, -0.801048, -0.437756, -0.000381
2.864827, -0.798111, -0.407543, 0.003147
2.865318, -0.807247, -0.404434, -0.007153
2.865822, -0.810795, -0.417500, -0.021915
2.866295, -0.809364, -0.401688, -0.007439
2.866796, -0.791206, -0.326843, 0.024986
2.867288, -0.790329, -0.294819, 0.021362
2.867791, -0.782948, -0.312614, 0.026608
2.868279, -0.787640, -0.317879, 0.023804
2.868784, -0.791512, -0.328884, 0.015526
2.869272, -0.765686, -0.296364, 0.055733
2.869776, -0.756741, -0.258827, 0.055504
2.870250, -0.744019, -0.252895, 0.046787
2.870756, -0.735607, -0.235004, 0.062714
2.871287, -0.693607, -0.133228, 0.138588
2.871731, -0.599785, 0.108814, 0.310059
2.872235, -0.422306, 0.569592, 0.573273
2.872739, -0.274277, 0.986042, 0.829754
2.873244, -0.363331, 0.659924, 0.709362
2.873746, -0.492935, 0.070038, 0.554066
2.874254, -0.613956, -0.089417, 0.384712
2.874742, -0.668468, 0.042343, 0.181866
2.875243, -0.736256, -0.066071, 0.029125
2.876221, -0.772057, -0.151749, 0.085831
2.876700, -0.781536, -0.003605, 0.201321
2.877223, -0.794125, -0.148506, 0.288982
2.877712, -0.825958, -0.354233, 0.230618
2.878199, -0.830059, -0.408573, 0.112915
2.878680, -0.837708, -0.410042, 0.013504
2.879174, -0.845280, -0.475903, -0.030613
2.879703, -0.853596, -0.527763, -0.070877
2.880650, -0.847702, -0.595894, -0.176640
2.881162, -0.849781, -0.684280, -0.173264
2.881659, -0.843697, -0.746346, -0.147552
2.882163, -0.847816, -0.734425, -0.165691
2.883656, -0.854015, -0.798626, -0.284977
2.884142, -0.860634, -0.792542, -0.287247
2.884650, -0.864620, -0.824146, -0.269127
2.885134, -0.866756, -0.857716, -0.282288
2.885598, -0.872345, -0.853634, -0.303726
2.886109, -0.868053, -0.830288, -0.297298
2.886601, -0.872784, -0.811901, -0.296421
2.887124, -0.874310, -0.784512, -0.308113
2.887595, -0.876827, -0.771332, -0.345974
2.888115, -0.885277, -0.786114, -0.381088
2.888582, -0.886135, -0.803528, -0.375099
2.889095, -0.883503, -0.807285, -0.322895
2.889599, -0.880470, -0.799294, -0.264606
2.890086, -0.886536, -0.783043, -0.254383
2.890562, -0.886784, -0.764961, -0.269394
2.891065, -0.892620, -0.758724, -0.285912
2.891586, -0.896797, -0.757294, -0.283089
2.892072, -0.896740, -0.760822, -0.284786
2.892577, -0.902557, -0.759048, -0.287495
2.893067, -0.905514, -0.757465, -0.286999
2.893551, -0.902805, -0.750999, -0.261040
2.894034, -0.898018, -0.742416, -0.216408
2.894557, -0.897598, -0.733681, -0.189018
2.895035, -0.905151, -0.729294, -0.187340
2.895555, -0.900955, -0.725574, -0.200729
2.896045, -0.899410, -0.725460, -0.208874
2.896546, -0.901089, -0.715542, -0.198555
2.897018, -0.903263, -0.709705, -0.170155
2.897569, -0.896568, -0.709934, -0.153942
2.898057, -0.892658, -0.706692, -0.143604
2.898542, -0.894032, -0.696526, -0.129623
2.899039, -0.886135, -0.690651, -0.101013
2.899541, -0.882244, -0.682335, -0.082779
2.900043, -0.873318, -0.669670, -0.070496
2.900546, -0.870247, -0.658188, -0.064869
2.901019, -0.867481, -0.651531, -0.061207
2.901480, -0.862560, -0.640087, -0.036278
2.901976, -0.857811, -0.634232, -0.008163
2.902494, -0.855160, -0.632610, 0.010986
2.902937, -0.846634, -0.620670, 0.017796
2.903445, -0.843639, -0.605755, 0.027142
2.903983, -0.845985, -0.593624, 0.039940
2.904427, -0.840282, -0.583324, 0.055122
2.904932, -0.835285, -0.573273, 0.069504
2.905436, -0.833778, -0.567799, 0.086269
2.905973, -0.834503, -0.557251, 0.096226
2.906439, -0.830688, -0.545387, 0.113735
2.906931, -0.831528, -0.542622, 0.136375
2.907419, -0.830421, -0.536938, 0.146179
2.907909, -0.825100, -0.525017, 0.142288
2.908398, -0.827713, -0.513382, 0.147018
2.908886, -0.828400, -0.506115, 0.154076
2.909878, -0.827446, -0.490723, 0.178242
2.910409, -0.823135, -0.497169, 0.185604
2.910874, -0.823650, -0.500011, 0.192986
2.911396, -0.824051, -0.492439, 0.203476
2.911890, -0.821514, -0.481606, 0.214710
2.912384, -0.819855, -0.470009, 0.208302
2.912875, -0.821819, -0.468121, 0.201912
2.913363, -0.819168, -0.466919, 0.197468
2.913851, -0.817471, -0.467529, 0.198154
2.914340, -0.813789, -0.469227, 0.207939
2.914872, -0.813522, -0.467625, 0.215874
2.915348, -0.812397, -0.472088, 0.225468
2.915865, -0.808353, -0.468006, 0.222092
2.916346, -0.809460, -0.456314, 0.212650
2.916858, -0.809021, -0.454769, 0.202065
2.917843, -0.805740, -0.464935, 0.186977
2.918327, -0.805016, -0.459881, 0.186176
2.918813, -0.804844, -0.465469, 0.191689
2.919338, -0.802402, -0.469780, 0.191441
2.919794, -0.794601, -0.472088, 0.192776
2.920294, -0.793762, -0.472794, 0.186481
2.920812, -0.792084, -0.477905, 0.180759
2.921285, -0.788498, -0.477085, 0.184097
2.921806, -0.790443, -0.476952, 0.183334
2.922260, -0.793285, -0.479927, 0.173550
2.922764, -0.791130, -0.486412, 0.161018
2.923290, -0.790787, -0.490799, 0.150375
2.923759, -0.791454, -0.495052, 0.136471
2.924270, -0.795784, -0.499916, 0.131836
2.924783, -0.797005, -0.502663, 0.132008
2.925231, -0.792732, -0.504551, 0.129395
2.925748, -0.787277, -0.500393, 0.132866
2.926724, -0.790558, -0.499077, 0.131702
2.927229, -0.792828, -0.503864, 0.122948
2.927730, -0.799026, -0.511627, 0.110455
2.928234, -0.799198, -0.521526, 0.097809
2.928739, -0.798817, -0.521927, 0.087757
2.929192, -0.800190, -0.520000, 0.084705
2.929715, -0.804386, -0.520706, 0.084686
2.930189, -0.803013, -0.522137, 0.084190
2.930704, -0.804062, -0.525703, 0.085068
2.931671, -0.812054, -0.548458, 0.073757
2.932209, -0.811043, -0.549374, 0.066242
2.932715, -0.814800, -0.543232, 0.057106
2.933653, -0.821056, -0.543518, 0.042458
2.934162, -0.820904, -0.548782, 0.040665
2.934654, -0.820827, -0.561142, 0.045033
2.935154, -0.822945, -0.572510, 0.050831
2.935659, -0.823269, -0.579109, 0.051098
2.936147, -0.824833, -0.571995, 0.044441
2.936648, -0.830479, -0.558167, 0.033817
2.937169, -0.833206, -0.556259, 0.025864
2.937613, -0.835686, -0.569496, 0.025539
2.938119, -0.837421, -0.588341, 0.029278
2.938616, -0.832825, -0.596886, 0.042610
2.939110, -0.836678, -0.588169, 0.049076
2.939627, -0.837250, -0.576630, 0.043049
2.940627, -0.840015, -0.582619, 0.022011
2.941096, -0.837994, -0.580559, 0.012379
2.941599, -0.839672, -0.574474, 0.010548
2.942108, -0.841732, -0.570621, 0.012856
2.942622, -0.840588, -0.577545, 0.018253
2.943129, -0.837879, -0.581093, 0.023937
2.943575, -0.837269, -0.577526, 0.025978
2.944105, -0.836239, -0.576382, 0.018654
2.944590, -0.837078, -0.578136, 0.011864
2.945110, -0.833797, -0.580940, 0.013256
2.945628, -0.832844, -0.582962, 0.016918
2.946154, -0.836372, -0.584908, 0.022411
2.946591, -0.837498, -0.585041, 0.024624
2.947110, -0.836105, -0.582676, 0.022640
2.947547, -0.838356, -0.578365, 0.016060
2.948094, -0.837250, -0.578651, 0.007553
2.948520, -0.819073, -0.523815, -0.000153
2.949021, -0.806255, -0.389042, 0.003853
2.949538, -0.785694, -0.303440, 0.015221
2.950043, -0.778065, -0.323830, 0.018368
2.950544, -0.771351, -0.349865, 0.033760
2.950991, -0.762730, -0.322495, 0.067348
2.951496, -0.755939, -0.302410, 0.084877
2.952016, -0.753841, -0.319004, 0.088902
2.952474, -0.750637, -0.319214, 0.074177
2.952991, -0.741119, -0.317974, 0.077171
2.953494, -0.740662, -0.337524, 0.073586
2.953984, -0.741253, -0.362053, 0.062160
2.954489, -0.734787, -0.357800, 0.032940
2.954978, -0.732117, -0.353527, 0.007687
2.955467, -0.736198, -0.370998, -0.009804
2.956466, -0.731201, -0.417614, -0.029125
2.956961, -0.731106, -0.434837, -0.047970
2.957450, -0.730057, -0.448933, -0.053902
2.957954, -0.726871, -0.461349, -0.054855
2.958443, -0.724144, -0.466671, -0.047855
2.958932, -0.718117, -0.477848, -0.047588
2.959436, -0.718136, -0.497017, -0.050201
2.959910, -0.722809, -0.499687, -0.064259
2.960433, -0.721970, -0.504799, -0.077400
2.960921, -0.725136, -0.511665, -0.076122
2.961388, -0.727940, -0.515537, -0.079651
2.961925, -0.729828, -0.513783, -0.084763
2.962420, -0.731659, -0.522575, -0.086479
2.963414, -0.738182, -0.527935, -0.070419
2.963895, -0.742302, -0.523701, -0.067387
2.964412, -0.745564, -0.519390, -0.082130
2.964875, -0.751247, -0.513191, -0.103226
2.965391, -0.756569, -0.518513, -0.109463
2.965849, -0.760689, -0.518131, -0.103874
2.966354, -0.765533, -0.518265, -0.096073
2.966886, -0.764923, -0.513573, -0.092010
2.967341, -0.767918, -0.502281, -0.095901
2.967856, -0.769539, -0.499668, -0.101128
2.968367, -0.770168, -0.504169, -0.104637
2.968830, -0.772018, -0.510445, -0.106487
2.969345, -0.769100, -0.512199, -0.102024
2.969863, -0.765800, -0.499287, -0.096321
2.970319, -0.768185, -0.485115, -0.099182
2.970833, -0.769424, -0.488930, -0.098896
2.971301, -0.766201, -0.492668, -0.092583
2.971809, -0.769749, -0.497189, -0.094376
2.972337, -0.770741, -0.507164, -0.089626
2.973308, -0.768433, -0.482502, -0.095119
2.973816, -0.773849, -0.479965, -0.119076
2.974308, -0.783806, -0.511684, -0.136948
2.974799, -0.780983, -0.537090, -0.119686
2.975314, -0.778179, -0.532436, -0.094986
2.975775, -0.781765, -0.522556, -0.074043
2.976260, -0.787430, -0.509243, -0.068150
2.976778, -0.792408, -0.499973, -0.077553
2.977277, -0.790653, -0.493851, -0.100212
2.977777, -0.795403, -0.480099, -0.128288
2.978281, -0.802326, -0.475941, -0.154572
2.978728, -0.806408, -0.496178, -0.147781
2.979257, -0.802536, -0.505466, -0.092659
2.979746, -0.801506, -0.487556, -0.041409
2.980264, -0.798492, -0.476189, -0.013142
2.981212, -0.795441, -0.414944, -0.079403
2.981746, -0.805359, -0.415382, -0.141373
2.982235, -0.810795, -0.463390, -0.165119
2.982728, -0.800495, -0.496273, -0.125923
2.983206, -0.783615, -0.495625, -0.061646
2.983688, -0.771866, -0.489025, -0.017624
2.984190, -0.753727, -0.487747, -0.019360
2.984681, -0.744209, -0.495090, -0.057011
2.985175, -0.747051, -0.511284, -0.093651
2.985663, -0.762558, -0.523758, -0.120964
2.986297, -0.778141, -0.541782, -0.124245
2.986693, -0.786133, -0.548000, -0.116787
2.987246, -0.798531, -0.540390, -0.118046
2.987693, -0.809898, -0.551224, -0.115547
2.988171, -0.813923, -0.573349, -0.104370
2.988663, -0.814266, -0.578270, -0.092354
2.989200, -0.821648, -0.574856, -0.091629
2.989694, -0.828381, -0.573521, -0.105495
2.990186, -0.831127, -0.575523, -0.118809
2.990698, -0.829544, -0.573349, -0.129185
2.991783, -0.839405, -0.593948, -0.127277
2.992103, -0.843105, -0.599194, -0.127487
2.992708, -0.842896, -0.600109, -0.125160
2.993198, -0.840855, -0.608978, -0.112362
2.993654, -0.840054, -0.609055, -0.104923
2.994175, -0.843754, -0.603085, -0.105648
2.994634, -0.849323, -0.599575, -0.132103
2.995142, -0.856400, -0.603714, -0.149364
2.995579, -0.853939, -0.607948, -0.149460
2.996108, -0.856915, -0.617065, -0.129128
2.996562, -0.854149, -0.629921, -0.100479
2.997079, -0.853920, -0.626640, -0.093422
2.997552, -0.855865, -0.616169, -0.106449
2.998058, -0.858784, -0.609245, -0.130863
2.998576, -0.861320, -0.601826, -0.151768
2.999069, -0.865650, -0.601826, -0.158253
3.054226, -0.839233, -0.560455, -0.116215
0.001577, -0.843906, -0.490379, 0.006180
0.001700, -0.842209, -0.488033, 0.007019
0.001773, -0.840530, -0.485020, 0.010147
0.001849, -0.836067, -0.483704, 0.012913
0.001923, -0.840855, -0.487690, 0.013866
0.001996, -0.835266, -0.492058, 0.011730
0.002070, -0.836582, -0.491409, 0.009918
0.002192, -0.834026, -0.489540, 0.010242
0.002266, -0.836391, -0.488243, 0.010090
0.002339, -0.833187, -0.482349, 0.008755
0.002413, -0.832214, -0.482616, 0.008755
0.002486, -0.827465, -0.483685, 0.008774
0.002560, -0.830154, -0.492287, 0.012608
0.002683, -0.828648, -0.490665, 0.015316
0.002756, -0.825062, -0.491371, 0.008011
0.002833, -0.824757, -0.485725, 0.003719
0.002907, -0.824738, -0.482464, 0.003071
0.002981, -0.823345, -0.484238, 0.007744
0.003054, -0.820389, -0.483265, 0.013580
0.003176, -0.819511, -0.483398, 0.012627
0.003250, -0.824051, -0.488319, 0.011749
0.003323, -0.820942, -0.493011, 0.010662
0.003397, -0.820255, -0.493755, 0.008450
0.003471, -0.818806, -0.496578, 0.010242
0.003544, -0.816975, -0.494328, 0.011024
0.003618, -0.813923, -0.493412, 0.006351
0.003692, -0.813084, -0.496521, 0.011749
0.003766, -0.811272, -0.499363, 0.010567
0.003840, -0.813789, -0.501423, 0.008736
0.003914, -0.811710, -0.498543, 0.006027
0.003987, -0.808392, -0.501499, 0.008698
0.004267, -0.810318, -0.502453, 0.011406
0.004804, -0.814610, -0.506935, 0.019245
0.005286, -0.806808, -0.505295, 0.014229
0.005768, -0.808506, -0.504265, 0.008736
0.006281, -0.813065, -0.505657, 0.004864
0.006764, -0.813427, -0.507278, 0.008469
0.007298, -0.816174, -0.508442, 0.006714
0.007780, -0.818882, -0.508175, 0.006962
0.008777, -0.822506, -0.506821, 0.012894
0.009311, -0.823021, -0.504856, 0.005322
0.009793, -0.822201, -0.500050, 0.001717
0.010277, -0.824852, -0.502396, 0.004234
0.010811, -0.820770, -0.505619, 0.010090
0.011299, -0.824738, -0.507374, 0.016537
0.011780, -0.830860, -0.501614, 0.011215
0.012778, -0.826721, -0.503902, 0.016403
0.013314, -0.825768, -0.504589, 0.018444
0.013796, -0.827980, -0.502586, 0.025139
0.014303, -0.834846, -0.501423, 0.025024
0.014791, -0.836029, -0.501194, 0.024529
0.015282, -0.830402, -0.501900, 0.026608
0.015820, -0.828953, -0.501919, 0.024662
0.016289, -0.829849, -0.503464, 0.027866
0.016797, -0.832005, -0.504093, 0.035267
0.017290, -0.832939, -0.505314, 0.036983
0.017779, -0.832844, -0.505352, 0.033131
0.018319, -0.837307, -0.506058, 0.035496
0.018806, -0.838680, -0.507011, 0.034904
0.019291, -0.831718, -0.505028, 0.038261
0.019784, -0.837307, -0.500908, 0.036793
0.020299, -0.842133, -0.500736, 0.039597
0.020812, -0.838108, -0.500240, 0.045204
0.021324, -0.838108, -0.502415, 0.041542
0.022317, -0.836945, -0.501423, 0.051041
0.022835, -0.835228, -0.500851, 0.046539
0.023315, -0.835838, -0.498734, 0.047474
0.023784, -0.834255, -0.498657, 0.049095
0.024320, -0.834808, -0.500450, 0.049038
0.024804, -0.833130, -0.497551, 0.047226
0.025288, -0.827427, -0.497665, 0.052376
0.025825, -0.828876, -0.498505, 0.051498
0.026290, -0.829887, -0.502834, 0.049534
0.026827, -0.824242, -0.504246, 0.052261
0.027314, -0.829067, -0.509644, 0.054741
0.027796, -0.823231, -0.508957, 0.056705
0.028804, -0.824604, -0.506306, 0.050449
0.029295, -0.823078, -0.504551, 0.047798
0.029833, -0.823727, -0.508270, 0.047894
0.030335, -0.822411, -0.509739, 0.052166
0.030810, -0.822449, -0.512123, 0.052376
0.031302, -0.822926, -0.514240, 0.047131
0.032304, -0.817394, -0.512085, 0.042820
0.032843, -0.817680, -0.515366, 0.044289
0.033331, -0.814972, -0.513020, 0.041199
0.033824, -0.813198, -0.515137, 0.041142
0.034297, -0.810452, -0.521641, 0.044975
0.035309, -0.808678, -0.515270, 0.034618
0.036391, -0.809765, -0.516567, 0.034981
0.036919, -0.802670, -0.517941, 0.033360
0.037420, -0.802612, -0.518665, 0.033741
0.037917, -0.802841, -0.517845, 0.030098
0.038412, -0.797958, -0.513344, 0.029984
0.038907, -0.795460, -0.514050, 0.031357
0.039402, -0.795422, -0.518875, 0.028591
0.039897, -0.791931, -0.512733, 0.020771
0.040392, -0.783291, -0.511551, 0.023155
0.040888, -0.779419, -0.513649, 0.024471
0.041383, -0.773678, -0.516319, 0.024376
0.041879, -0.765858, -0.517254, 0.027390
0.042373, -0.768623, -0.516052, 0.025673
0.042868, -0.768147, -0.521374, 0.029106
0.043363, -0.770760, -0.519905, 0.030632
0.043859, -0.776043, -0.516319, 0.030689
0.044353, -0.783195, -0.513039, 0.028381
0.044848, -0.791569, -0.515480, 0.026913
0.045342, -0.793381, -0.511951, 0.027523
0.045851, -0.797005, -0.504932, 0.024967
0.046339, -0.798798, -0.512218, 0.028763
0.046860, -0.802650, -0.514202, 0.030231
0.047354, -0.802135, -0.513897, 0.023289
0.047847, -0.801620, -0.515232, 0.024319
0.048341, -0.797863, -0.517311, 0.025215
0.048834, -0.804176, -0.521698, 0.026016
0.049324, -0.802193, -0.522022, 0.028744
0.049818, -0.797653, -0.525112, 0.026951
0.050331, -0.806293, -0.524521, 0.023594
0.051368, -0.807381, -0.524006, 0.023670
0.051850, -0.808887, -0.528431, 0.023403
0.052352, -0.812435, -0.526848, 0.025444
0.052839, -0.811138, -0.527973, 0.027084
0.053336, -0.809021, -0.531006, 0.026054
0.053839, -0.807533, -0.530624, 0.024662
0.054377, -0.807228, -0.534649, 0.023861
0.054865, -0.808582, -0.529156, 0.022144
0.055341, -0.809860, -0.530281, 0.022316
0.056355, -0.808468, -0.536366, 0.023136
0.056847, -0.807610, -0.524845, 0.023212
0.057347, -0.808334, -0.523109, 0.028419
0.057849, -0.804977, -0.522327, 0.027199
0.058335, -0.804386, -0.520496, 0.029545
0.058831, -0.801506, -0.516949, 0.030537
0.059365, -0.798969, -0.516758, 0.034065
0.059842, -0.797005, -0.510349, 0.031013
0.060370, -0.793571, -0.512314, 0.030346
0.060858, -0.794353, -0.512276, 0.034218
0.061374, -0.795593, -0.506668, 0.032845
0.061837, -0.789909, -0.504246, 0.029449
0.062354, -0.785465, -0.503654, 0.029011
0.062881, -0.788078, -0.505047, 0.028954
0.063368, -0.789490, -0.499916, 0.030251
0.063843, -0.787830, -0.495720, 0.030804
0.064866, -0.792618, -0.498142, 0.032902
0.065345, -0.787582, -0.497227, 0.030785
0.066348, -0.795364, -0.485878, 0.030727
0.066852, -0.796471, -0.484943, 0.031223
0.067384, -0.791550, -0.484867, 0.029449
0.067873, -0.785751, -0.489063, 0.022449
0.068377, -0.785522, -0.485725, 0.023251
0.068880, -0.787315, -0.486412, 0.028152
0.069385, -0.785732, -0.488529, 0.023212
0.069888, -0.785313, -0.495300, 0.025845
0.070392, -0.780945, -0.491810, 0.022392
0.070881, -0.781574, -0.494823, 0.020504
0.071385, -0.782795, -0.493317, 0.020828
0.071890, -0.779324, -0.500050, 0.021400
0.072851, -0.776997, -0.505486, 0.022106
0.073375, -0.778084, -0.506439, 0.019684
0.073877, -0.781956, -0.507641, 0.022392
0.074363, -0.781212, -0.512600, 0.023422
0.074882, -0.779896, -0.514145, 0.017948
0.075371, -0.774384, -0.511894, 0.020313
0.075935, -0.771503, -0.512447, 0.019588
0.076394, -0.773830, -0.518055, 0.022335
0.077392, -0.776768, -0.521412, 0.020790
0.077903, -0.780106, -0.522137, 0.020123
0.078383, -0.779839, -0.524311, 0.020294
0.078867, -0.779915, -0.524712, 0.019932
0.079358, -0.777092, -0.520573, 0.016060
0.079890, -0.777435, -0.518684, 0.018368
0.080400, -0.778618, -0.518074, 0.019608
0.080881, -0.780239, -0.523682, 0.018730
0.081385, -0.784740, -0.522442, 0.021114
0.081889, -0.780106, -0.523262, 0.024872
0.082481, -0.777111, -0.521317, 0.022049
0.082985, -0.780411, -0.522728, 0.023708
0.083520, -0.775013, -0.522270, 0.025883
0.083874, -0.777740, -0.523911, 0.029907
0.084511, -0.777626, -0.521317, 0.028095
0.085518, -0.774555, -0.519676, 0.033798
0.086027, -0.774326, -0.516548, 0.033054
0.086472, -0.771275, -0.515308, 0.039082
0.086956, -0.773144, -0.518875, 0.043087
0.087430, -0.768185, -0.516605, 0.047455
0.087971, -0.770264, -0.513058, 0.045757
0.088436, -0.772038, -0.513096, 0.046577
0.088945, -0.769863, -0.513000, 0.049648
0.089445, -0.768375, -0.513878, 0.055466
0.089949, -0.768108, -0.517349, 0.056534
0.090466, -0.768471, -0.518246, 0.054417
0.090959, -0.765781, -0.514851, 0.054760
0.091395, -0.776119, -0.510502, 0.053635
0.091905, -0.768967, -0.502720, 0.054169
0.092422, -0.762978, -0.511360, 0.064945
0.092895, -0.762501, -0.524178, 0.077763
0.093447, -0.764542, -0.536366, 0.078316
0.094385, -0.765018, -0.536270, 0.061512
0.094893, -0.761032, -0.529709, 0.052567
0.095398, -0.758209, -0.527039, 0.058651
0.095879, -0.761089, -0.531387, 0.071526
0.096460, -0.759716, -0.540047, 0.077953
0.096913, -0.759296, -0.544281, 0.079479
0.097430, -0.759850, -0.544186, 0.072708
0.097935, -0.757465, -0.540390, 0.067825
0.098912, -0.759850, -0.538445, 0.086250
0.099417, -0.760403, -0.543194, 0.091095
0.099920, -0.755424, -0.548019, 0.084324
0.100423, -0.761375, -0.546017, 0.077610
0.100926, -0.757866, -0.544491, 0.071640
0.101434, -0.761490, -0.544930, 0.073280
0.101934, -0.765381, -0.543633, 0.080643
0.102438, -0.765610, -0.542736, 0.085449
0.102941, -0.763760, -0.546227, 0.083694
0.103387, -0.767345, -0.547028, 0.077477
0.103888, -0.765839, -0.546780, 0.076084
0.104395, -0.768604, -0.547733, 0.073433
0.104895, -0.763226, -0.548534, 0.079231
0.106394, -0.780315, -0.544510, 0.078011
0.106896, -0.775471, -0.553436, 0.070591
0.107403, -0.776672, -0.559540, 0.077095
0.107905, -0.778942, -0.561714, 0.069370
0.108408, -0.776424, -0.543480, 0.063496
0.108911, -0.772247, -0.538673, 0.062237
0.109415, -0.779438, -0.547676, 0.065575
0.109919, -0.781345, -0.551376, 0.065403
0.110413, -0.777149, -0.553055, 0.059834
0.110901, -0.781345, -0.556335, 0.061874
0.111450, -0.783482, -0.553455, 0.059166
0.111945, -0.788479, -0.549946, 0.056744
0.112437, -0.793533, -0.550117, 0.054188
0.112941, -0.792885, -0.553837, 0.056877
0.113448, -0.793686, -0.556431, 0.048580
0.113950, -0.794106, -0.552750, 0.040779
0.114452, -0.796871, -0.550880, 0.043983
0.114956, -0.797081, -0.547924, 0.042076
0.115456, -0.798988, -0.546417, 0.044727
0.115959, -0.800762, -0.544033, 0.038242
0.116422, -0.806713, -0.539932, 0.034714
0.116932, -0.807343, -0.539627, 0.030041
0.117434, -0.803833, -0.535507, 0.036049
0.117933, -0.808563, -0.536900, 0.035439
0.118450, -0.808220, -0.535965, 0.033836
0.118941, -0.806732, -0.534897, 0.032768
0.119439, -0.803776, -0.530891, 0.028877
0.119918, -0.805054, -0.528011, 0.029945
0.120940, -0.803185, -0.519943, 0.039291
0.121445, -0.806351, -0.515633, 0.037823
0.121928, -0.810394, -0.515385, 0.042076
0.122460, -0.809059, -0.517960, 0.041924
0.122936, -0.805836, -0.512199, 0.038471
0.123435, -0.802097, -0.505199, 0.037498
0.123921, -0.801735, -0.505848, 0.033417
0.124466, -0.801220, -0.505123, 0.032749
0.124952, -0.805302, -0.507565, 0.036163
0.125454, -0.809555, -0.506687, 0.040951
0.126084, -0.816879, -0.500469, 0.029507
0.126436, -0.821877, -0.506344, 0.026760
0.126961, -0.829067, -0.499554, 0.029564
0.127458, -0.830631, -0.500431, 0.018978
0.127933, -0.829544, -0.496216, 0.018826
0.128455, -0.834732, -0.494041, 0.013618
0.129059, -0.836525, -0.487576, 0.018158
0.129578, -0.840359, -0.476799, 0.020599
0.129934, -0.849724, -0.470352, 0.019894
0.130436, -0.864315, -0.472393, 0.021210
0.131055, -0.874786, -0.478535, 0.023003
0.131536, -0.885963, -0.482540, 0.016499
0.132023, -1.201973, -0.339661, -0.076408
0.132529, -2.189884, 0.597286, 0.251255
0.133025, -2.578812, -0.499535, 0.394344
0.133517, -2.396965, -0.955334, -0.833893
0.134022, -1.941166, -1.422234, 0.077553
0.134512, -1.474419, -1.124897, -0.660172
0.135020, -1.025238, -0.285206, -0.287495
0.135537, -0.640545, 0.055370, -0.116043
0.136054, -0.471134, 0.142517, 0.326748
0.136515, -0.511189, 0.339127, 0.208035
0.137030, -0.571423, 0.087433, -0.157013
0.137505, -0.690022, 0.001030, -0.192738
0.138008, -0.810852, -0.001850, -0.011463
0.138481, -0.898075, -0.142612, -0.145988
0.138985, -0.928345, -0.196095, -0.020962
0.139488, -0.945454, -0.330963, -0.067711
0.139977, -0.959511, -0.360584, -0.050144
0.140481, -0.929852, -0.364666, 0.038910
0.140986, -0.897884, -0.395412, 0.010548
0.141490, -0.873470, -0.422916, -0.069370
0.143167, -0.841866, -0.513020, -0.059242
0.143581, -0.851154, -0.542450, -0.095215
0.143985, -0.852432, -0.523071, -0.001087
0.144443, -0.840149, -0.542927, -0.002403
0.144981, -0.819111, -0.550976, -0.001183
0.145453, -0.806980, -0.561485, -0.000038
0.145983, -0.824242, -0.571041, -0.087090
0.146469, -0.858383, -0.597820, -0.081692
0.146972, -0.874729, -0.599804, -0.114212
0.147465, -0.883141, -0.619488, -0.085831
0.147950, -0.882473, -0.604630, -0.043297
0.148452, -0.861988, -0.594597, -0.063095
0.149017, -0.846844, -0.578823, -0.113239
0.149483, -0.849667, -0.577450, -0.123444
0.149994, -0.849133, -0.571251, -0.140419
0.150505, -0.843678, -0.553513, -0.129719
0.150980, -0.830078, -0.563202, -0.138645
0.151468, -0.827484, -0.542030, -0.138016
0.152000, -0.815601, -0.536480, -0.107594
0.152481, -0.806160, -0.539665, -0.142746
0.152998, -0.808773, -0.549755, -0.212955
0.153475, -0.816402, -0.518379, -0.184364
0.153960, -0.813637, -0.487404, -0.207634
0.154495, -0.813961, -0.472717, -0.232124
0.154981, -0.840607, -0.460835, -0.201740
0.155500, -0.864773, -0.461826, -0.173016
0.155965, -0.873280, -0.457058, -0.157700
0.156495, -0.856876, -0.468636, -0.148849
0.156970, -0.826950, -0.458050, -0.125580
0.157497, -0.812664, -0.442734, -0.142269
0.157977, -0.811310, -0.426121, -0.133591
0.159014, -0.794029, -0.432301, -0.145092
0.159477, -0.795574, -0.442600, -0.121651
0.160006, -0.781574, -0.431042, -0.115490
0.160469, -0.804043, -0.425091, -0.109730
0.160991, -0.824833, -0.439358, -0.125408
0.161470, -0.818996, -0.418720, -0.048275
0.161968, -0.822697, -0.446491, -0.074062
0.162482, -0.829792, -0.454102, -0.079460
0.162985, -0.854340, -0.426197, -0.069733
0.163489, -0.862331, -0.451260, -0.088024
0.163993, -0.863514, -0.438271, -0.023174
0.164496, -0.887070, -0.455589, -0.058098
0.164972, -0.923176, -0.435448, -0.037880
0.165489, -0.932961, -0.419102, -0.030384
0.165979, -0.919056, -0.418777, -0.033627
0.166500, -0.892162, -0.425091, -0.013847
0.167001, -0.870113, -0.421448, 0.003986
0.167506, -0.868301, -0.433578, -0.010967
0.168009, -0.869503, -0.441933, -0.011826
0.168515, -0.875607, -0.453491, -0.028019
0.169017, -0.887585, -0.479012, -0.036507
0.169521, -0.885868, -0.479965, -0.024796
0.170022, -0.878258, -0.500774, -0.034466
0.170527, -0.863705, -0.511303, -0.067215
0.170983, -0.866318, -0.502682, -0.035248
0.171476, -0.859528, -0.512447, -0.045586
0.171978, -0.862713, -0.510654, -0.044823
0.172482, -0.859890, -0.517044, -0.057583
0.173020, -0.867233, -0.518188, -0.050755
0.173519, -0.860558, -0.524311, -0.063725
0.174029, -0.861549, -0.526161, -0.063896
0.174619, -0.864887, -0.527363, -0.051060
0.175119, -0.858822, -0.537682, -0.048618
0.175494, -0.854359, -0.537052, -0.057564
0.176132, -0.849304, -0.539818, -0.053101
0.176503, -0.841522, -0.538559, -0.055656
0.177101, -0.837307, -0.540638, -0.054150
0.177597, -0.837727, -0.542202, -0.054588
0.178094, -0.837440, -0.541115, -0.049534
0.178591, -0.838089, -0.544682, -0.054302
0.179098, -0.839272, -0.540485, -0.042648
0.179623, -0.836639, -0.546646, -0.039959
0.180070, -0.836811, -0.539989, -0.038319
0.180590, -0.839939, -0.533257, -0.033016
0.181095, -0.837402, -0.534573, -0.027695
0.181565, -0.841999, -0.535450, -0.026989
0.182082, -0.840054, -0.533524, -0.018826
0.182515, -0.838871, -0.525341, -0.019417
0.183092, -0.831394, -0.524178, -0.014133
0.183550, -0.835457, -0.526562, -0.011292
0.184118, -0.838509, -0.519161, -0.002308
0.184570, -0.839348, -0.508690, 0.004234
0.185031, -0.837879, -0.499878, 0.005131
0.185526, -0.831127, -0.496426, 0.017796
0.186051, -0.833969, -0.494900, 0.017452
0.186509, -0.834942, -0.496368, 0.021553
0.187006, -0.833111, -0.491486, 0.021763
0.187528, -0.828819, -0.491695, 0.026264
0.188052, -0.828133, -0.485420, 0.033703
0.188571, -0.820637, -0.482693, 0.038013
0.189024, -0.826759, -0.480404, 0.038166
0.189538, -0.829163, -0.479259, 0.042973
0.190022, -0.824432, -0.477333, 0.051765
0.190526, -0.825825, -0.474606, 0.057812
0.191001, -0.818005, -0.475330, 0.051193
0.191543, -0.813084, -0.473423, 0.052967
0.192029, -0.808830, -0.473747, 0.057354
0.192525, -0.806522, -0.468826, 0.065956
0.193009, -0.799351, -0.466766, 0.063820
0.193540, -0.785236, -0.470409, 0.062618
0.194048, -0.776062, -0.465374, 0.056000
0.194514, -0.772972, -0.463600, 0.049438
0.195029, -0.757790, -0.468140, 0.053196
0.195551, -0.746460, -0.475101, 0.056324
0.196550, -0.719929, -0.468025, 0.059013
0.197031, -0.704250, -0.469875, 0.069389
0.197511, -0.686035, -0.471001, 0.068226
0.198031, -0.674782, -0.467281, 0.067005
0.198522, -0.655041, -0.467491, 0.069542
0.199012, -0.639458, -0.467091, 0.066338
0.199552, -0.624008, -0.463009, 0.069370
0.200026, -0.625782, -0.460415, 0.065460
0.200551, -0.653400, -0.463123, 0.067215
0.201055, -0.665112, -0.454826, 0.074310
0.201548, -0.654144, -0.432816, 0.076237
0.202021, -0.652370, -0.423355, 0.074120
0.202554, -0.673447, -0.414486, 0.087547
0.203043, -0.685902, -0.407448, 0.109596
0.203517, -0.711021, -0.412006, 0.105171
0.204019, -0.739117, -0.412464, 0.138302
0.204569, -0.755672, -0.404682, 0.147762
0.205029, -0.794067, -0.400238, 0.146675
0.205533, -0.865459, -0.392380, 0.158691
0.206066, -0.905514, -0.403881, 0.159779
0.206525, -0.961456, -0.405979, 0.151482
0.207044, -0.952930, -0.425987, 0.174694
0.207547, -0.910149, -0.431862, 0.194988
0.208051, -0.867920, -0.446396, 0.191307
0.208555, -0.816078, -0.453777, 0.180302
0.209059, -0.781212, -0.458469, 0.179157
0.209562, -0.755501, -0.490818, 0.157452
0.210066, -0.721169, -0.525608, 0.151615
0.210547, -0.676079, -0.550175, 0.139122
0.211043, -0.645943, -0.574741, 0.133018
0.211560, -0.642204, -0.585651, 0.120296
0.212073, -0.658321, -0.595665, 0.116577
0.213034, -0.663204, -0.586529, 0.081692
0.213534, -0.694389, -0.575466, 0.104752
0.214053, -0.725651, -0.571690, 0.137653
0.214532, -0.749588, -0.549259, 0.148964
0.215078, -0.831871, -0.506477, 0.138512
0.215536, -0.953693, -0.454769, 0.138721
0.216037, -1.000881, -0.421143, 0.107651
0.216570, -1.026649, -0.434494, 0.044632
0.217049, -0.999527, -0.448189, 0.049229
0.217565, -1.004505, -0.470009, 0.060215
0.218051, -1.020298, -0.523605, 0.044861
0.218568, -0.976391, -0.526333, 0.085430
0.219059, -0.872917, -0.524464, 0.071926
0.219579, -0.808487, -0.518017, 0.066814
0.220083, -0.812569, -0.548897, 0.029736
0.220586, -0.843048, -0.603466, 0.014191
0.221089, -0.855370, -0.642624, 0.044117
0.221547, -0.848026, -0.632668, 0.063057
0.222052, -0.833244, -0.639114, 0.032539
0.222689, -0.826550, -0.606499, 0.085144
0.223045, -0.827503, -0.596485, 0.066013
0.223558, -0.803967, -0.588398, 0.075893
0.225208, -0.842876, -0.544605, 0.088425
0.225656, -0.908642, -0.543804, 0.039711
0.226188, -0.921421, -0.537033, 0.004234
0.226674, -0.874748, -0.506477, 0.005589
0.227167, -0.829315, -0.494995, 0.014000
0.227640, -0.803890, -0.477085, 0.011806
0.228127, -0.775795, -0.491753, 0.010033
0.228662, -0.727272, -0.523968, 0.014038
0.229075, -0.691071, -0.551014, 0.022488
0.229653, -0.659523, -0.570049, 0.038490
0.230062, -0.647011, -0.560589, 0.044327
0.230557, -0.647411, -0.531292, 0.077553
0.231119, -0.634098, -0.513191, 0.063839
0.231623, -0.673523, -0.477982, 0.104752
0.232129, -0.775719, -0.465679, 0.131741
0.232600, -0.871639, -0.430393, 0.109921
0.233121, -0.928783, -0.385666, 0.088749
0.233584, -1.001225, -0.339241, 0.056076
0.234112, -1.133804, -0.356483, 0.019989
0.234572, -1.271286, -0.371189, 0.110550
0.235089, -1.327076, -0.409241, 0.093136
0.235593, -1.280575, -0.378914, 0.084629
0.236116, -1.172848, -0.372314, 0.068417
0.236562, -1.078320, -0.393391, 0.062904
0.237062, -1.010323, -0.464230, 0.052414
0.237567, -0.974274, -0.522404, 0.060349
0.238069, -0.947018, -0.543003, 0.069885
0.238571, -0.932598, -0.575752, 0.057659
0.239077, -0.916481, -0.585423, 0.057182
0.239579, -0.894241, -0.602283, 0.063000
0.240085, -0.879803, -0.597458, 0.069351
0.240586, -0.870018, -0.591526, 0.061035
0.241089, -0.861988, -0.576439, 0.044003
0.241593, -0.862617, -0.555935, 0.032024
0.242097, -0.863628, -0.535069, 0.022354
0.242615, -0.863209, -0.507755, 0.018597
0.243104, -0.873337, -0.488796, 0.006752
0.243601, -0.877895, -0.461979, -0.002460
0.244097, -0.882759, -0.439682, -0.005283
0.244589, -0.884857, -0.421619, -0.014954
0.245082, -0.891571, -0.411892, -0.036011
0.245577, -0.896015, -0.397758, -0.039425
0.246111, -0.899525, -0.385418, -0.050812
0.246615, -0.896740, -0.379047, -0.059528
0.247120, -0.884571, -0.373230, -0.072193
0.247622, -0.867348, -0.369358, -0.083618
0.248126, -0.850773, -0.368633, -0.084038
0.248630, -0.829945, -0.377007, -0.095844
0.249581, -0.828915, -0.412178, -0.093346
0.250081, -0.834904, -0.424099, -0.090847
0.250586, -0.832481, -0.428867, -0.086060
0.251089, -0.830097, -0.428677, -0.074978
0.251593, -0.827522, -0.427837, -0.071259
0.252097, -0.824490, -0.419884, -0.075150
0.252600, -0.818729, -0.418930, -0.068455
0.253121, -0.819721, -0.411491, -0.070038
0.253601, -0.818424, -0.410576, -0.069675
0.254110, -0.817242, -0.414352, -0.065575
0.254610, -0.820389, -0.416908, -0.064220
0.255083, -0.823383, -0.413437, -0.057716
0.255602, -0.818386, -0.421181, -0.049744
0.256119, -0.820274, -0.426636, -0.049229
0.256625, -0.824604, -0.436954, -0.048428
0.257103, -0.823059, -0.443478, -0.044880
0.257592, -0.822906, -0.441189, -0.043182
0.258125, -0.823574, -0.445118, -0.041924
0.258630, -0.825195, -0.447483, -0.035248
0.259612, -0.822792, -0.441437, -0.029545
0.260095, -0.813942, -0.437260, -0.027199
0.260610, -0.819511, -0.438404, -0.023632
0.261130, -0.822887, -0.442524, -0.018063
0.262104, -0.819874, -0.448475, -0.014935
0.262640, -0.817070, -0.451679, -0.007725
0.263143, -0.820332, -0.453663, -0.003223
0.263616, -0.819702, -0.454063, -0.001850
0.264097, -0.817356, -0.453072, 0.003796
0.264616, -0.818424, -0.449524, 0.009212
0.265118, -0.822716, -0.449924, 0.014267
0.265602, -0.822468, -0.452900, 0.014801
0.266140, -0.827084, -0.451202, 0.015812
0.266641, -0.828323, -0.451889, 0.020275
0.267135, -0.826130, -0.452633, 0.024700
0.267608, -0.832767, -0.450516, 0.027065
0.268111, -0.838451, -0.452633, 0.032558
0.268615, -0.848637, -0.448055, 0.031853
0.269118, -0.853462, -0.448303, 0.037365
0.269623, -0.854397, -0.443459, 0.041485
0.270125, -0.847969, -0.447578, 0.047398
0.270614, -0.841389, -0.447617, 0.051823
0.271253, -0.838089, -0.449619, 0.046215
0.271607, -0.841446, -0.451260, 0.050488
0.272245, -0.846958, -0.455227, 0.045338
0.272734, -0.861511, -0.455208, 0.046864
0.273252, -0.866089, -0.457249, 0.043297
0.273715, -0.872650, -0.460052, 0.038872
0.274234, -0.879860, -0.463963, 0.040607
0.274646, -0.887337, -0.468044, 0.039024
0.275224, -0.897217, -0.465126, 0.040932
0.275638, -0.900955, -0.467510, 0.035858
0.276218, -0.921135, -0.473633, 0.027046
0.276629, -0.939045, -0.474625, 0.022945
0.277166, -0.949745, -0.478077, 0.021954
0.277612, -0.967731, -0.486736, 0.013962
0.278140, -0.988083, -0.491829, 0.019035
0.278672, -1.008186, -0.496902, 0.013828
0.279179, -1.023808, -0.491657, 0.001297
0.279895, -1.039734, -0.498257, -0.004616
0.280350, -1.033554, -0.510330, -0.015278
0.280660, -1.044159, -0.519466, -0.027351
0.281212, -1.062050, -0.526257, -0.040703
0.281647, -1.073227, -0.529900, -0.044613
0.282307, -1.082687, -0.542793, -0.074749
0.282712, -1.063862, -0.552235, -0.090904
0.283133, -0.994759, -0.550289, -0.102882
0.283660, -0.940418, -0.584126, -0.114422
0.284144, -0.930462, -0.604687, -0.155487
0.284720, -0.823555, -0.616016, -0.000496
0.285209, -0.691566, -0.624409, -0.088806
0.285686, -0.709267, -0.651264, -0.162277
0.286208, -0.828457, -0.593872, -0.078659
0.286632, -0.986233, -0.717907, -0.440540
0.287148, -1.068058, -0.771503, -0.476322
0.287640, -0.991192, -0.809689, -0.351048
0.288142, -0.865402, -0.779495, -0.187836
0.288665, -0.744648, -0.580044, 0.055733
0.289173, -0.649529, -0.475636, -0.044136
0.289651, -0.791626, -0.418377, -0.236816
0.290134, -0.952702, -0.605564, -0.367413
0.290654, -0.948296, -0.770531, -0.556812
0.291141, -0.859718, -0.938320, -0.513306
0.291676, -0.799732, -0.899315, -0.108013
0.292171, -0.711594, -0.748672, -0.026264
0.292637, -0.693645, -0.627899, 0.023136
0.293170, -0.795498, -0.631027, -0.120735
0.294145, -0.836544, -0.549145, -0.191288
0.294656, -0.687218, -0.377522, -0.015049
0.295170, -0.524464, -0.324383, 0.102978
0.295654, -0.481415, -0.391426, 0.028286
0.296184, -0.555134, -0.392284, 0.444527
0.296681, -0.740986, -0.503407, 0.120754
0.297155, -0.918541, -0.502968, -0.044594
0.298185, -1.031704, -0.481701, -0.237999
0.298660, -1.040440, -0.460949, -0.254631
0.299652, -1.023464, -0.372849, 0.055428
0.300157, -1.008835, -0.294895, 0.219955
0.300661, -0.907288, -0.181847, 0.407925
0.301193, -0.789318, -0.192776, 0.384350
0.302645, -0.491886, -0.456638, -0.084114
0.303148, -0.486374, -0.669041, -0.142498
0.303655, -0.617695, -0.809784, -0.049744
0.304158, -0.710220, -0.831528, 0.030327
0.304664, -0.749493, -0.729313, -0.038834
0.305163, -0.712185, -0.502453, 0.097179
0.305669, -0.570107, -0.404453, 0.011501
0.306187, -0.424919, -0.338593, -0.022526
0.306690, -0.385056, -0.306244, 0.093803
0.307194, -0.474796, -0.341091, 0.105686
0.307696, -0.613403, -0.401096, -0.064678
0.308207, -0.765800, -0.351925, 0.172577
0.308660, -0.869350, -0.532475, -0.171032
0.309195, -0.904903, -0.676060, -0.170937
0.309656, -0.894642, -0.792809, -0.292721
0.310156, -0.865765, -0.773849, -0.302277
0.310703, -0.825596, -0.674400, -0.201454
0.311199, -0.773487, -0.580235, -0.093288
0.311692, -0.729427, -0.504017, 0.002003
0.312191, -0.689220, -0.416603, 0.108681
0.312693, -0.669460, -0.343246, 0.190735
0.313203, -0.669270, -0.304146, 0.221405
0.313712, -0.687599, -0.274963, 0.221882
0.314704, -0.768623, -0.288754, 0.207386
0.315209, -0.819397, -0.322437, 0.254498
0.315682, -0.860195, -0.369873, 0.257568
0.316308, -0.856247, -0.389061, 0.289040
0.317172, -0.812321, -0.395355, 0.253086
0.317683, -0.805988, -0.396824, 0.218925
0.318305, -0.822468, -0.390167, 0.191765
0.319283, -0.830669, -0.370426, 0.144196
0.319788, -0.821991, -0.378780, 0.126495
0.320291, -0.827770, -0.363121, 0.144024
0.320752, -0.830574, -0.378304, 0.130730
0.321242, -0.828094, -0.390034, 0.101795
0.321759, -0.836601, -0.421696, 0.084839
0.322271, -0.830975, -0.436001, 0.060253
0.322749, -0.837059, -0.471306, 0.037899
0.323254, -0.844421, -0.477791, 0.031815
0.323682, -0.845985, -0.502491, 0.018997
0.324223, -0.855503, -0.514069, 0.003643
0.324732, -0.864639, -0.537338, -0.004501
0.325239, -0.852680, -0.554905, -0.018272
0.325712, -0.835590, -0.572357, -0.012665
0.326275, -0.831966, -0.582161, -0.023441
0.326704, -0.830574, -0.598831, -0.040817
0.327203, -0.833244, -0.619984, -0.044231
0.327700, -0.834351, -0.627441, -0.042095
0.328282, -0.840549, -0.644875, -0.046272
0.328723, -0.837860, -0.633965, -0.041981
0.329207, -0.836411, -0.648232, -0.042763
0.329710, -0.830746, -0.649796, -0.041256
0.330199, -0.834427, -0.649605, -0.045776
0.330722, -0.834961, -0.644493, -0.057354
0.331219, -0.836830, -0.642338, -0.052567
0.331699, -0.830936, -0.639229, -0.066872
0.332233, -0.832882, -0.637302, -0.079174
0.332689, -0.830860, -0.633793, -0.081139
0.333192, -0.828762, -0.628586, -0.085545
0.333701, -0.833282, -0.618954, -0.071068
0.334202, -0.833263, -0.605984, -0.071945
0.334718, -0.840549, -0.602150, -0.067902
0.335222, -0.838108, -0.585461, -0.059242
0.335727, -0.834789, -0.578823, -0.067673
0.336213, -0.830345, -0.567017, -0.054951
0.336723, -0.834465, -0.565186, -0.041809
0.337192, -0.844879, -0.554218, -0.034523
0.337707, -0.842438, -0.543671, -0.042706
0.338216, -0.840416, -0.542164, -0.038414
0.338733, -0.842781, -0.543041, -0.026455
0.339192, -0.846748, -0.541954, -0.028057
0.339707, -0.846233, -0.543213, -0.018196
0.340226, -0.855370, -0.537624, -0.013237
0.340739, -0.857792, -0.533047, -0.002804
0.341206, -0.866013, -0.529709, 0.004425
0.341716, -0.862331, -0.523586, 0.014229
0.342214, -0.869617, -0.517769, 0.022984
0.342748, -0.870380, -0.517006, 0.033817
0.343705, -0.872040, -0.503807, 0.027027
0.344240, -0.874157, -0.507889, 0.029430
0.344711, -0.875072, -0.509567, 0.031204
0.345235, -0.879688, -0.511551, 0.030060
0.345710, -0.882626, -0.509434, 0.035591
0.346244, -0.887966, -0.514641, 0.026798
0.346732, -0.887318, -0.514412, 0.024166
0.347223, -0.886898, -0.521450, 0.022964
0.347724, -0.886917, -0.527382, 0.009594
0.348231, -0.891914, -0.529480, 0.000362
0.348752, -0.892544, -0.528984, 0.000839
0.349229, -0.898056, -0.523338, -0.007515
0.349747, -0.902672, -0.521526, -0.010109
0.350246, -0.907078, -0.522919, -0.013065
0.350748, -0.913296, -0.519161, -0.006676
0.351223, -0.922203, -0.531673, -0.014420
0.351744, -0.944824, -0.540047, -0.008259
0.352245, -0.988674, -0.536518, -0.001793
0.352735, -1.028614, -0.532360, -0.002136
0.353252, -1.033592, -0.505733, -0.001278
0.353730, -1.011353, -0.501232, -0.002327
0.354233, -0.980034, -0.507145, -0.011616
0.355228, -0.948658, -0.549412, -0.015602
0.356262, -0.949879, -0.588417, -0.000038
0.356763, -0.932159, -0.603333, -0.029392
0.357241, -0.923748, -0.602131, -0.013752
0.357762, -0.925808, -0.627594, -0.031738
0.358243, -0.930195, -0.616760, -0.034428
0.358721, -0.899029, -0.601006, -0.015945
0.359231, -0.849781, -0.617599, -0.038757
0.359751, -0.806618, -0.585670, -0.015659
0.360252, -0.767174, -0.620728, -0.047188
0.360761, -0.807037, -0.611897, -0.036545
0.361265, -0.860786, -0.606956, -0.028305
0.361765, -0.897713, -0.605106, -0.058804
0.362331, -0.910149, -0.579281, -0.055141
0.362729, -0.896740, -0.534019, -0.043774
0.363252, -0.850048, -0.509167, -0.056896
0.363725, -0.807209, -0.477276, -0.080814
0.364313, -0.790024, -0.441208, -0.048828
0.365327, -0.752068, -0.454979, -0.117245
0.365815, -0.754032, -0.467663, -0.105515
0.366349, -0.742054, -0.472965, -0.100231
0.366825, -0.710201, -0.475063, -0.026321
0.367328, -0.697899, -0.513763, -0.031433
0.367803, -0.729027, -0.540104, 0.016613
0.368277, -0.772495, -0.519714, 0.050316
0.368794, -0.805855, -0.527096, 0.002384
0.369268, -0.823631, -0.487194, 0.048294
0.369801, -0.822449, -0.417137, 0.040474
0.370333, -0.749359, -0.375080, 0.014038
0.370765, -0.645046, -0.372791, 0.061779
0.371273, -0.581970, -0.371552, 0.130424
0.371773, -0.544720, -0.425167, 0.114555
0.372275, -0.553360, -0.443878, 0.125713
0.372779, -0.570831, -0.410461, 0.176334
0.373241, -0.520515, -0.442543, 0.172176
0.373757, -0.453415, -0.384197, 0.279560
0.374283, -0.412083, -0.410671, 0.118980
0.374736, -0.523815, -0.349064, 0.046291
0.375259, -0.693703, -0.319462, 0.030441
0.375771, -0.784435, -0.318890, 0.287132
0.376293, -0.765133, -0.381184, 0.397491
0.376749, -0.612144, -0.374203, 0.417824
0.377777, -0.453091, -0.205669, 0.153084
0.378269, -0.529194, -0.212345, 0.233078
0.378757, -0.602608, -0.387402, 0.283928
0.379253, -0.655022, -0.619869, 0.330582
0.379756, -0.724964, -0.730267, 0.423107
0.380279, -0.826817, -0.535870, 0.412273
0.380748, -0.999336, -0.178967, 0.271931
0.381252, -1.019936, -0.181046, -0.012321
0.381785, -0.824127, -0.361519, 0.306873
0.382281, -0.725536, -0.572605, 0.445366
0.382793, -0.744057, -0.817280, 0.174522
0.383297, -0.674782, -0.658607, 0.317802
0.383801, -0.668678, -0.272274, 0.373211
0.384749, -0.785027, -0.201321, -0.006657
0.385253, -0.791378, -0.221443, 0.011463
0.385785, -0.677166, -0.486622, 0.097885
0.386263, -0.579681, -0.545673, 0.114822
0.386763, -0.642071, -0.497608, -0.080624
0.387268, -0.847206, -0.361462, -0.198879
0.387771, -1.045456, -0.391636, -0.083141
0.388275, -1.012955, -0.593414, 0.219688
0.388780, -0.881634, -0.843945, 0.095348
0.389268, -0.763531, -0.768566, 0.014114
0.389771, -0.714684, -0.560875, -0.050983
0.390307, -0.763340, -0.420475, -0.296211
0.390808, -0.714359, -0.548744, -0.093384
0.391269, -0.628910, -0.703926, 0.180054
0.391772, -0.549812, -0.855160, 0.099754
0.392274, -0.579529, -0.790005, -0.235672
0.392792, -0.729427, -0.544949, -0.258598
0.393299, -0.790997, -0.518761, -0.222721
0.393795, -0.777740, -0.630856, 0.051651
0.394293, -0.707912, -0.850906, 0.026379
0.394794, -0.654507, -0.891209, 0.083027
0.395270, -0.724640, -0.762253, -0.045319
0.395773, -0.889740, -0.727959, -0.249825
0.396282, -1.064339, -0.595245, -0.096703
0.396776, -1.072388, -0.615921, -0.037060
0.397273, -0.892124, -0.843296, 0.030270
0.398302, -0.659180, -0.815182, -0.188637
0.398797, -0.610504, -0.663834, -0.042629
0.399278, -0.519123, -0.508709, 0.096607
0.399771, -0.546150, -0.589981, -0.181026
0.400303, -0.655956, -0.551548, -0.190792
0.400795, -0.688133, -0.608597, -0.097961
0.401318, -0.807629, -0.674973, -0.123234
0.401811, -0.958328, -0.713158, -0.139866
0.402286, -1.035557, -0.653648, -0.035572
0.402771, -1.118717, -0.619431, -0.026054
0.403323, -1.212482, -0.667057, 0.012970
0.403815, -1.115742, -0.656948, -0.076427
0.404290, -0.756092, -0.694695, 0.040531
0.404774, -0.365562, -0.721169, 0.169640
0.405280, -0.141296, -0.794830, -0.109329
0.405830, -0.158062, -0.690193, -0.135078
0.406321, -0.362549, -0.559940, -0.242100
0.406807, -0.744534, -0.412598, -0.271244
0.407295, -1.173115, -0.422573, -0.253773
0.407825, -1.267014, -0.523281, 0.092430
0.408320, -1.007481, -0.699577, 0.176926
0.408802, -0.740967, -0.735207, 0.055828
0.409281, -0.589924, -0.625553, -0.051575
0.409815, -0.609188, -0.399284, -0.172291
0.410294, -0.605316, -0.357742, -0.106735
0.410940, -0.504856, -0.492210, 0.040150
0.411425, -0.424194, -0.644932, -0.000610
0.411924, -0.511703, -0.597610, -0.033760
0.412452, -0.721626, -0.479946, -0.177231
0.412915, -0.787849, -0.371704, -0.001793
0.413429, -0.680943, -0.495815, 0.115185
0.414436, -0.657444, -0.611725, 0.051517
0.414897, -0.718975, -0.510826, -0.009136
0.415404, -0.622215, -0.460758, 0.043468
0.415918, -0.624313, -0.511513, -0.022945
0.416397, -0.774632, -0.525112, -0.026760
0.416897, -1.058998, -0.350475, 0.077477
0.417688, -1.199722, -0.462208, 0.051174
0.418128, -1.169510, -0.560875, 0.269566
0.418557, -1.137714, -0.703335, 0.149384
0.418962, -1.033058, -0.682545, 0.322952
0.419386, -0.717907, -0.489197, 0.173130
0.420012, -0.456734, -0.481834, 0.054626
0.420383, -0.348682, -0.557175, 0.188980
0.420843, -0.325928, -0.499001, 0.049953
0.421454, -0.300865, -0.543442, 0.009899
0.421891, -0.351276, -0.458908, -0.025768
0.422396, -0.489979, -0.420685, -0.066051
0.422838, -0.613632, -0.443134, 0.328426
0.423527, -0.712242, -0.462589, 0.150070
0.423953, -0.850449, -0.459919, 0.020809
0.424384, -1.058941, -0.312538, 0.159798
0.424903, -1.183720, -0.420361, 0.094719
0.425304, -1.221924, -0.541439, 0.194492
0.426319, -1.132679, -0.521927, 0.182495
0.426835, -0.762634, -0.486603, 0.304050
0.427314, -0.722103, -0.518188, 0.047417
0.427822, -0.888805, -0.370102, 0.012951
0.428330, -0.857792, -0.159817, 0.347004
0.428813, -0.716991, -0.349541, 0.046425
0.429314, -0.668316, -0.637264, 0.148735
0.429815, -0.755119, -0.478783, 0.211792
0.430311, -0.868073, -0.427818, 0.015907
0.430832, -0.893898, -0.358772, 0.050735
0.431835, -0.888748, -0.382957, 0.278206
0.432851, -0.601330, -0.531349, 0.085030
0.433328, -0.311470, -0.616264, 0.142612
0.433849, -0.090809, -0.469646, 0.237713
0.434319, -0.185528, -0.529099, 0.028839
0.434863, -0.702934, -0.441742, 0.095253
0.435364, -1.266289, -0.292282, 0.165405
0.435838, -1.284981, -0.291538, 0.291653
0.436362, -0.876732, -0.516129, 0.211906
0.436839, -0.516758, -0.675011, 0.234509
0.437336, -0.366383, -0.682125, 0.362434
0.437864, -0.443439, -0.470695, 0.131378
0.438353, -0.738735, -0.383682, 0.137482
0.438853, -1.227627, -0.175858, 0.367508
0.439359, -1.684666, -0.285931, 0.362988
0.439860, -1.968880, -0.363503, 0.290241
0.440364, -1.752167, -0.549755, 0.322399
0.440867, -1.332378, -0.511417, 0.036297
0.441371, -0.997887, -0.445042, 0.131969
0.441875, -0.880833, -0.349960, 0.140419
0.442378, -0.927582, -0.418472, 0.221558
0.443327, -1.044502, -0.347347, 0.236454
0.443882, -0.912685, -0.312939, 0.217590
0.444846, -0.596962, -0.556793, 0.082874
0.445346, -0.626507, -0.578423, 0.169487
0.445845, -0.702057, -0.544968, 0.067768
0.446349, -0.755730, -0.448589, 0.135670
0.446852, -0.810223, -0.400887, 0.128136
0.447357, -0.839787, -0.397968, 0.130005
0.447861, -0.859299, -0.452919, 0.074921
0.448364, -0.887680, -0.465717, 0.097752
0.448867, -0.900803, -0.429192, 0.133362
0.449373, -0.925598, -0.379105, 0.112534
0.449874, -0.929871, -0.310421, 0.180206
0.450335, -0.910797, -0.359154, 0.136356
0.450883, -0.961647, -0.432034, 0.171318
0.451388, -1.086521, -0.421085, 0.227299
0.451891, -1.103401, -0.355930, 0.111694
0.452838, -0.929699, -0.311966, 0.061989
0.453342, -0.820007, -0.369072, 0.053596
0.453846, -0.711193, -0.397263, 0.073280
0.454365, -0.661297, -0.445347, 0.062866
0.454869, -0.695686, -0.507393, 0.034504
0.455372, -0.817280, -0.536728, 0.008774
0.455874, -0.947647, -0.530415, 0.034943
0.456349, -1.066875, -0.536346, 0.067196
0.456882, -1.202774, -0.483418, 0.064106
0.457357, -1.272430, -0.414352, 0.117531
0.457968, -1.225071, -0.390701, 0.041828
0.458469, -1.140499, -0.383873, 0.115891
0.458974, -1.035271, -0.388336, 0.026093
0.460459, -0.800953, -0.573330, -0.134125
0.460972, -0.778847, -0.640450, -0.103207
0.461427, -0.771942, -0.627232, 0.019226
0.461930, -0.787182, -0.615845, 0.006485
0.462432, -0.792885, -0.599251, -0.044556
0.462952, -0.776978, -0.549641, -0.031719
0.463432, -0.802364, -0.512905, -0.088348
0.463919, -0.877819, -0.508080, -0.088501
0.464468, -0.958385, -0.487385, -0.059929
0.464911, -1.048565, -0.491829, -0.033245
0.465430, -1.080132, -0.418167, 0.020428
0.465966, -1.031456, -0.403824, -0.072556
0.466423, -1.004562, -0.344467, 0.002518
0.466926, -0.965672, -0.347652, -0.042439
0.467431, -0.906372, -0.403137, -0.070534
0.467875, -0.865517, -0.422573, -0.035133
0.468365, -0.828819, -0.459595, -0.088577
0.468859, -0.787582, -0.470753, -0.090179
0.469375, -0.767784, -0.493164, -0.107231
0.469859, -0.755882, -0.509090, -0.134659
0.470374, -0.738411, -0.512772, -0.136452
0.471373, -0.740242, -0.499916, -0.081635
0.471875, -0.769138, -0.494881, -0.077782
0.472393, -0.787258, -0.449409, -0.041656
0.472892, -0.820618, -0.415783, -0.047722
0.473413, -0.875320, -0.385418, -0.029697
0.473903, -0.915661, -0.383530, -0.036869
0.474381, -0.934563, -0.354481, -0.035210
0.474882, -0.946712, -0.334969, -0.051746
0.475410, -0.991707, -0.325718, -0.007973
0.475948, -1.020813, -0.333576, -0.034943
0.476392, -1.030617, -0.350494, -0.039768
0.477374, -1.015682, -0.349331, -0.024891
0.477889, -0.984020, -0.347614, -0.010891
0.478411, -0.962849, -0.367584, 0.006351
0.478875, -0.943165, -0.386715, -0.002308
0.479415, -0.921783, -0.402527, 0.008507
0.479918, -0.901814, -0.411854, 0.025444
0.480422, -0.886536, -0.420361, 0.017872
0.480926, -0.872688, -0.417938, 0.029984
0.482393, -0.847549, -0.404205, 0.034885
0.482896, -0.846691, -0.392094, 0.034580
0.483414, -0.841503, -0.380630, 0.036469
0.483918, -0.840797, -0.366974, 0.033932
0.484911, -0.847912, -0.335426, 0.038872
0.485432, -0.849190, -0.319443, 0.031433
0.485921, -0.841103, -0.309772, 0.034924
0.486395, -0.842915, -0.301514, 0.034122
0.486913, -0.847416, -0.295525, 0.033283
0.487423, -0.855808, -0.287170, 0.034122
0.487921, -0.870476, -0.291462, 0.027828
0.488395, -0.879955, -0.296326, 0.021172
0.489438, -0.898304, -0.312691, 0.021420
0.489940, -0.904770, -0.318966, 0.027027
0.490394, -0.915470, -0.335331, 0.021477
0.490899, -0.925064, -0.343323, 0.020885
0.491417, -0.938950, -0.355282, 0.016479
0.491936, -0.952568, -0.373306, 0.014496
0.492409, -0.969257, -0.393047, 0.017223
0.492942, -0.987701, -0.414028, 0.013275
0.493430, -1.005840, -0.431099, 0.015316
0.493900, -1.030025, -0.445614, 0.004101
0.494422, -1.062374, -0.459805, 0.003471
0.495418, -1.179867, -0.494270, -0.004673
0.495920, -1.243782, -0.504189, -0.016766
0.496408, -1.307468, -0.503559, -0.027504
0.496937, -1.348457, -0.511723, -0.019207
0.497414, -1.383362, -0.526466, -0.052605
0.497933, -1.373787, -0.550137, -0.018177
0.498410, -1.225910, -0.528431, 0.007076
0.498933, -0.921402, -0.493946, -0.017529
0.499929, -0.834179, -0.607452, -0.114956
0.500425, -0.866222, -0.756912, -0.126629
0.500938, -0.824814, -0.950222, -0.379295
0.501418, -0.641270, -0.819187, -0.048275
0.501908, -0.589771, -0.882397, -0.104465
0.502453, -0.801830, -0.861912, -0.347748
0.502956, -1.076508, -0.806866, -0.231705
0.503415, -1.234608, -0.809860, -0.390854
0.503909, -1.282177, -0.676956, -0.384560
0.504432, -1.273689, -0.604172, -0.353699
0.504931, -1.218243, -0.489330, -0.215549
0.505535, -1.124516, -0.386658, -0.096359
0.506052, -0.913887, -0.209789, -0.011539
0.506410, -0.739365, -0.245705, 0.094261
0.506915, -0.781460, -0.361023, -0.045147
0.507520, -0.976238, -0.557175, -0.154095
0.508024, -1.137123, -0.694389, -0.309639
0.508530, -1.140499, -0.700474, -0.200062
0.509033, -1.071568, -0.745602, -0.156498
0.509461, -1.059017, -0.777435, -0.038223
0.510024, -1.111317, -0.690441, 0.081921
0.510524, -1.034927, -0.601273, -0.268860
0.511003, -0.911922, -0.488033, -0.178394
0.511493, -0.692673, -0.411320, 0.004501
0.512007, -0.455685, -0.363655, 0.366440
0.512506, -0.440502, -0.507050, -0.019588
0.513002, -0.595684, -0.616283, -0.327587
0.513479, -0.900879, -0.786190, -0.098801
0.513978, -1.067295, -1.078224, -0.559711
0.514490, -1.079025, -0.984631, -0.220127
0.514945, -1.081295, -0.729485, -0.175552
0.515464, -1.046333, -0.470181, -0.186157
0.515972, -0.833282, -0.318260, 0.148487
0.516452, -0.757999, -0.319901, 0.303402
0.516974, -0.796509, -0.247574, 0.203857
0.517431, -0.690308, -0.149937, 0.353298
0.517922, -0.839558, -0.223598, 0.016403
0.518438, -1.170425, -0.338745, -0.259438
0.518928, -1.206207, -0.365067, 0.014172
0.519435, -0.990887, -0.427647, -0.145187
0.519966, -0.825710, -0.398750, 0.152588
0.520474, -0.757847, -0.485802, 0.491390
0.520977, -0.792885, -0.557613, 0.160789
0.521954, -0.831833, -0.456276, 0.351753
0.522469, -0.672359, -0.282440, -0.175323
0.522929, -0.757465, -0.344296, -0.538998
0.523434, -0.874271, -0.363045, -0.114174
0.523940, -0.751133, -0.784702, -0.002365
0.524454, -0.527267, -0.568447, 0.419540
0.524944, -0.493698, -0.474567, 0.216694
0.525445, -0.629997, -0.273056, 0.398216
0.525953, -0.642090, -0.374699, 0.174999
0.526472, -0.791168, -0.514488, -0.223846
0.526976, -1.182518, -0.484009, -0.294247
0.527486, -1.309986, -0.300884, 0.040932
0.527990, -1.058979, -0.136185, 0.189552
0.528470, -0.827446, -0.104904, -0.120583
0.528965, -0.797520, -0.036640, -0.030365
0.529448, -0.912037, -0.331078, -0.073948
0.529937, -1.024761, -0.506687, -0.110168
0.530448, -0.924187, -0.525303, 0.048752
0.530952, -0.802555, -0.481930, 0.188580
0.531461, -0.822887, -0.457249, 0.317669
0.531965, -0.893974, -0.569839, 0.086517
0.532441, -0.913124, -0.644817, 0.009365
0.532962, -0.828609, -0.700951, 0.147381
0.533488, -0.773907, -0.833397, -0.007019
0.533984, -0.849171, -0.882034, -0.090408
0.534496, -1.004791, -0.956459, -0.080853
0.534985, -0.999928, -0.710640, 0.251713
0.535475, -0.874462, -0.692329, 0.268383
0.535978, -0.567665, -0.348434, 0.187149
0.536468, -0.603714, -0.410233, 0.286274
0.537479, -0.841541, -0.512848, -0.302315
0.537963, -0.490208, -0.338116, -0.339279
0.538497, -0.488892, -0.707092, -0.188808
0.539496, -0.963402, -1.186447, -0.158157
0.539980, -0.992775, -0.868130, -0.015316
0.540492, -1.000137, -0.556793, -0.001125
0.540972, -1.047668, -0.472336, -0.286484
0.541500, -1.119766, -0.305328, 0.198517
0.541988, -0.977402, -0.177002, 0.107880
0.542489, -0.665627, -0.007248, 0.127087
0.542981, -0.459766, 0.037956, 0.082817
0.543468, -0.404491, -0.064278, 0.038719
0.543954, -0.358200, -0.486259, -0.106297
0.544474, -0.405254, -0.711746, -0.037460
0.544982, -0.578136, -0.900497, -0.006104
0.545483, -0.823536, -1.050549, 0.005569
0.545983, -1.064625, -0.883770, 0.051632
0.546503, -1.190510, -0.831890, -0.094585
0.548008, -0.880108, -0.260162, 0.233250
0.548481, -0.740833, -0.143223, 0.491219
0.549015, -0.654755, -0.216808, 0.301456
0.549474, -0.768566, -0.311604, 0.187912
0.549993, -1.003895, -0.423412, 0.277710
0.550467, -0.969658, -0.640278, 0.064831
0.550970, -0.660400, -0.468960, 0.148602
0.551489, -0.535736, -0.341301, 0.085049
0.551993, -0.741711, -0.668602, -0.136757
0.552590, -0.901051, -0.821743, 0.081310
0.553108, -0.838985, -0.820332, 0.129414
0.553608, -0.656929, -0.615063, 0.098648
0.553978, -0.500622, -0.431862, 0.115128
0.554797, -0.507374, -0.595112, 0.003014
0.555155, -0.562782, -0.725307, -0.102863
0.555638, -0.704899, -0.595493, -0.017986
0.556147, -0.805283, -0.678921, -0.304604
0.556603, -0.819340, -0.551567, 0.051556
0.557134, -0.752926, -0.482235, 0.045376
0.557630, -0.658932, -0.401707, 0.019703
0.558220, -0.650215, -0.273285, 0.196896
0.558601, -0.689201, -0.397663, 0.014420
0.559326, -0.805893, -0.433578, -0.058899
0.559668, -0.801067, -0.382099, -0.025139
0.560098, -0.726871, -0.432873, -0.187492
0.560613, -0.798187, -0.550919, -0.046291
0.561070, -0.887661, -0.583820, 0.194492
0.561629, -0.852013, -0.570869, 0.337029
0.562028, -0.861778, -0.539894, 0.229416
0.562517, -0.880718, -0.461884, 0.251579
0.563007, -0.855103, -0.422745, 0.165634
0.563531, -0.832081, -0.405884, 0.047512
0.564037, -0.740566, -0.465412, 0.085125
0.564527, -0.674877, -0.471554, 0.180683
0.565023, -0.672188, -0.519886, 0.257130
0.565490, -0.604782, -0.492954, 0.318260
0.566008, -0.546036, -0.477276, 0.178432
0.567003, -0.636959, -0.664463, 0.064964
0.567526, -0.801125, -0.828705, -0.021362
0.567992, -0.924644, -0.912170, 0.003853
0.568512, -0.911846, -0.778160, 0.153809
0.569015, -0.791054, -0.546589, 0.236645
0.569500, -0.676956, -0.433445, 0.139713
0.570040, -0.653076, -0.308819, 0.154686
0.570995, -0.720863, -0.432110, 0.000515
0.571494, -0.740051, -0.503178, 0.025730
0.572518, -0.714226, -0.509033, 0.117283
0.573045, -0.699692, -0.468082, 0.144672
0.573548, -0.678558, -0.521011, 0.104160
0.574022, -0.721130, -0.570412, 0.021400
0.574526, -0.780506, -0.589066, 0.073643
0.575047, -0.803776, -0.637493, 0.019989
0.575538, -0.799274, -0.583458, 0.077991
0.576009, -0.778275, -0.501652, 0.128059
0.576546, -0.748310, -0.470638, 0.175667
0.577050, -0.739517, -0.461140, 0.191441
0.578012, -0.753822, -0.488892, 0.169048
0.578523, -0.760555, -0.489063, 0.175419
0.579021, -0.768299, -0.492897, 0.151691
0.579541, -0.778084, -0.499039, 0.176849
0.580531, -0.836182, -0.520267, 0.185966
0.581051, -0.866852, -0.544815, 0.198345
0.581509, -0.907745, -0.537777, 0.205631
0.582009, -0.948429, -0.566101, 0.175533
0.582531, -0.976219, -0.576687, 0.161896
0.584010, -0.996704, -0.519981, 0.144520
0.584512, -0.997658, -0.470161, 0.156517
0.585031, -1.004677, -0.439491, 0.134315
0.585555, -1.009502, -0.424232, 0.143547
0.586044, -1.017723, -0.404892, 0.129642
0.586546, -1.026917, -0.400524, 0.124817
0.587125, -1.032524, -0.381947, 0.125065
0.588513, -1.023064, -0.346718, 0.141125
0.589017, -1.021824, -0.341778, 0.124645
0.589520, -1.027241, -0.340519, 0.138779
0.590025, -1.027317, -0.339966, 0.149860
0.590527, -1.024342, -0.339661, 0.142498
0.591031, -1.021652, -0.339241, 0.134048
0.591534, -1.015911, -0.334244, 0.144520
0.592038, -1.009789, -0.339298, 0.141182
0.592541, -1.011314, -0.339870, 0.142860
0.593045, -1.011066, -0.347919, 0.148010
0.593550, -1.005802, -0.357018, 0.148888
0.594039, -0.999794, -0.365620, 0.152130
0.594533, -0.991573, -0.368137, 0.150547
0.596043, -0.967159, -0.405979, 0.146275
0.596559, -0.961437, -0.415955, 0.125618
0.597060, -0.950336, -0.430183, 0.123119
0.597564, -0.946407, -0.445042, 0.120144
0.598052, -0.932350, -0.456066, 0.107555
0.598640, -0.923595, -0.461655, 0.095005
0.599205, -0.915260, -0.470047, 0.089703
0.599651, -0.905247, -0.470333, 0.078201
0.600154, -0.889435, -0.480537, 0.064449
0.600528, -0.879707, -0.489483, 0.063686
0.601150, -0.876484, -0.498276, 0.062885
0.601642, -0.868740, -0.507298, 0.053062
0.602127, -0.862789, -0.512848, 0.038490
0.602631, -0.857391, -0.512352, 0.031643
0.603118, -0.851593, -0.516548, 0.025520
0.603606, -0.843697, -0.514393, 0.014896
0.604156, -0.832939, -0.518570, 0.005856
0.604630, -0.824108, -0.517712, -0.003071
0.605119, -0.818539, -0.515137, -0.011196
0.605598, -0.807228, -0.514870, -0.011673
0.606140, -0.802231, -0.519962, -0.023594
0.606630, -0.795822, -0.531139, -0.039101
0.607105, -0.783234, -0.539036, -0.053730
0.607611, -0.775223, -0.539017, -0.068970
0.608096, -0.766430, -0.544071, -0.064240
0.608577, -0.754910, -0.547352, -0.049095
0.609077, -0.747089, -0.544128, -0.040226
0.609562, -0.738373, -0.542431, -0.047512
0.610096, -0.731850, -0.552406, -0.052624
0.610559, -0.723820, -0.559101, -0.059757
0.611075, -0.715103, -0.563507, -0.069942
0.612058, -0.704098, -0.562057, -0.080452
0.612596, -0.705280, -0.557156, -0.075645
0.613074, -0.699310, -0.562363, -0.075607
0.613564, -0.696697, -0.561390, -0.074482
0.614092, -0.690498, -0.561523, -0.074120
0.614569, -0.686264, -0.557728, -0.076523
0.615055, -0.679417, -0.560513, -0.076542
0.616082, -0.668697, -0.559521, -0.074997
0.616586, -0.666065, -0.557346, -0.075760
0.617089, -0.656090, -0.563202, -0.073586
0.617593, -0.650082, -0.558300, -0.077381
0.618068, -0.639591, -0.560513, -0.073814
0.618560, -0.632858, -0.566597, -0.066471
0.619104, -0.626450, -0.565090, -0.063286
0.619553, -0.625744, -0.563316, -0.061264
0.620565, -0.609970, -0.559673, -0.064621
0.621104, -0.610027, -0.558262, -0.066643
0.621579, -0.605850, -0.565567, -0.061359
0.622111, -0.599651, -0.562630, -0.057468
0.622556, -0.597382, -0.560474, -0.049896
0.623090, -0.596409, -0.560093, -0.045853
0.623587, -0.594196, -0.559902, -0.037479
0.624087, -0.591679, -0.559425, -0.036831
0.624575, -0.588703, -0.562801, -0.036297
0.625762, -0.584354, -0.562115, -0.032997
0.626279, -0.586071, -0.562820, -0.027580
0.626590, -0.586033, -0.559273, -0.027771
0.627093, -0.583839, -0.558681, -0.024281
0.627586, -0.582752, -0.554333, -0.016823
0.628096, -0.583134, -0.553417, -0.008087
0.628580, -0.583057, -0.561924, -0.004501
0.629076, -0.582561, -0.559120, 0.000458
0.629627, -0.575562, -0.562115, -0.001869
0.630102, -0.568657, -0.560246, -0.008144
0.630587, -0.567398, -0.554905, -0.004272
0.631614, -0.559196, -0.557117, 0.003529
0.632601, -0.545654, -0.557613, 0.012417
0.633090, -0.540600, -0.557213, 0.014496
0.633578, -0.529881, -0.555172, 0.018120
0.634105, -0.531082, -0.559902, 0.023422
0.635121, -0.544624, -0.546722, 0.028572
0.635594, -0.545692, -0.546780, 0.028610
0.636119, -0.553017, -0.545826, 0.037251
0.636631, -0.561676, -0.548153, 0.052071
0.637105, -0.566082, -0.546227, 0.058193
0.637594, -0.574398, -0.548382, 0.064983
0.638112, -0.577450, -0.553665, 0.070782
0.638625, -0.575066, -0.559387, 0.084324
0.639088, -0.580177, -0.558357, 0.085773
0.639604, -0.580997, -0.554543, 0.081654
0.640114, -0.583248, -0.552292, 0.081100
0.640587, -0.586624, -0.550270, 0.081863
0.641081, -0.594521, -0.552788, 0.080013
0.641589, -0.595531, -0.556717, 0.083866
0.642120, -0.592976, -0.556545, 0.093441
0.642601, -0.595245, -0.558624, 0.104160
0.643126, -0.594006, -0.562763, 0.103073
0.644232, -0.597095, -0.572739, 0.108776
0.645726, -0.599289, -0.584946, 0.099239
0.646097, -0.605507, -0.583916, 0.096703
0.646706, -0.607624, -0.588245, 0.102577
0.647209, -0.613041, -0.584564, 0.106983
0.647714, -0.619850, -0.580158, 0.109062
0.648216, -0.620060, -0.583439, 0.105762
0.648725, -0.616188, -0.586987, 0.104256
0.649225, -0.622807, -0.590324, 0.101643
0.649729, -0.630531, -0.590782, 0.101986
0.650172, -0.632362, -0.592041, 0.093536
0.650675, -0.632095, -0.593433, 0.091114
0.651185, -0.635681, -0.599461, 0.089130
0.651684, -0.641193, -0.604572, 0.095539
0.652192, -0.644245, -0.604992, 0.088825
0.652695, -0.649338, -0.601349, 0.083981
0.653195, -0.646973, -0.600147, 0.084858
0.653638, -0.653915, -0.604534, 0.085220
0.654143, -0.660000, -0.607910, 0.086193
0.654646, -0.665627, -0.609722, 0.086899
0.655150, -0.669308, -0.614929, 0.082378
0.655654, -0.676975, -0.614891, 0.074501
0.656217, -0.677032, -0.612507, 0.072460
0.656661, -0.681992, -0.615559, 0.070629
0.657105, -0.686893, -0.617294, 0.069160
0.657611, -0.693436, -0.619354, 0.067005
0.658112, -0.696297, -0.615978, 0.064392
0.658618, -0.701904, -0.615234, 0.069981
0.659120, -0.705204, -0.613079, 0.073757
0.659626, -0.707588, -0.614090, 0.079880
0.660126, -0.709438, -0.608826, 0.083733
0.660612, -0.714531, -0.606537, 0.082836
0.661156, -0.715771, -0.613613, 0.086708
0.661648, -0.723457, -0.615673, 0.093403
0.662135, -0.727348, -0.620499, 0.099163
0.662631, -0.730076, -0.623569, 0.102749
0.663135, -0.731831, -0.624676, 0.094986
0.663638, -0.737724, -0.621052, 0.086937
0.664142, -0.737000, -0.610676, 0.084991
0.664646, -0.737686, -0.608368, 0.094376
0.665149, -0.746498, -0.614357, 0.109329
0.665637, -0.752010, -0.623264, 0.120888
0.666116, -0.751705, -0.634842, 0.128059
0.666629, -0.752697, -0.638313, 0.116653
0.667136, -0.755482, -0.626526, 0.102577
0.668141, -0.760670, -0.631218, 0.108490
0.668629, -0.764332, -0.631351, 0.117664
0.669120, -0.765266, -0.632095, 0.120487
0.670145, -0.772762, -0.619621, 0.126286
0.670644, -0.775490, -0.617428, 0.128651
0.671165, -0.776043, -0.610847, 0.129414
0.671623, -0.778522, -0.607147, 0.136280
0.672172, -0.782757, -0.603809, 0.145073
0.672626, -0.786495, -0.604343, 0.153942
0.673150, -0.789165, -0.601063, 0.155010
0.673655, -0.795956, -0.608120, 0.152512
0.674156, -0.792274, -0.610046, 0.142078
0.674660, -0.797062, -0.608521, 0.140724
0.675164, -0.803146, -0.610790, 0.143051
0.675640, -0.809669, -0.606346, 0.143108
0.676171, -0.813389, -0.600986, 0.144749
0.676676, -0.814342, -0.604038, 0.145416
0.677164, -0.815868, -0.603104, 0.142822
0.677664, -0.815525, -0.604897, 0.138359
0.678171, -0.813656, -0.607166, 0.137749
0.678671, -0.815258, -0.608234, 0.145798
0.679150, -0.812035, -0.608006, 0.148373
0.679654, -0.816612, -0.606480, 0.146313
0.680156, -0.809250, -0.598068, 0.137672
0.680660, -0.809517, -0.591259, 0.132179
0.681176, -0.811806, -0.609818, 0.152512
0.681652, -0.812912, -0.626621, 0.189323
0.682140, -0.808430, -0.586033, 0.164928
0.682677, -0.809937, -0.554314, 0.113373
0.683165, -0.811615, -0.563831, 0.097160
0.683644, -0.812969, -0.576134, 0.119858
0.684173, -0.817471, -0.591354, 0.154495
0.684652, -0.823135, -0.606155, 0.180836
0.685139, -0.818253, -0.572529, 0.179081
0.685652, -0.815830, -0.526447, 0.114326
0.686186, -0.816994, -0.525208, 0.074596
0.686660, -0.824108, -0.554199, 0.106468
0.687163, -0.829239, -0.579662, 0.161953
0.687652, -0.824394, -0.574188, 0.185699
0.688156, -0.822277, -0.584240, 0.191288
0.688649, -0.822830, -0.577316, 0.171852
0.689148, -0.813198, -0.482674, 0.066032
0.689652, -0.818501, -0.476055, 0.039940
0.690674, -0.822010, -0.564690, 0.183182
0.691163, -0.824451, -0.550976, 0.185738
0.691652, -0.822372, -0.539932, 0.106659
0.692341, -0.820007, -0.522900, 0.058575
0.692930, -0.818462, -0.521717, 0.084572
0.693253, -0.819721, -0.576324, 0.162640
0.693651, -0.815411, -0.581474, 0.188370
0.694871, -0.810108, -0.490742, 0.049305
0.695336, -0.811558, -0.542431, 0.103321
0.695824, -0.812645, -0.577621, 0.172901
0.696308, -0.802040, -0.547981, 0.143299
0.696767, -0.796986, -0.505295, 0.042362
0.697196, -0.797234, -0.547085, 0.077953
0.697879, -0.793304, -0.546265, 0.128899
0.698306, -0.793304, -0.518208, 0.095654
0.698840, -0.794449, -0.566139, 0.087051
0.699231, -0.791569, -0.590897, 0.142937
0.699712, -0.780487, -0.517063, 0.124855
0.700174, -0.786419, -0.501213, 0.051899
0.700660, -0.787029, -0.537910, 0.046139
0.701179, -0.786457, -0.537548, 0.098877
0.701697, -0.785828, -0.557251, 0.120983
0.702190, -0.783463, -0.574646, 0.130215
0.702690, -0.779438, -0.564499, 0.126400
0.703179, -0.776539, -0.556965, 0.126457
0.703711, -0.776501, -0.536499, 0.098133
0.704195, -0.777359, -0.527306, 0.060196
0.704674, -0.777607, -0.541954, 0.077438
0.705192, -0.774460, -0.555229, 0.115776
0.705712, -0.784187, -0.553074, 0.124989
0.706197, -0.777073, -0.554981, 0.104885
0.706720, -0.777931, -0.560703, 0.096893
0.707194, -0.778770, -0.550194, 0.094872
0.707710, -0.775719, -0.554600, 0.097370
0.708185, -0.773773, -0.550766, 0.112648
0.708714, -0.772858, -0.552406, 0.113659
0.709194, -0.771294, -0.558224, 0.109959
0.709682, -0.769444, -0.566483, 0.107021
0.710219, -0.768051, -0.567932, 0.101871
0.710719, -0.765457, -0.568333, 0.106640
0.711227, -0.757675, -0.566635, 0.118141
0.711674, -0.752907, -0.564289, 0.115089
0.712186, -0.751877, -0.568504, 0.105228
0.712690, -0.753136, -0.568256, 0.101204
0.713212, -0.750923, -0.574169, 0.090084
0.714192, -0.745888, -0.572605, 0.104980
0.714678, -0.745335, -0.573139, 0.102406
0.715180, -0.746117, -0.563087, 0.100384
0.715690, -0.742798, -0.559177, 0.096836
0.716215, -0.736523, -0.561085, 0.090332
0.716692, -0.737038, -0.557766, 0.095272
0.717214, -0.732040, -0.562420, 0.096474
0.717734, -0.734921, -0.560093, 0.097771
0.718189, -0.735950, -0.561543, 0.098457
0.718695, -0.732765, -0.566902, 0.098724
0.719186, -0.732555, -0.562134, 0.095539
0.719714, -0.732803, -0.560837, 0.097294
0.720234, -0.730877, -0.564194, 0.099506
0.720734, -0.720730, -0.565929, 0.098438
0.721230, -0.717220, -0.570316, 0.097313
0.721699, -0.714436, -0.571747, 0.095062
0.722224, -0.717068, -0.569954, 0.096607
0.722736, -0.714645, -0.573120, 0.099144
0.723244, -0.709457, -0.574379, 0.099545
0.723697, -0.709610, -0.577145, 0.097237
0.724691, -0.709534, -0.565834, 0.088902
0.725195, -0.712395, -0.554962, 0.093956
0.725711, -0.713787, -0.552921, 0.098743
0.726250, -0.714111, -0.557365, 0.099945
0.726706, -0.715103, -0.562000, 0.097141
0.727207, -0.715656, -0.559521, 0.094452
0.727705, -0.716496, -0.551186, 0.089417
0.728203, -0.715981, -0.541973, 0.086880
0.728694, -0.720196, -0.538101, 0.090694
0.729194, -0.721226, -0.529575, 0.095863
0.729698, -0.725002, -0.532494, 0.101624
0.730202, -0.730991, -0.529327, 0.103912
0.730704, -0.733833, -0.522270, 0.103531
0.731211, -0.734062, -0.518875, 0.101509
0.731712, -0.740147, -0.512829, 0.105629
0.732217, -0.747871, -0.494995, 0.102158
0.732720, -0.747395, -0.487900, 0.063934
0.733223, -0.752640, -0.532608, 0.061169
0.733727, -0.760956, -0.574455, 0.153294
0.734232, -0.754929, -0.548210, 0.207767
0.734735, -0.744686, -0.517368, 0.153198
0.735212, -0.755692, -0.509834, 0.101280
0.735717, -0.759773, -0.506783, 0.091095
0.736706, -0.772610, -0.554562, 0.104980
0.737209, -0.779495, -0.566692, 0.144196
0.737721, -0.777779, -0.540199, 0.158806
0.738246, -0.776482, -0.518398, 0.120964
0.738849, -0.776329, -0.524063, 0.076694
0.739356, -0.779381, -0.542068, 0.105705
0.739712, -0.779533, -0.538425, 0.146275
0.740830, -0.779991, -0.533752, 0.095825
0.741320, -0.781784, -0.532627, 0.090103
0.742318, -0.783730, -0.536079, 0.091000
0.742807, -0.796375, -0.532055, 0.086269
0.743338, -0.805817, -0.529366, 0.092258
0.743801, -0.813122, -0.532227, 0.095005
0.744319, -0.818272, -0.537319, 0.092316
0.744786, -0.817814, -0.527344, 0.071754
0.745303, -0.813198, -0.522900, 0.074558
0.745774, -0.814571, -0.527267, 0.086803
0.746295, -0.815620, -0.523300, 0.103798
0.746780, -0.813446, -0.519066, 0.106926
0.747261, -0.819054, -0.520020, 0.107346
0.747755, -0.832500, -0.518951, 0.098953
0.748288, -0.837727, -0.506210, 0.089798
0.748763, -0.840664, -0.495319, 0.088482
0.749253, -0.847664, -0.489330, 0.097961
0.749771, -0.854645, -0.503502, 0.108414
0.750259, -0.861225, -0.512695, 0.099659
0.750731, -0.860710, -0.499172, 0.109940
0.751265, -1.026230, -0.418816, 0.037956
0.751752, -2.104378, 0.728111, -0.013313
0.752237, -2.586040, -0.248508, 0.630856
0.752777, -2.403221, -1.244354, -0.566864
0.753225, -2.174625, -1.567020, 0.327034
0.753730, -1.806469, -1.540833, -0.526123
0.754230, -1.380157, -0.205326, -0.063686
0.754741, -0.906315, 0.232410, -0.043678
0.755253, -0.684357, 0.373192, -0.124779
0.755755, -0.795479, 0.439148, -0.229626
0.756232, -1.042881, 0.042629, -0.172100
0.756733, -1.265411, 0.126190, 0.211926
0.757255, -1.051960, 0.101376, 0.110931
0.758246, -0.541935, -0.428905, 0.090866
0.758734, -0.509319, -0.331974, 0.391216
0.759261, -0.563202, -0.053959, 0.328388
0.759785, -0.636349, -0.234127, -0.038948
0.760436, -0.728531, -0.370941, 0.058212
0.760791, -0.857468, -0.466785, 0.187607
0.761240, -1.046371, -0.535088, 0.179081
0.761738, -1.233234, -0.575294, 0.189819
0.762369, -1.290779, -0.611324, 0.242634
0.762802, -1.174679, -0.643234, 0.195580
0.763255, -0.974464, -0.625114, 0.152435
0.763788, -0.779228, -0.685902, 0.079536
0.764267, -0.663261, -0.704021, 0.135803
0.764796, -0.618992, -0.629330, 0.206203
0.765494, -0.627842, -0.619640, 0.144062
0.765861, -0.645943, -0.604820, 0.129299
0.766263, -0.713387, -0.591545, 0.059204
0.766766, -0.866547, -0.574436, 0.037231
0.767257, -1.203556, -0.464725, 0.102787
0.767792, -1.396790, -0.502338, -0.120640
0.768297, -1.382809, -0.574856, -0.153465
0.768785, -1.335754, -0.567322, -0.015259
0.769285, -1.239567, -0.638218, -0.162125
0.769802, -1.052094, -0.449142, -0.033092
0.770261, -0.836926, -0.412025, -0.056534
0.770762, -0.715427, -0.427170, -0.115509
0.771252, -0.645924, -0.408268, -0.002003
0.771779, -0.591640, -0.537701, -0.136185
0.772270, -0.589104, -0.617199, -0.219154
0.772793, -0.650921, -0.559692, -0.156403
0.773255, -0.733280, -0.529480, -0.217915
0.773774, -0.793934, -0.473003, -0.264645
0.774262, -0.859756, -0.443535, -0.220966
0.774780, -0.886707, -0.473595, -0.270805
0.775271, -0.875225, -0.444145, -0.136852
0.775803, -0.807114, -0.474033, -0.147820
0.776275, -0.714073, -0.478153, -0.122108
0.776775, -0.625191, -0.406914, -0.051708
0.777291, -0.540295, -0.402832, -0.117664
0.778262, -0.572586, -0.445442, -0.084686
0.778777, -0.737114, -0.456161, -0.054493
0.779288, -0.824394, -0.386467, -0.013809
0.779763, -0.880985, -0.344772, -0.013237
0.780291, -0.906715, -0.358143, -0.074482
0.780794, -0.913982, -0.423298, -0.087185
0.781313, -0.971107, -0.454407, 0.040112
0.781775, -1.129074, -0.502186, -0.100632
0.782276, -1.280880, -0.376358, 0.022545
0.782794, -1.270847, -0.322380, 0.009384
0.783298, -1.140442, -0.361500, 0.037346
0.783802, -0.998135, -0.429287, -0.059528
0.784305, -0.916767, -0.466251, -0.078583
0.784809, -0.841599, -0.414562, -0.043621
0.785372, -0.743561, -0.457554, -0.029392
0.785876, -0.682678, -0.521564, 0.033836
0.786290, -0.683422, -0.529823, 0.031891
0.786792, -0.719204, -0.463715, 0.118942
0.787357, -0.769119, -0.441914, 0.051517
0.787861, -0.813560, -0.419941, 0.007229
0.788364, -0.846195, -0.352364, 0.004311
0.788868, -0.858688, -0.374374, -0.143509
0.789394, -0.898571, -0.407486, -0.096016
0.789906, -0.947495, -0.457764, -0.152321
0.790321, -0.950871, -0.473118, -0.148296
0.790884, -0.905132, -0.437183, -0.028667
0.791393, -0.856552, -0.412560, 0.010929
0.791891, -0.831318, -0.388203, 0.033436
0.792335, -0.794029, -0.367355, 0.069695
0.792839, -0.730343, -0.368938, 0.119553
0.793343, -0.708961, -0.399246, 0.081825
0.793837, -0.749397, -0.379448, -0.051517
0.794328, -0.790272, -0.360603, 0.026970
0.794821, -0.850639, -0.393047, -0.112114
0.795311, -0.952320, -0.459423, -0.147629
0.795802, -1.049557, -0.436172, -0.096436
0.796340, -1.055279, -0.496140, -0.178375
0.796839, -1.019440, -0.506248, -0.062904
0.797342, -0.959911, -0.496216, 0.051765
0.797787, -0.924263, -0.460606, 0.065327
0.798293, -0.987701, -0.393410, 0.240631
0.798793, -1.099949, -0.319881, 0.383339
0.799298, -1.140804, -0.328445, 0.068264
0.799804, -1.092453, -0.279636, -0.090714
0.800306, -0.994320, -0.324650, -0.142021
0.800808, -0.944214, -0.483799, -0.221825
0.801313, -0.907192, -0.606670, -0.208092
0.801816, -0.785522, -0.678806, 0.039005
0.802318, -0.648327, -0.587616, 0.367050
0.803293, -0.731773, -0.469570, -0.039787
0.803800, -0.776577, -0.429535, 0.039043
0.804302, -0.857887, -0.445747, -0.013771
0.804809, -0.931454, -0.505962, 0.060635
0.805298, -0.965595, -0.496635, 0.160961
0.805825, -0.969048, -0.363865, 0.121593
0.806311, -0.962353, -0.238857, 0.090866
0.806808, -0.951290, -0.382729, -0.375710
0.807329, -0.960884, -0.469742, -0.292721
0.807808, -0.954800, -0.623150, -0.037117
0.808305, -0.959930, -0.619011, 0.040874
0.808810, -0.960369, -0.529957, 0.165443
0.809801, -0.823059, -0.316353, 0.270271
0.810343, -0.863476, -0.281239, 0.341301
0.810832, -0.980396, -0.275326, 0.303726
0.811811, -1.273079, -0.325737, -0.138416
0.812328, -1.287270, -0.430374, -0.215034
0.812808, -1.303196, -0.509090, -0.229092
0.813362, -1.304245, -0.480156, 0.043125
0.813804, -1.253414, -0.465755, 0.210743
0.814351, -1.185570, -0.404224, -0.135899
0.814818, -0.918961, -0.483036, -0.072651
0.815313, -0.234509, -0.126553, 0.424995
0.815812, -0.027256, -0.249271, 0.640221
0.816311, -0.498180, -0.504551, 0.100822
0.816855, -0.954781, -0.816975, 0.187664
0.817355, -1.143761, -0.987110, -0.147209
0.817847, -1.125031, -0.928650, -0.501499
0.818350, -1.088810, -0.593567, -0.309906
0.818852, -1.105499, -0.442066, 0.133610
0.819342, -1.195679, -0.376759, -0.106850
0.819832, -1.311054, -0.335617, -0.144882
0.820336, -1.297913, -0.386372, -0.249596
0.820819, -0.983410, -0.346775, 0.309811
0.821356, -0.878181, 0.016956, 1.105385
0.821846, -1.146240, -0.113697, -0.265369
0.822335, -1.298180, -0.127239, -0.196705
0.822853, -1.065197, -0.301304, 0.204124
0.823833, -0.419216, 0.064487, 0.639133
0.824366, -0.540810, -0.329971, -0.090084
0.824824, -0.696907, -0.543957, 0.624599
0.825343, -0.755825, -1.374321, -0.063286
0.825861, -0.723133, -1.406174, 0.039673
0.826364, -0.884171, -1.174030, 0.008049
0.826862, -1.211071, -0.926266, -0.468960
0.827347, -1.423550, -0.387402, -0.337601
0.827821, -1.318817, -0.199108, -0.624695
0.828353, -0.981808, -0.008221, -0.264854
0.828823, -0.687103, -0.279064, -0.050125
0.829376, -0.801182, -0.239811, 0.184689
0.830189, -1.054573, -0.426044, 0.251923
0.830393, -1.076202, -0.128975, 0.544720
0.830840, -0.879459, 0.504093, 1.092434
0.831381, -0.862141, 0.540142, 0.043335
0.831839, -0.971794, 0.054073, -0.432301
0.832354, -0.998459, -0.367432, 0.042667
0.832854, -1.043758, -0.814190, -0.147800
0.833332, -1.144295, -0.805798, -0.484886
0.833853, -1.173077, -0.688992, -0.042171
0.834528, -1.050205, -0.671024, -0.061989
0.835054, -0.886211, -0.904770, -0.342770
0.836132, -0.652924, -0.224705, 0.230141
0.836428, -0.727844, -0.715675, -0.754185
0.836913, -0.801983, -0.807705, -0.079918
0.837422, -0.847855, -0.800400, 0.267067
0.837909, -0.957756, -0.564232, -0.158920
0.838389, -0.894375, 0.333881, 1.268425
0.838856, -0.976143, 0.060253, 0.855522
0.839367, -1.473160, -1.077995, -2.024002
0.839890, -1.767406, -1.526413, -1.209240
0.840349, -1.242142, -1.613159, -0.673180
0.840885, -1.079311, -0.429840, 0.675144
0.841342, -0.982437, -0.726681, -0.724525
0.841860, -0.883789, -0.104904, 1.065674
0.842364, -0.704956, -0.602036, 0.624084
0.842882, -0.894775, -0.766602, -0.353756
0.843346, -1.385746, -0.578728, -0.985336
0.843843, -1.198559, -0.780277, -0.725555
0.844347, -0.676460, -0.276070, 0.304775
0.844845, -0.457706, -0.025673, 0.685501
0.845350, -0.903320, -0.165577, 0.041695
0.845851, -0.641365, -0.584335, -0.279140
0.846394, -0.789089, -0.561638, 1.457500
0.846874, -1.342525, -1.812496, -2.224636
0.847388, -1.496925, -1.443233, -0.461769
0.848351, -0.929527, -0.313911, -0.307922
0.848898, -1.070805, 0.298653, -0.316601
0.849875, -1.044750, -0.747223, -1.258812
0.850352, -0.464878, -0.493259, 0.166302
0.850898, -0.827751, -0.224209, 0.316162
0.851403, -1.320972, -1.520691, -1.836243
0.851895, -0.902100, -0.606861, 1.264896
0.852394, -0.474968, 0.049400, 1.261578
0.852898, -0.752277, 0.018711, -0.779133
0.853401, -0.969963, 0.265293, 0.503635
0.853905, -0.633144, -0.072231, 0.287933
0.854409, -0.393848, -1.092739, -1.100502
0.855388, -1.170235, -1.141224, 0.337009
0.855919, -1.278629, -1.060200, -0.815716
0.856382, -0.936356, -0.520763, -0.110245
0.856884, -0.946865, -0.459938, -0.401955
0.857387, -1.429462, -0.974140, -0.853653
0.857894, -1.472626, -0.877323, -0.081692
0.858394, -0.550632, 0.240841, 0.156765
0.858900, -0.074749, 0.958633, 0.579052
0.859404, -0.389137, 0.147133, 0.738621
0.859893, -0.815372, -0.538502, -0.176544
0.860387, -0.949669, -0.870552, 0.325241
0.860871, -1.094456, -0.683117, -0.606174
0.861408, -1.017685, -0.577641, -0.599728
0.861896, -0.695419, -0.433903, -0.241833
0.862397, -0.717773, -0.577888, 0.554829
0.862914, -0.694160, -0.894012, -0.338993
0.863373, -0.195560, -1.107807, -0.430412
0.863879, -0.090370, -0.402622, 0.744953
0.864398, -0.370560, 1.124458, 2.406540
0.864898, -0.494480, -0.740337, -1.025486
0.865419, -0.891972, -0.975513, -0.246925
0.866402, -1.462040, -1.641541, -2.250366
0.866915, -1.229725, -0.682735, -0.689850
0.867419, -1.179314, -0.594864, -0.010700
0.867877, -1.243649, -0.533447, 0.375080
0.868394, -0.636616, 0.120335, 0.784359
0.868903, -0.037270, 0.901527, 1.306553
0.869403, -0.123768, 0.711422, 0.090561
0.869911, -0.348492, -0.004730, -0.721836
0.870425, -0.683880, -0.432301, 0.158482
0.870935, -1.027145, -1.059361, -0.482178
0.871404, -1.189404, -1.005363, -0.620079
0.871924, -1.102810, -0.800858, -0.178967
0.872383, -0.814152, -0.481987, 0.361042
0.872888, -0.757351, -0.737743, -0.051346
0.873387, -0.876160, -0.675220, 0.065136
0.873891, -0.729218, -0.317650, 0.442944
0.874394, -0.569344, -0.142918, 0.463085
0.875408, -0.581284, -0.207748, 0.060596
0.875912, -0.777740, -0.545406, -0.155754
0.876424, -1.200237, -0.827160, -0.455685
0.876915, -1.298904, -0.955029, 0.146427
0.877403, -0.847397, -0.524426, 0.271854
0.877890, -0.488377, -0.172672, 0.221043
0.878398, -0.616150, -0.228119, 0.479088
0.878911, -0.721588, -0.678368, 0.287781
0.879387, -0.884972, -1.089573, -0.217609
0.879900, -0.960999, -0.735378, -0.224571
0.880482, -0.576344, 0.017948, -0.369282
0.880900, -0.344353, -0.415211, -0.458317
0.881465, -0.732651, -0.674953, 0.365448
0.881981, -0.828972, -0.985851, 0.293331
0.882487, -0.825443, -1.301918, 0.009766
0.882892, -1.024685, -0.841026, 0.445709
0.883459, -0.914669, -0.797176, 0.172577
0.883978, -0.498219, -0.440521, -0.096283
0.884444, -0.216427, 0.050907, 0.100536
0.884961, -0.454769, -0.173836, -0.282574
0.885470, -0.864010, -0.610657, -0.217514
0.885964, -1.115551, -0.976810, 0.001488
0.886452, -1.177578, -0.724049, 0.001087
0.886908, -1.041069, -0.507717, 0.063763
0.887427, -0.822392, -0.311871, 0.438137
0.887952, -0.726471, -0.243893, 0.169029
0.888410, -0.768242, -0.136337, 0.098190
0.888916, -0.635281, -0.075073, -0.012627
0.889432, -0.661678, -0.555897, -0.006237
0.889904, -0.798702, -0.920906, 0.479965
0.890410, -0.641499, -1.135330, 0.202332
0.890917, -0.290775, -0.195694, -0.091133
0.891430, -0.151291, -0.068436, -0.501842
0.891948, -0.614548, -0.684509, -0.230560
0.892404, -1.225758, -1.500835, 0.272274
0.892911, -1.595173, -1.842537, 0.308456
0.893443, -1.408501, -0.993500, 0.406303
0.893912, -0.764580, 0.149097, 0.208302
0.894441, -0.096416, 0.718727, -0.516701
0.894906, -0.105095, 0.627842, -0.415783
0.895432, -0.609837, -0.018501, 0.416260
0.896455, -1.029797, -0.821114, -0.253277
0.896918, -1.002922, -0.495300, -0.159779
0.897439, -1.046886, -0.598621, 0.467491
0.898438, -0.262146, -0.650921, 0.239639
0.898927, 0.064125, -0.070057, 0.101261
0.899416, -0.261135, -0.533142, -0.055885
0.899919, -0.786400, -1.294670, 0.009193
0.900424, -1.155205, -1.454639, -0.176926
0.900914, -1.177368, -0.908661, -0.262394
0.901445, -1.063099, -0.443096, 0.403004
0.901954, -0.940781, -0.233822, 0.221596
0.902470, -0.718079, -0.496216, -0.075092
0.902959, -0.552559, 0.005245, 0.422440
0.903431, -0.340023, -0.022411, 0.273056
0.903964, -0.234241, -0.486374, -0.019646
0.904453, -0.467243, -0.896721, 0.190811
0.904948, -0.513859, -1.062202, 0.277901
0.905476, -0.564709, -0.719070, -0.453968
0.905981, -0.858650, -0.104046, -0.714798
0.906439, -1.119118, -0.233154, -0.156021
0.906975, -1.217499, -0.814667, 0.451775
0.907431, -1.157761, -1.474991, 0.405369
0.907927, -0.939922, -1.020622, 0.272121
0.908466, -0.627174, -0.450535, 0.125923
0.908970, -0.397434, -0.217628, 0.116539
0.909930, -0.443192, -0.226421, -0.224476
0.910449, -0.338459, 0.224133, -0.614872
0.910951, -0.260754, -0.178280, -0.098972
0.911446, -0.270863, -0.871048, 0.501194
0.911945, -0.336456, -1.724682, -0.101929
0.912438, -0.492039, -1.147461, 0.265579
0.912964, -0.774193, -0.365887, -0.166397
0.913978, -1.800671, 0.038052, -0.897121
0.914438, -1.755638, -0.667439, 0.013981
0.914950, -1.539059, -0.971088, 0.773010
0.915457, -0.873699, -1.434441, 0.671692
0.916012, 0.037708, -1.121998, 1.237869
0.916458, 0.473747, -0.666161, 0.302677
0.916976, 0.212479, -0.236320, -0.701256
0.917436, -0.259438, -0.228271, -0.919514
0.917941, -0.596924, -0.242882, -0.628166
0.918459, -0.664597, -0.578213, -0.506344
0.918975, -0.548840, -0.584488, 0.335293
0.919445, -0.701046, -0.630360, 0.375099
0.919950, -0.961056, -0.772705, -0.303707
0.920466, -0.841274, -0.840626, 0.297585
0.920956, -0.367260, -0.799427, 0.898247
0.921446, -0.114689, -1.068420, 0.069008
0.921950, -0.413551, -0.611515, -0.414028
0.922957, -0.718021, -0.095615, -0.162888
0.923446, -0.762215, -0.528431, -0.066681
0.923950, -0.878010, -0.773716, 0.102634
0.924454, -0.827770, -0.690460, 0.559883
1.165669, -0.704880, -0.488243, -0.051346
1.165807, -0.744591, -0.491619, -0.047970
1.165995, -0.765705, -0.486221, -0.041695
1.166112, -0.757542, -0.468178, -0.036125
1.166190, -0.729485, -0.450077, -0.000725
1.166324, -0.707073, -0.451889, 0.012627
1.166409, -0.693970, -0.484619, 0.031662
1.166500, -0.696163, -0.506802, 0.047264
1.166583, -0.726986, -0.539856, 0.033588
1.166664, -0.740471, -0.539131, 0.057220
1.166794, -0.731888, -0.534840, 0.062256
1.166871, -0.726013, -0.539398, 0.060234
1.166945, -0.727100, -0.536060, 0.075550
1.167024, -0.725212, -0.544624, 0.065613
1.167106, -0.722542, -0.538807, 0.067673
1.167184, -0.730629, -0.540104, 0.068340
1.167314, -0.743103, -0.544586, 0.057983
1.167389, -0.756207, -0.550022, 0.044479
1.167471, -0.767994, -0.545959, 0.039310
1.167551, -0.773602, -0.541534, 0.028286
1.167626, -0.784950, -0.530262, 0.023460
1.167713, -0.789242, -0.522652, 0.019760
1.167846, -0.797882, -0.525341, -0.000286
1.167921, -0.805988, -0.525913, -0.015812
1.168027, -0.807800, -0.532589, -0.026035
1.168113, -0.816002, -0.532932, -0.029106
1.168189, -0.824795, -0.529079, -0.032196
1.168320, -0.826797, -0.532761, -0.042076
1.168396, -0.832024, -0.537071, -0.059242
1.168475, -0.832024, -0.552425, -0.070400
1.168555, -0.828953, -0.566177, -0.071011
1.168633, -0.832005, -0.576744, -0.070248
1.168766, -0.836105, -0.579548, -0.070992
1.168845, -0.832825, -0.585060, -0.068569
1.168928, -0.830536, -0.588913, -0.073967
1.169004, -0.828552, -0.590687, -0.080662
1.169085, -0.823669, -0.591526, -0.079346
1.169160, -0.824947, -0.593834, -0.072975
1.169297, -0.826836, -0.592079, -0.076294
1.169376, -0.825062, -0.590210, -0.079937
1.169789, -0.823574, -0.590076, -0.083256
1.170276, -0.820389, -0.590382, -0.073605
1.170789, -0.818253, -0.584183, -0.071030
1.171801, -0.815639, -0.570850, -0.049210
1.172274, -0.816193, -0.563183, -0.052834
1.172788, -0.800838, -0.557404, -0.033836
1.173314, -0.791130, -0.552635, -0.017967
1.173793, -0.771809, -0.545273, 0.018692
1.174766, -0.715466, -0.522156, 0.061417
1.175288, -0.660610, -0.521603, 0.087013
1.175774, -0.639954, -0.511627, 0.078201
1.176794, -0.657768, -0.476398, -0.000114
1.177313, -0.636177, -0.451908, 0.047340
1.177771, -0.626431, -0.431271, 0.049362
1.178282, -0.606956, -0.381680, 0.114422
1.178809, -0.587749, -0.374413, 0.317097
1.179298, -0.666599, -0.349541, 0.244389
1.179776, -0.824356, -0.244217, 0.031471
1.180319, -0.883617, -0.271969, 0.003815
1.180794, -0.871754, -0.273037, 0.286274
1.181271, -0.787563, -0.404110, 0.339966
1.181802, -0.585728, -0.422325, 0.533352
1.182305, -0.495453, -0.273666, 0.653610
1.182809, -0.592136, -0.211773, 0.527439
1.183313, -0.834522, -0.098419, 0.260448
1.183817, -1.133270, 0.027523, -0.030708
1.184321, -1.227798, -0.045834, -0.001526
1.184824, -1.211853, -0.101147, 0.170803
1.185329, -1.065636, -0.207615, 0.108242
1.185832, -0.763264, -0.171890, 0.427666
1.186291, -0.460300, -0.186787, 0.542240
1.186820, -0.375175, -0.273132, 0.051537
1.187324, -0.449753, -0.319290, 0.152740
1.187817, -0.703850, -0.356712, -0.048237
1.188320, -1.044521, -0.404282, -0.516300
1.188794, -1.225643, -0.378590, -0.037804
1.189328, -1.170807, -0.450001, 0.051155
1.189816, -0.894928, -0.622215, 0.168858
1.190314, -0.525990, -0.666523, 0.446377
1.190796, -0.375633, -0.648575, 0.233364
1.191823, -0.689716, -0.477409, -0.182152
1.192341, -0.768242, -0.405216, -0.322971
1.192796, -0.934181, -0.428009, -0.481663
1.193343, -0.980606, -0.449486, -0.298290
1.194327, -0.872879, -0.604134, -0.109997
1.194802, -0.638676, -0.640087, 0.103683
1.195311, -0.495930, -0.579128, 0.136471
1.195832, -0.589752, -0.646687, -0.296383
1.196295, -0.662117, -0.640583, -0.138912
1.196840, -0.760002, -0.596943, -0.115509
1.197804, -0.851555, -0.490551, -0.163364
1.198309, -0.825043, -0.452595, -0.236225
1.198821, -0.763626, -0.543480, -0.184116
1.199846, -0.486412, -0.647316, 0.229645
1.200327, -0.530090, -0.650272, 0.029907
1.200845, -0.601635, -0.525017, -0.011215
1.201308, -0.852089, -0.438004, -0.332870
1.201815, -1.126385, -0.399380, -0.324650
1.202342, -1.112385, -0.447140, 0.041733
1.202849, -0.930691, -0.628529, 0.156708
1.203327, -0.824738, -0.722084, 0.161476
1.203802, -0.909042, -0.613708, 0.135765
1.204322, -1.064472, -0.384254, -0.115242
1.204823, -1.064110, -0.296822, -0.019455
1.205342, -1.023674, -0.375004, -0.119381
1.205804, -1.038132, -0.477962, -0.095615
1.206315, -1.108494, -0.591850, 0.006485
1.206853, -1.148357, -0.583668, -0.033340
1.207315, -1.131477, -0.519695, 0.099010
1.207823, -1.039181, -0.438786, 0.264320
1.208331, -0.822659, -0.388794, 0.165672
1.208809, -0.654202, -0.393124, -0.006771
1.209383, -0.654678, -0.327187, -0.189743
1.209921, -0.738106, -0.292683, -0.311947
1.210390, -0.819035, -0.327072, -0.235157
1.210896, -0.881233, -0.470448, -0.179100
1.211372, -0.933228, -0.564213, 0.004349
1.212399, -0.981522, -0.567207, 0.039997
1.212899, -0.914764, -0.495968, 0.169621
1.213403, -0.842648, -0.470066, 0.133266
1.213907, -0.757294, -0.457153, 0.073414
1.214351, -0.655594, -0.426292, 0.073776
1.214855, -0.600414, -0.435619, -0.024090
1.215357, -0.652485, -0.471840, -0.081120
1.215861, -0.783730, -0.452995, -0.042953
1.216352, -0.899277, -0.498123, -0.079460
1.216854, -0.985947, -0.541439, -0.028858
1.217358, -1.018524, -0.557747, 0.093479
1.217862, -1.005135, -0.561066, 0.146446
1.218366, -0.995789, -0.482540, 0.218887
1.218869, -1.023903, -0.419579, 0.183506
1.219371, -1.051292, -0.401173, 0.171566
1.219862, -1.067886, -0.438995, 0.155945
1.220365, -1.028900, -0.484962, 0.114994
1.220869, -0.962601, -0.491886, 0.071869
1.221373, -0.933933, -0.495262, 0.027218
1.221876, -0.927830, -0.495491, 0.005226
1.222853, -0.885906, -0.493221, 0.060310
1.223344, -0.865593, -0.473537, 0.078850
1.223836, -0.888214, -0.474930, 0.008488
1.224337, -0.935402, -0.489159, -0.046406
1.224855, -0.965500, -0.491676, -0.068207
1.225359, -0.950794, -0.506325, -0.074005
1.225863, -0.913448, -0.495510, -0.056973
1.226380, -0.894489, -0.479240, -0.066147
1.226879, -0.884304, -0.470142, -0.077915
1.227371, -0.872536, -0.474644, -0.052395
1.227873, -0.872536, -0.488167, -0.040302
1.228373, -0.877457, -0.504017, -0.026283
1.228879, -0.882263, -0.506935, -0.022526
1.229389, -0.878201, -0.527058, -0.058937
1.229848, -0.881939, -0.532894, -0.070305
1.230350, -0.880222, -0.533314, -0.052338
1.230858, -0.878811, -0.530243, -0.040073
1.231374, -0.871830, -0.532188, -0.018654
1.231877, -0.858059, -0.527592, -0.006065
1.232384, -0.844440, -0.527439, -0.008430
1.232887, -0.838985, -0.527496, -0.000801
1.233342, -0.837803, -0.523071, 0.017414
1.233893, -0.832024, -0.517864, 0.012913
1.234352, -0.831547, -0.510254, 0.013466
1.234857, -0.828934, -0.511456, 0.013065
1.235376, -0.826359, -0.498886, 0.023136
1.235914, -0.825100, -0.493145, 0.027752
1.236381, -0.830765, -0.480137, 0.030880
1.236897, -0.828476, -0.472050, 0.050030
1.237876, -0.831699, -0.451984, 0.071964
1.238380, -0.835724, -0.436516, 0.084782
1.238883, -0.832081, -0.433559, 0.095959
1.239378, -0.825996, -0.422363, 0.103931
1.239890, -0.826664, -0.416718, 0.108242
1.240350, -0.829773, -0.407486, 0.119133
1.240879, -0.828667, -0.403919, 0.137653
1.241380, -0.826759, -0.392399, 0.147705
1.241873, -0.828114, -0.391331, 0.148048
1.242374, -0.830460, -0.382938, 0.154266
1.242868, -0.830555, -0.380116, 0.158596
1.243357, -0.829105, -0.377026, 0.161095
1.243881, -0.835609, -0.375881, 0.161724
1.244379, -0.833740, -0.372620, 0.166187
1.244899, -0.826836, -0.374222, 0.167866
1.245353, -0.830574, -0.374241, 0.165291
1.245871, -0.830612, -0.374508, 0.162487
1.246390, -0.834084, -0.373135, 0.160847
1.247397, -0.827026, -0.381241, 0.154324
1.248360, -0.830193, -0.393829, 0.146065
1.248865, -0.829811, -0.397892, 0.140038
1.249387, -0.832481, -0.402260, 0.131264
1.249896, -0.832005, -0.410843, 0.128460
1.250374, -0.828304, -0.414505, 0.127506
1.250879, -0.831547, -0.412674, 0.117493
1.251416, -0.830879, -0.414371, 0.113049
1.251867, -0.831318, -0.418453, 0.105076
1.252380, -0.832024, -0.423145, 0.098553
1.252893, -0.829277, -0.433540, 0.095367
1.253401, -0.831623, -0.437069, 0.086517
1.253866, -0.834637, -0.442581, 0.087090
1.254377, -0.834084, -0.445614, 0.084991
1.254896, -0.832443, -0.446968, 0.077343
1.255462, -0.832977, -0.452690, 0.074291
1.255873, -0.827847, -0.455742, 0.070381
1.256385, -0.835762, -0.452290, 0.068531
1.256960, -0.836258, -0.453091, 0.065212
1.257463, -0.831070, -0.458336, 0.061016
1.257977, -0.830536, -0.455837, 0.058956
1.258438, -0.829372, -0.456200, 0.063934
1.258948, -0.831928, -0.451660, 0.063782
1.259416, -0.836487, -0.450764, 0.064011
1.259941, -0.830746, -0.452442, 0.055676
1.260405, -0.829620, -0.450439, 0.048409
1.260933, -0.828209, -0.451965, 0.054626
1.261402, -0.837650, -0.450954, 0.059338
1.261928, -0.840206, -0.449600, 0.058537
1.262400, -0.864620, -0.461998, 0.054092
1.262897, -0.930767, -0.469532, 0.049839
1.263392, -0.923214, -0.450554, 0.079670
1.263935, -0.857735, -0.439053, 0.067196
1.264380, -0.819225, -0.423012, 0.060158
1.264883, -0.830593, -0.431938, 0.063477
1.265379, -0.852337, -0.458355, 0.047150
1.265951, -0.858173, -0.477638, 0.050163
1.266409, -0.863018, -0.481148, 0.052719
1.266914, -0.870991, -0.476437, 0.047131
1.267507, -0.878220, -0.473557, 0.040779
1.267896, -0.890732, -0.471077, 0.031624
1.268386, -0.904827, -0.471020, 0.030556
1.268913, -0.907345, -0.466976, 0.038643
1.269407, -0.900745, -0.462189, 0.038147
1.269895, -0.897064, -0.458889, 0.031796
1.270412, -0.895615, -0.463486, 0.014706
1.270940, -0.898800, -0.480881, 0.014057
1.271388, -0.901566, -0.486851, 0.002556
1.271896, -0.897903, -0.490761, 0.006199
1.272413, -0.899429, -0.494804, -0.000610
1.272899, -0.900383, -0.490837, -0.009556
1.273409, -0.910225, -0.499458, -0.022697
1.273937, -0.913963, -0.500031, -0.022678
1.274901, -0.906944, -0.501537, -0.030651
1.275420, -0.908489, -0.509987, -0.038357
1.276438, -0.955906, -0.526257, -0.051308
1.276902, -0.981159, -0.532913, -0.048332
1.277424, -1.007729, -0.537167, -0.047112
1.277928, -1.007042, -0.522518, -0.036583
1.278420, -0.980091, -0.526981, -0.037117
1.278928, -0.967388, -0.515728, -0.044937
1.279403, -0.945377, -0.524082, -0.043736
1.279934, -0.921879, -0.529385, -0.058956
1.280434, -0.920372, -0.558624, -0.074234
1.280901, -0.934620, -0.568943, -0.063229
1.281408, -0.912838, -0.595531, -0.087376
1.281936, -0.908718, -0.609322, -0.086956
1.282444, -0.911999, -0.587349, -0.078144
1.282928, -0.909328, -0.580082, -0.088634
1.283402, -0.920830, -0.550423, -0.078659
1.283950, -0.916843, -0.525570, -0.064106
1.284424, -0.903950, -0.507660, -0.061340
1.285431, -0.995159, -0.510826, -0.071411
1.285957, -1.045647, -0.520191, -0.063343
1.286444, -1.095791, -0.537071, -0.063076
1.286943, -1.072426, -0.499096, -0.042801
1.287432, -0.957527, -0.473499, -0.045967
1.287921, -0.883236, -0.480347, -0.041790
1.288440, -0.831947, -0.461769, -0.022011
1.288941, -0.797176, -0.523586, -0.055218
1.289433, -0.815296, -0.551815, -0.046902
1.290456, -0.692768, -0.593586, -0.013294
1.290915, -0.624657, -0.577335, -0.008411
1.291438, -0.665417, -0.585003, -0.032520
1.292457, -0.917568, -0.590420, -0.121460
1.292917, -0.997753, -0.557861, -0.106449
1.293441, -1.011715, -0.503197, -0.093307
1.293943, -0.982056, -0.423889, -0.066357
1.294448, -1.003456, -0.371838, -0.022068
1.294945, -1.020660, -0.357666, 0.021286
1.295443, -0.934772, -0.391006, 0.037594
1.295995, -0.735970, -0.369511, 0.073280
1.296439, -0.506744, -0.348911, 0.110359
1.296943, -0.472012, -0.403137, 0.034866
1.297447, -0.553780, -0.475254, 0.023518
1.297939, -0.629654, -0.580215, -0.072918
1.298442, -0.709763, -0.612736, -0.093021
1.298965, -0.795803, -0.593128, -0.100346
1.299478, -0.830460, -0.545425, -0.075970
1.299925, -0.840359, -0.460377, -0.015583
1.300458, -0.841579, -0.368538, 0.009613
1.300958, -0.829716, -0.315971, -0.010681
1.301462, -0.839882, -0.273800, 0.040035
1.302026, -0.872307, -0.271587, 0.022602
1.302524, -0.925484, -0.282383, -0.005283
1.303017, -0.960732, -0.290756, -0.013981
1.303448, -0.989246, -0.322685, -0.029545
1.304010, -0.989227, -0.364933, -0.041008
1.304513, -0.929947, -0.412369, -0.011806
1.304996, -0.847111, -0.442905, -0.011234
1.305433, -0.768204, -0.477715, -0.035820
1.306084, -0.719852, -0.548172, -0.037498
1.306515, -0.723934, -0.590153, -0.051880
1.306998, -0.747623, -0.644779, -0.073071
1.307492, -0.745564, -0.632591, -0.082264
1.307987, -0.764771, -0.639896, -0.089111
1.308484, -0.819798, -0.669613, -0.063591
1.308987, -0.883446, -0.683746, -0.038738
1.309484, -0.948296, -0.687637, -0.041008
1.309973, -0.988045, -0.636387, -0.021210
1.310454, -0.948505, -0.597725, -0.047665
1.310984, -0.870590, -0.584106, -0.070438
1.311468, -0.801182, -0.560684, -0.053883
1.311955, -0.719967, -0.554886, -0.083466
1.312454, -0.589600, -0.503197, -0.056362
1.312959, -0.509129, -0.525208, -0.101948
1.313460, -0.560455, -0.590935, -0.131454
1.313951, -0.644073, -0.655537, -0.133762
1.314484, -0.709152, -0.658169, -0.196571
1.314977, -0.754604, -0.600758, -0.179710
1.315477, -0.777988, -0.527496, -0.151405
1.315944, -0.767078, -0.441418, -0.101700
1.316451, -0.744476, -0.387440, -0.070553
1.316942, -0.744781, -0.359268, -0.032120
1.317967, -0.762291, -0.356731, 0.010014
1.318454, -0.789413, -0.361137, 0.043850
1.318946, -0.807953, -0.385990, 0.073338
1.319456, -0.798607, -0.393162, 0.103092
1.319962, -0.771065, -0.401230, 0.131512
1.320476, -0.757198, -0.409927, 0.155373
1.320961, -0.748024, -0.435581, 0.170059
1.321468, -0.759525, -0.465336, 0.167942
1.321995, -0.775566, -0.485325, 0.167351
1.322470, -0.779800, -0.495300, 0.170879
1.322956, -0.773907, -0.498695, 0.170918
1.323479, -0.773449, -0.500183, 0.175190
1.323965, -0.792427, -0.491772, 0.183277
1.324494, -0.796700, -0.496769, 0.176296
1.324957, -0.802631, -0.486984, 0.159721
1.325480, -0.804825, -0.486298, 0.139637
1.325990, -0.808792, -0.506363, 0.117912
1.326479, -0.815792, -0.514660, 0.096035
1.326994, -0.824471, -0.518150, 0.086899
1.327462, -0.813560, -0.516415, 0.073853
1.327968, -0.807152, -0.522480, 0.053406
1.328469, -0.801773, -0.523605, 0.045891
1.328985, -0.806007, -0.542030, 0.011635
1.329461, -0.807686, -0.539036, 0.005302
1.329989, -0.806732, -0.539379, -0.013371
1.330467, -0.803185, -0.544300, -0.017147
1.330981, -0.802822, -0.548820, -0.026169
1.331994, -0.803185, -0.558491, -0.040569
1.332471, -0.805798, -0.563126, -0.045967
1.333017, -0.806732, -0.570049, -0.053082
1.333499, -0.806408, -0.571251, -0.061760
1.334016, -0.812073, -0.575733, -0.066776
1.334469, -0.810795, -0.577469, -0.069942
1.335018, -0.809937, -0.582867, -0.067997
1.335520, -0.802422, -0.583897, -0.055122
1.336010, -0.800304, -0.580921, -0.059052
1.336513, -0.792198, -0.568027, -0.056934
1.336997, -0.789165, -0.577602, -0.061893
1.337522, -0.798759, -0.569992, -0.055065
1.337979, -0.806484, -0.573559, -0.052414
1.338484, -0.815525, -0.564137, -0.043011
1.338987, -0.817375, -0.547256, -0.033436
1.339491, -0.818214, -0.544834, -0.027218
1.339996, -0.814228, -0.525322, -0.025444
1.340498, -0.805931, -0.523148, -0.025578
1.341003, -0.813580, -0.518360, -0.030651
1.341505, -0.812206, -0.516758, -0.026245
1.341995, -0.811310, -0.513420, -0.028839
1.342498, -0.811901, -0.506935, -0.020294
1.343002, -0.819912, -0.508423, -0.017605
1.343502, -0.818100, -0.493908, -0.010452
1.344483, -0.826435, -0.498371, 0.005665
1.345004, -0.828342, -0.498447, 0.013599
1.345511, -0.828438, -0.500660, 0.013180
1.346004, -0.820713, -0.497246, 0.009537
1.346520, -0.831947, -0.497837, 0.014458
1.347032, -0.826683, -0.487061, 0.015564
1.347511, -0.832233, -0.497513, 0.011387
1.348027, -0.839310, -0.498505, 0.028267
1.348604, -0.839901, -0.502129, 0.027008
1.348989, -0.840302, -0.504074, 0.028496
1.349494, -0.842533, -0.508480, 0.033894
1.350131, -0.844269, -0.504761, 0.030155
1.350603, -0.841904, -0.515385, 0.022812
1.350995, -0.843830, -0.515556, 0.035515
1.351640, -0.843182, -0.518951, 0.036259
1.352086, -0.844021, -0.518894, 0.039997
1.352574, -0.847435, -0.515594, 0.058441
1.353110, -0.838718, -0.514355, 0.072517
1.353610, -0.826054, -0.521202, 0.078011
1.354073, -0.821381, -0.510406, 0.082245
1.354619, -0.811348, -0.498104, 0.083942
1.355077, -0.786781, -0.489235, 0.046349
1.355553, -0.737019, -0.488815, 0.052567
1.356072, -0.689182, -0.488338, 0.112000
1.356504, -0.673752, -0.512505, 0.061264
1.357008, -0.730152, -0.493851, 0.014019
1.357508, -0.769043, -0.489235, -0.003319
1.358011, -0.751591, -0.471439, 0.163231
1.358532, -0.778179, -0.461807, 0.149727
1.359549, -0.787544, -0.326157, 0.342522
1.360022, -0.785446, -0.343170, 0.205536
1.360520, -0.838432, -0.346279, 0.180912
1.361016, -0.964203, -0.319347, 0.146961
1.361514, -1.069050, -0.298862, 0.031834
1.362014, -1.036625, -0.340042, 0.047112
1.362524, -0.922813, -0.313797, 0.194302
1.363046, -0.803242, -0.343742, 0.169449
1.363505, -0.753651, -0.339279, 0.242043
1.364016, -0.733013, -0.350876, 0.231762
1.364528, -0.698986, -0.427685, 0.128078
1.365042, -0.717373, -0.437698, 0.118523
1.365514, -0.781193, -0.421791, 0.047951
1.366527, -0.812206, -0.370216, 0.082912
1.367042, -0.838470, -0.376930, -0.025787
1.367536, -0.784683, -0.344944, 0.104847
1.368041, -0.705223, -0.342789, 0.072803
1.368544, -0.635414, -0.379906, -0.007496
1.369047, -0.612354, -0.358543, 0.069141
1.369551, -0.592136, -0.435467, 0.001431
1.370058, -0.677700, -0.488415, -0.067825
1.370559, -0.756397, -0.537281, -0.060673
1.371054, -0.862465, -0.435486, 0.016880
1.371553, -0.947704, -0.446854, -0.135441
1.372060, -0.951157, -0.418243, 0.154934
1.372559, -0.881119, -0.453777, 0.064602
1.373063, -0.813923, -0.503521, 0.054226
1.373565, -0.816498, -0.485573, 0.001240
1.374041, -0.771942, -0.521336, -0.002956
1.374543, -0.719414, -0.468693, -0.041962
1.375022, -0.742073, -0.526009, -0.168514
1.375523, -0.828876, -0.462761, -0.110168
1.376055, -0.858593, -0.562553, -0.113983
1.377041, -0.899220, -0.615215, -0.047836
1.377531, -0.795002, -0.550098, 0.067425
1.378065, -0.656929, -0.536575, 0.010166
1.378564, -0.548916, -0.508270, -0.051231
1.379050, -0.491180, -0.520554, -0.066395
1.379555, -0.499287, -0.495338, -0.107651
1.380061, -0.640316, -0.484905, -0.225277
1.380563, -0.866528, -0.452557, -0.235081
1.381539, -1.185970, -0.487175, -0.078735
1.382074, -1.121941, -0.508690, 0.130177
1.382587, -1.067677, -0.501900, 0.077896
1.383036, -0.969257, -0.486298, 0.074024
1.383557, -0.869846, -0.448074, 0.111408
1.384055, -0.811901, -0.502243, -0.031528
1.384568, -0.790405, -0.511169, -0.000572
1.385051, -0.785561, -0.482616, 0.038185
1.385564, -0.798321, -0.488033, -0.053062
1.386057, -0.787373, -0.516891, -0.020771
1.386544, -0.777321, -0.513248, 0.018845
1.387079, -0.770798, -0.520859, 0.008564
1.387541, -0.760860, -0.500393, 0.048027
1.388057, -0.760632, -0.491657, 0.005207
1.388557, -0.781021, -0.475178, 0.022297
1.389062, -0.827694, -0.472717, 0.020409
1.389581, -0.872097, -0.466118, 0.050735
1.390087, -0.898895, -0.453186, 0.061626
1.390544, -0.947380, -0.431786, 0.057659
1.391047, -0.996151, -0.429935, 0.037327
1.392070, -0.983009, -0.461864, 0.067577
1.392574, -0.960541, -0.457954, 0.058899
1.394082, -0.910873, -0.463963, 0.042362
1.394544, -0.889339, -0.485401, 0.029049
1.395092, -0.879974, -0.483913, 0.021133
1.395566, -0.870285, -0.481224, -0.016327
1.396076, -0.867805, -0.488930, -0.018616
1.397067, -0.875454, -0.499039, -0.027542
1.397638, -0.871429, -0.496216, -0.034428
1.398132, -0.877724, -0.499763, -0.049553
1.398631, -0.876160, -0.505428, -0.052586
1.399137, -0.879974, -0.505352, -0.039062
1.400190, -0.873337, -0.500088, -0.038433
1.400647, -0.872574, -0.502682, -0.047321
1.401110, -0.877991, -0.502071, -0.054798
1.401639, -0.898762, -0.505085, -0.058422
1.402093, -0.902290, -0.499191, -0.050430
1.402617, -0.902748, -0.504780, -0.043125
1.403090, -0.888062, -0.508575, -0.041771
1.403602, -0.880966, -0.520515, -0.048523
1.404070, -0.876617, -0.520496, -0.048866
1.404578, -0.872650, -0.522919, -0.040302
1.405077, -0.865993, -0.513477, -0.037365
1.405595, -0.862103, -0.514450, -0.033188
1.406098, -0.859718, -0.511551, -0.029659
1.406572, -0.860939, -0.512886, -0.045815
1.407076, -0.861111, -0.500965, -0.037041
1.407593, -0.855942, -0.495663, -0.035057
1.408561, -0.847816, -0.481014, -0.025654
1.409076, -0.844307, -0.473747, -0.022221
1.409594, -0.838375, -0.465469, -0.023060
1.410068, -0.838871, -0.450916, -0.018921
1.410569, -0.838718, -0.443726, -0.016060
1.411067, -0.836468, -0.437737, -0.010376
1.412098, -0.836086, -0.425644, -0.009136
1.412612, -0.832157, -0.417500, -0.008869
1.413068, -0.831032, -0.411186, -0.007210
1.413586, -0.834484, -0.402603, -0.001183
1.414085, -0.834141, -0.394688, 0.001335
1.414616, -0.833626, -0.390720, 0.002193
1.415072, -0.832100, -0.387897, 0.012283
1.415609, -0.832901, -0.386677, 0.026932
1.416084, -0.830173, -0.383015, 0.029297
1.416574, -0.829964, -0.379105, 0.037403
1.417077, -0.835266, -0.377617, 0.040855
1.417579, -0.836868, -0.379429, 0.047493
1.418083, -0.830669, -0.377331, 0.053387
1.419105, -0.834026, -0.384026, 0.061359
1.419610, -0.833607, -0.384598, 0.062904
1.420098, -0.835590, -0.383987, 0.066032
1.420587, -0.836582, -0.385513, 0.063934
1.421090, -0.837574, -0.389423, 0.070953
1.421589, -0.835018, -0.390377, 0.074787
1.422128, -0.836754, -0.389748, 0.072861
1.422604, -0.836468, -0.396366, 0.067596
1.423108, -0.834370, -0.396194, 0.066948
1.423610, -0.832615, -0.396690, 0.064926
1.424132, -0.833035, -0.400410, 0.056095
1.424591, -0.835400, -0.404091, 0.051842
1.425127, -0.833111, -0.406132, 0.046959
1.425629, -0.837212, -0.408478, 0.043545
1.426136, -0.836544, -0.412006, 0.038376
1.426633, -0.835800, -0.417366, 0.037613
1.427632, -0.838871, -0.426140, 0.025043
1.428092, -0.838890, -0.426674, 0.022373
1.428629, -0.838985, -0.436611, 0.022602
1.429116, -0.832748, -0.439014, 0.016384
1.429602, -0.832920, -0.441723, 0.009289
1.430119, -0.837173, -0.450058, 0.004215
1.430617, -0.840893, -0.450726, -0.002327
1.431122, -0.840244, -0.450745, -0.004044
1.431616, -0.839939, -0.453358, -0.008469
1.432113, -0.835686, -0.453568, -0.009518
1.432603, -0.837574, -0.456047, -0.011272
1.433109, -0.839691, -0.457478, -0.011330
1.433594, -0.837727, -0.456352, -0.015030
1.434144, -0.833035, -0.459728, -0.014038
1.434641, -0.832577, -0.460854, -0.016994
1.435138, -0.839558, -0.454350, -0.016708
1.435639, -0.839462, -0.453625, -0.018311
1.436099, -0.836430, -0.460835, -0.013275
1.436603, -0.837917, -0.460491, -0.011406
1.437151, -0.839691, -0.459480, -0.008965
1.437641, -0.840588, -0.455570, -0.008831
1.438146, -0.836792, -0.455437, -0.012341
1.438617, -0.839214, -0.457783, -0.005951
1.439105, -0.836754, -0.463314, -0.002995
1.439619, -0.853291, -0.462360, -0.003700
1.440145, -0.900917, -0.477409, -0.004387
1.440602, -0.934219, -0.475731, 0.013332
1.441122, -0.897770, -0.463753, 0.017185
1.441626, -0.857925, -0.454426, 0.002823
1.442128, -0.849113, -0.454845, 0.008774
1.442633, -0.863190, -0.478935, -0.004005
1.443135, -0.870438, -0.497112, -0.005589
1.443702, -0.875263, -0.512905, 0.002518
1.444201, -0.886326, -0.518341, 0.002422
1.444695, -0.889168, -0.519428, 0.004311
1.445203, -0.892525, -0.523739, 0.002365
1.445713, -0.897083, -0.522881, 0.002251
1.446202, -0.904617, -0.519009, 0.006371
1.446707, -0.910645, -0.513763, 0.005913
1.447210, -0.914097, -0.513668, -0.001621
1.447714, -0.914230, -0.515690, -0.010529
1.448160, -0.920124, -0.523224, -0.020561
1.448637, -0.922871, -0.517921, -0.023365
1.449195, -0.909653, -0.523300, -0.022812
1.449639, -0.920162, -0.527573, -0.018005
1.450144, -0.917473, -0.522213, -0.017681
1.450647, -0.921040, -0.538349, -0.032558
1.451151, -0.921230, -0.529537, -0.023556
1.451643, -0.906563, -0.526276, -0.038910
1.452129, -0.911922, -0.529518, -0.034504
1.452632, -0.905933, -0.528088, -0.028191
1.453136, -0.911217, -0.542259, -0.043945
1.453629, -0.910740, -0.530643, -0.024261
1.454128, -0.887241, -0.515499, -0.036221
1.454622, -0.856781, -0.514812, -0.035343
1.455168, -0.841351, -0.511837, -0.031796
1.455656, -0.833950, -0.525055, -0.044765
1.456143, -0.828686, -0.524235, -0.046387
1.456640, -0.833015, -0.523300, -0.047684
1.457136, -0.853653, -0.524330, -0.041237
1.457639, -0.875282, -0.513153, -0.024395
1.458143, -0.888977, -0.502300, -0.026646
1.458631, -0.892239, -0.489540, -0.018349
1.459658, -0.905437, -0.461445, -0.011482
1.460158, -0.909100, -0.461998, -0.014687
1.460644, -0.913372, -0.456791, -0.003681
1.461134, -0.927563, -0.471954, -0.018845
1.461676, -0.937252, -0.471077, -0.008450
1.462151, -0.923405, -0.478592, -0.005875
1.462648, -0.901756, -0.481644, -0.013199
1.463151, -0.876160, -0.487099, -0.008144
1.463641, -0.870094, -0.512276, -0.012589
1.464144, -0.877438, -0.520153, 0.001640
1.464636, -0.897694, -0.531158, 0.000553
1.465144, -0.928936, -0.514183, 0.009174
1.465684, -0.929470, -0.493202, 0.009251
1.466174, -0.926514, -0.490990, -0.013409
1.466677, -0.924225, -0.487976, 0.000229
1.467181, -0.907383, -0.495434, -0.010242
1.467686, -0.854321, -0.484982, -0.024872
1.468188, -0.766735, -0.465527, -0.010471
1.469152, -0.643444, -0.524387, -0.073757
1.469656, -0.692844, -0.548859, -0.068226
1.470159, -0.769863, -0.562649, -0.070210
1.470662, -0.838013, -0.536728, -0.054035
1.471171, -0.863419, -0.494709, -0.022240
1.471670, -0.860081, -0.445652, -0.033321
1.472179, -0.875988, -0.417557, -0.029755
1.472675, -0.892086, -0.363674, -0.029526
1.473180, -0.894184, -0.382061, -0.031319
1.473691, -0.910606, -0.381260, 0.042000
1.474685, -0.847263, -0.406742, 0.036659
1.475158, -0.817261, -0.414658, 0.070171
1.475699, -0.816822, -0.399094, 0.109615
1.476188, -0.822735, -0.454235, 0.049114
1.476657, -0.840454, -0.447159, 0.110874
1.477184, -0.863438, -0.458965, 0.111313
1.477649, -0.854588, -0.465317, 0.020599
1.478171, -0.872478, -0.489235, 0.043049
1.479684, -0.888844, -0.450745, 0.009308
1.480182, -0.832272, -0.415897, -0.043163
1.480661, -0.756397, -0.415649, -0.065517
1.481180, -0.690765, -0.401688, -0.021896
1.481684, -0.688286, -0.432110, -0.044022
1.482173, -0.771275, -0.522404, -0.005646
1.482661, -0.838223, -0.571575, 0.043163
1.483211, -0.850716, -0.581722, -0.054169
1.483668, -0.836563, -0.505962, -0.044518
1.484158, -0.820217, -0.439587, -0.066319
1.484693, -0.825081, -0.447102, -0.100613
1.485165, -0.850830, -0.467110, -0.003643
1.485684, -0.860233, -0.441246, -0.005074
1.486181, -0.804691, -0.421562, -0.079956
1.486708, -0.776997, -0.407715, 0.007877
1.487172, -0.787315, -0.431442, -0.027466
1.487714, -0.802879, -0.493164, -0.034924
1.488218, -0.821018, -0.474434, 0.077286
1.488706, -0.816040, -0.480652, 0.023041
1.489211, -0.768967, -0.465221, -0.009289
1.489677, -0.728607, -0.470276, -0.053997
1.490188, -0.741978, -0.512161, -0.038910
1.490751, -0.792675, -0.539532, -0.021648
1.491764, -0.813351, -0.495815, 0.028725
1.492246, -0.843353, -0.473213, 0.006580
1.493257, -0.817738, -0.417614, 0.009613
1.493761, -0.817013, -0.373936, -0.020542
1.494232, -0.842381, -0.396404, -0.029087
1.494756, -0.870705, -0.416756, -0.027676
1.495225, -0.864334, -0.410786, -0.081558
1.495702, -0.810223, -0.411415, -0.081577
1.496236, -0.767632, -0.421505, -0.042667
1.496736, -0.741711, -0.472355, -0.075779
1.497239, -0.737514, -0.509319, -0.058556
1.497734, -0.740452, -0.512409, -0.038967
1.498222, -0.752010, -0.530834, -0.068188
1.498708, -0.769634, -0.538387, -0.041676
1.499195, -0.780334, -0.544434, -0.024548
1.499688, -0.785408, -0.549698, -0.003281
1.500177, -0.791893, -0.553875, -0.018063
1.500753, -0.784607, -0.554600, -0.024185
1.501229, -0.777626, -0.544167, -0.008488
1.501732, -0.777760, -0.548515, -0.026722
1.502236, -0.775204, -0.539932, -0.012798
1.502707, -0.780067, -0.529156, -0.005970
1.503231, -0.781574, -0.523605, -0.012455
1.503694, -0.779171, -0.512409, -0.005741
1.504238, -0.778370, -0.509987, -0.003700
1.504708, -0.776615, -0.517845, -0.016518
1.505184, -0.777626, -0.512886, -0.019226
1.505719, -0.770912, -0.503941, -0.020561
1.506221, -0.769539, -0.491695, -0.014400
1.506692, -0.776863, -0.493431, 0.002136
1.507210, -0.788383, -0.481224, 0.021191
1.507703, -0.788651, -0.468922, 0.015602
1.508204, -0.792713, -0.455093, 0.021820
1.508692, -0.791988, -0.453625, 0.013542
1.509210, -0.788574, -0.450497, 0.018959
1.509704, -0.794353, -0.456371, 0.014706
1.510195, -0.798378, -0.451584, 0.008678
1.510695, -0.801544, -0.457020, 0.023308
1.511200, -0.808334, -0.462227, 0.024338
1.511702, -0.811539, -0.462093, 0.027008
1.512194, -0.810871, -0.470543, 0.025082
1.512723, -0.814896, -0.481930, 0.019016
1.513240, -0.824203, -0.485020, 0.020752
1.513726, -0.824509, -0.495319, 0.031414
1.514246, -0.820637, -0.498791, 0.032444
1.514709, -0.821209, -0.494900, 0.036755
1.515743, -0.815659, -0.513420, 0.051880
1.516218, -0.812435, -0.520096, 0.050621
1.516736, -0.804825, -0.527401, 0.052910
1.517213, -0.795155, -0.536003, 0.048885
1.517730, -0.786934, -0.544014, 0.037327
1.518203, -0.771351, -0.549641, 0.047722
1.518720, -0.768299, -0.553188, 0.052795
1.519255, -0.765915, -0.555515, 0.049515
1.519728, -0.768681, -0.545444, 0.054646
1.520201, -0.768318, -0.540791, 0.057526
1.520735, -0.771427, -0.536213, 0.063992
1.521762, -0.781517, -0.528088, 0.073719
1.522204, -0.785198, -0.521011, 0.076408
1.522707, -0.778389, -0.507851, 0.084209
1.523215, -0.782986, -0.497494, 0.079823
1.523714, -0.794697, -0.495338, 0.080376
1.524218, -0.819244, -0.488510, 0.080681
1.524751, -0.853615, -0.467148, 0.083828
1.525256, -0.890331, -0.434380, 0.081654
1.526221, -0.936375, -0.431023, 0.083103
1.526737, -0.943069, -0.438747, 0.083466
1.527222, -0.938816, -0.432796, 0.073509
1.527727, -0.941410, -0.416546, 0.081329
1.528212, -0.945854, -0.413723, 0.087261
1.528763, -0.948582, -0.410118, 0.072136
1.529226, -0.951824, -0.409203, 0.063953
1.529728, -0.948486, -0.414295, 0.064354
1.530257, -0.941811, -0.419159, 0.054207
1.530770, -0.929527, -0.429802, 0.045967
1.531225, -0.928879, -0.445652, 0.042725
1.531745, -0.929699, -0.449677, 0.030823
1.532256, -0.929737, -0.451317, 0.027637
1.532723, -0.922928, -0.450230, 0.035019
1.533227, -0.920525, -0.454922, 0.019989
1.533745, -0.920658, -0.449352, 0.008450
1.534263, -0.914917, -0.468369, -0.005894
1.534726, -0.906639, -0.494022, -0.004959
1.535225, -0.900383, -0.492859, -0.028191
1.535760, -0.894909, -0.498543, -0.017929
1.536263, -0.884666, -0.490112, -0.014458
1.536736, -0.873146, -0.509396, -0.029984
1.537241, -0.863476, -0.524578, -0.038509
1.537749, -0.859604, -0.533905, -0.063210
1.538366, -0.847759, -0.539246, -0.055218
1.538799, -0.839558, -0.539894, -0.065479
1.539241, -0.836658, -0.543575, -0.065899
1.539802, -0.824223, -0.552692, -0.046158
1.540309, -0.816174, -0.554161, -0.065422
1.540811, -0.809746, -0.563030, -0.071697
1.541314, -0.801506, -0.559940, -0.072289
1.541819, -0.793362, -0.560894, -0.072308
1.542320, -0.786400, -0.562115, -0.084324
1.542769, -0.781231, -0.570335, -0.082455
1.543297, -0.772266, -0.570488, -0.090256
1.543800, -0.767574, -0.578651, -0.091019
1.544257, -0.759716, -0.578060, -0.091152
1.544751, -0.749912, -0.572624, -0.084152
1.545242, -0.740471, -0.572262, -0.095577
1.545788, -0.733662, -0.574265, -0.098000
1.546263, -0.725212, -0.569496, -0.099201
1.546765, -0.720825, -0.568943, -0.096664
1.547255, -0.711288, -0.566463, -0.094814
1.547757, -0.702763, -0.565662, -0.097923
1.548249, -0.694981, -0.558167, -0.102081
1.548739, -0.685692, -0.554848, -0.101547
1.549773, -0.678234, -0.541344, -0.087986
1.550246, -0.676861, -0.535851, -0.096970
1.550741, -0.665169, -0.529232, -0.089417
1.551753, -0.656128, -0.519772, -0.092621
1.552245, -0.658360, -0.515728, -0.085468
1.552748, -0.658245, -0.509014, -0.068207
1.553265, -0.660114, -0.502796, -0.068550
1.553749, -0.661392, -0.501022, -0.066032
1.554276, -0.660877, -0.495720, -0.056896
1.554790, -0.664005, -0.483513, -0.059776
1.555250, -0.663757, -0.472927, -0.052090
1.555775, -0.668850, -0.466404, -0.044880
1.556279, -0.670242, -0.465260, -0.035172
1.556794, -0.668736, -0.458527, -0.031872
1.557800, -0.671864, -0.452442, -0.026722
1.558260, -0.674648, -0.448437, -0.017147
1.558779, -0.678654, -0.443287, -0.014324
1.559294, -0.674820, -0.444202, -0.005150
1.559753, -0.676537, -0.445309, -0.001698
1.560270, -0.682888, -0.445824, 0.001354
1.560766, -0.687122, -0.450611, 0.009842
1.561267, -0.685062, -0.452824, 0.016880
1.561767, -0.690498, -0.453300, 0.018177
1.562274, -0.686951, -0.453892, 0.032501
1.562787, -0.692883, -0.461388, 0.047894
1.563255, -0.698452, -0.469856, 0.051956
1.563782, -0.697174, -0.471306, 0.053444
1.564294, -0.706444, -0.473175, 0.055981
1.564809, -0.706863, -0.481548, 0.066013
1.565268, -0.717335, -0.474529, 0.068016
1.565772, -0.714951, -0.477676, 0.080128
1.566284, -0.715847, -0.479698, 0.088482
1.566798, -0.717163, -0.480766, 0.094585
1.567298, -0.718346, -0.477505, 0.099487
1.567773, -0.722256, -0.475597, 0.100327
1.568306, -0.727024, -0.478401, 0.106659
1.568780, -0.724373, -0.475845, 0.112953
1.569284, -0.723782, -0.476456, 0.121155
1.569772, -0.730000, -0.480595, 0.125885
1.570277, -0.728893, -0.480480, 0.130138
1.571299, -0.733833, -0.484123, 0.136433
1.571802, -0.735474, -0.487919, 0.146179
1.572306, -0.737171, -0.490494, 0.150108
1.572794, -0.739651, -0.493851, 0.154667
1.573283, -0.744762, -0.489273, 0.168171
1.573773, -0.752277, -0.490131, 0.170460
1.574320, -0.756741, -0.486927, 0.171738
1.574810, -0.767632, -0.491905, 0.180016
1.575314, -0.769825, -0.493717, 0.182095
1.575820, -0.776157, -0.496635, 0.189495
1.576307, -0.776386, -0.501823, 0.192223
1.576800, -0.779743, -0.503216, 0.203667
1.577279, -0.781975, -0.514584, 0.204258
1.577791, -0.787907, -0.519829, 0.207291
1.578305, -0.787201, -0.518799, 0.209332
1.578811, -0.788250, -0.523834, 0.212059
1.579307, -0.790577, -0.534477, 0.214882
1.579804, -0.795593, -0.538731, 0.209961
1.580335, -0.792046, -0.540905, 0.213356
1.580832, -0.794277, -0.542603, 0.209026
1.581335, -0.791874, -0.545254, 0.211391
1.581789, -0.793552, -0.551281, 0.216331
1.582309, -0.790482, -0.560055, 0.214119
1.582809, -0.792713, -0.559025, 0.207767
1.583320, -0.790691, -0.572910, 0.206871
1.583825, -0.778065, -0.576935, 0.192337
1.584312, -0.776939, -0.582485, 0.184956
1.584797, -0.769711, -0.588760, 0.180073
1.585285, -0.768147, -0.596027, 0.175247
1.585798, -0.765114, -0.594788, 0.169735
1.586381, -0.754852, -0.595970, 0.161324
1.586883, -0.752354, -0.602551, 0.156727
1.587374, -0.742435, -0.605106, 0.149975
1.587871, -0.741310, -0.606232, 0.145226
1.588367, -0.735607, -0.602741, 0.138340
1.588856, -0.733757, -0.603848, 0.135231
1.589345, -0.726929, -0.607910, 0.126419
1.589820, -0.720196, -0.611305, 0.124321
1.590366, -0.714912, -0.612106, 0.118980
1.590839, -0.716324, -0.613136, 0.114422
1.591358, -0.714645, -0.608158, 0.106373
1.591811, -0.714684, -0.607510, 0.100365
1.592351, -0.708809, -0.607414, 0.098267
1.592810, -0.712986, -0.601654, 0.091534
1.593313, -0.713501, -0.598030, 0.090332
1.593805, -0.721588, -0.598011, 0.091686
1.594325, -0.717831, -0.595531, 0.084839
1.594827, -0.721054, -0.594578, 0.086002
1.595321, -0.727196, -0.592766, 0.078754
1.595832, -0.731182, -0.591412, 0.083218
1.596337, -0.731468, -0.586700, 0.077591
1.596840, -0.738297, -0.583038, 0.080051
1.597342, -0.743046, -0.581303, 0.078087
1.597840, -0.749435, -0.577774, 0.076599
1.598352, -0.750980, -0.568867, 0.074654
1.598847, -0.749798, -0.565529, 0.074291
1.599345, -0.757236, -0.562401, 0.078602
1.599847, -0.764294, -0.559044, 0.085888
1.600351, -0.763721, -0.550919, 0.084591
1.600854, -0.769196, -0.548687, 0.087357
1.601833, -0.773849, -0.549622, 0.083389
1.602352, -0.780869, -0.550194, 0.085258
1.602854, -0.786438, -0.547314, 0.089874
1.603360, -0.793285, -0.542583, 0.090714
1.603849, -0.805454, -0.532837, 0.096016
1.604350, -0.814133, -0.543079, 0.101166
1.604845, -0.825367, -0.540543, 0.097599
1.605344, -0.830441, -0.539379, 0.104446
1.605848, -0.834312, -0.536480, 0.084686
1.606351, -0.838413, -0.531635, 0.108604
1.606813, -0.845165, -0.529003, 0.120029
1.607315, -0.855618, -0.538177, 0.105515
1.607833, -0.864620, -0.529327, 0.104618
1.608336, -0.875454, -0.527229, 0.101337
1.608825, -1.077595, -0.448380, 0.045166
1.609330, -2.152958, 0.523529, 0.051861
1.609819, -2.988319, 0.028667, 0.370636
1.610828, -2.037449, -1.642437, 0.237598
1.611825, -1.086788, -0.131874, -0.199108
1.612371, -0.805035, 0.637150, 0.064163
1.612870, -0.624428, 0.448017, 0.169373
1.613373, -0.677872, 0.356331, 0.249710
1.613862, -0.804482, 0.159512, 0.140209
1.614366, -0.945339, -0.016365, -0.083313
1.614855, -0.997219, -0.047436, 0.045338
1.615360, -0.990200, -0.219421, 0.058174
1.615863, -0.948734, -0.331497, 0.188808
1.616352, -0.924072, -0.499783, 0.159397
1.616843, -0.962543, -0.505733, 0.159740
1.617346, -0.991459, -0.489044, 0.168571
1.617848, -1.009140, -0.455341, 0.154171
1.618352, -1.010628, -0.455952, 0.138016
1.618855, -0.984974, -0.518837, 0.122185
1.619360, -0.956955, -0.563488, 0.144005
1.619864, -0.962543, -0.613480, 0.131531
1.620366, -0.951653, -0.571575, 0.062237
1.620870, -0.957355, -0.558434, -0.022335
1.621371, -0.942612, -0.594120, 0.006275
1.621875, -0.921783, -0.667057, -0.005798
1.622372, -0.893574, -0.677490, -0.021667
1.622872, -0.876732, -0.697460, -0.115719
1.623358, -0.861301, -0.635166, -0.148506
1.623846, -0.856133, -0.625648, -0.187988
1.624359, -0.847645, -0.613995, -0.201435
1.624855, -0.841923, -0.593510, -0.144577
1.625340, -0.826263, -0.584812, -0.195656
1.625876, -0.811920, -0.556850, -0.248489
1.626371, -0.807400, -0.506573, -0.184879
1.626852, -0.816650, -0.491104, -0.232811
1.627365, -0.819855, -0.469246, -0.254669
1.627849, -0.821991, -0.441532, -0.189896
1.628388, -0.818214, -0.447311, -0.192242
1.628860, -0.828514, -0.420532, -0.193272
1.629350, -0.862007, -0.423260, -0.173378
1.629891, -0.869980, -0.428143, -0.192261
1.630353, -0.850220, -0.421791, -0.169353
1.631373, -0.862064, -0.382977, -0.156498
1.631864, -0.872917, -0.373554, -0.149479
1.632445, -0.887413, -0.390816, -0.114918
1.632944, -0.886879, -0.384331, -0.074253
1.633448, -0.868282, -0.395279, -0.063248
1.633944, -0.845604, -0.405350, -0.088253
1.634439, -0.834179, -0.407963, -0.063267
1.634928, -0.841827, -0.417042, -0.076256
1.635432, -0.846672, -0.413628, -0.082226
1.635958, -0.859470, -0.410328, -0.059166
1.636405, -0.869656, -0.407639, -0.069389
1.636899, -0.861950, -0.418301, -0.075569
1.637375, -0.851898, -0.410957, -0.062332
1.637891, -0.858383, -0.422440, -0.056019
1.638409, -0.869274, -0.410767, -0.063057
1.638895, -0.879459, -0.416317, -0.072002
1.639388, -0.875950, -0.412865, -0.056744
1.639880, -0.871677, -0.427570, -0.070705
1.640376, -0.882225, -0.413952, -0.057774
1.640869, -0.888500, -0.415039, -0.053368
1.641403, -0.871544, -0.413303, -0.063248
1.641854, -0.881519, -0.422382, -0.070744
1.642381, -0.886078, -0.425091, -0.094185
1.642874, -0.885277, -0.430756, -0.079155
1.643365, -0.896950, -0.436516, -0.102806
1.643887, -0.903244, -0.447311, -0.071545
1.644357, -0.904045, -0.439434, -0.042343
1.645358, -0.922337, -0.447216, -0.019703
1.645915, -0.906601, -0.449810, 0.077076
1.646380, -0.892525, -0.470142, 0.023575
1.646883, -0.892429, -0.468006, -0.019646
1.647362, -0.862370, -0.422459, -0.079117
1.647906, -0.785561, -0.432072, -0.100994
1.648413, -0.729790, -0.418434, -0.066757
1.648915, -0.698509, -0.471401, -0.137596
1.649393, -0.751801, -0.443935, 0.022144
1.649900, -0.846958, -0.478973, 0.004063
1.650385, -0.930843, -0.513153, 0.111351
1.650870, -0.974789, -0.498180, 0.201817
1.651404, -0.952072, -0.482311, 0.109653
1.651878, -0.840607, -0.385685, 0.123272
1.652387, -0.726051, -0.265522, 0.010128
1.652916, -0.711346, -0.160313, -0.073662
1.653423, -0.754128, -0.235062, -0.029640
1.653908, -0.897884, -0.314178, 0.020180
1.654371, -1.093979, -0.476303, -0.050507
1.654914, -1.290855, -0.332909, 0.039730
1.655389, -1.253128, -0.345936, 0.004234
1.655970, -1.047707, -0.383396, 0.385799
1.656425, -0.871353, -0.537453, 0.226402
1.656929, -0.742111, -0.561771, 0.154934
1.657410, -0.645199, -0.407505, 0.127068
1.657902, -0.561485, -0.378227, -0.199699
1.658423, -0.543671, -0.283298, -0.151443
1.658889, -0.584698, -0.370350, -0.106373
1.659406, -0.685711, -0.456161, 0.046349
1.659922, -0.751038, -0.608501, -0.042877
1.660377, -0.870113, -0.697289, -0.009041
1.660923, -1.122627, -0.593491, 0.029736
1.661425, -1.231670, -0.685425, -0.171738
1.661921, -1.167049, -0.584888, 0.242157
1.662379, -0.979748, -0.466881, 0.075436
1.662894, -0.708847, -0.369453, -0.046711
1.663415, -0.571022, -0.343056, -0.064507
1.663921, -0.673065, -0.208721, -0.019665
1.664394, -0.786991, -0.470600, -0.290737
1.664913, -0.850697, -0.436020, 0.191288
1.665382, -0.806904, -0.573807, -0.057564
1.665957, -0.730400, -0.573406, -0.032368
1.666397, -0.709324, -0.424385, -0.123215
1.666909, -0.741920, -0.474930, -0.064869
1.667432, -0.829945, -0.626583, 0.018711
1.667914, -0.819702, -0.799904, 0.092411
1.668398, -0.679455, -0.816250, 0.115261
1.668914, -0.531826, -0.666943, 0.023346
1.669418, -0.461388, -0.508003, -0.117321
1.669924, -0.451469, -0.491848, -0.094604
1.670428, -0.534325, -0.441666, 0.016708
1.670947, -0.720253, -0.445004, -0.002098
1.671394, -0.840473, -0.507069, -0.016479
1.671900, -0.894814, -0.536327, 0.129662
1.672415, -0.925579, -0.704651, -0.056763
1.672917, -0.887623, -0.878544, -0.011616
1.673436, -0.840664, -0.711746, 0.223293
1.674398, -0.715237, -0.515308, -0.053558
1.674913, -0.734806, -0.277939, -0.028591
1.675424, -0.832634, -0.267677, 0.001793
1.675969, -0.919991, -0.388718, 0.013294
1.676424, -0.950699, -0.412540, 0.053005
1.676927, -0.911484, -0.601120, -0.142555
1.677432, -0.808620, -0.604305, 0.061436
1.677931, -0.682716, -0.707779, 0.008144
1.678429, -0.590553, -0.648632, 0.034695
1.678931, -0.587044, -0.449543, 0.007343
1.679509, -0.625401, -0.339012, -0.013523
1.679914, -0.723972, -0.372448, -0.005226
1.680487, -0.801697, -0.468388, 0.027065
1.681003, -0.846958, -0.560398, 0.057259
1.681404, -0.851688, -0.539913, 0.149689
1.681987, -0.794735, -0.641518, 0.049667
1.682487, -0.762291, -0.588722, 0.038548
1.682990, -0.774479, -0.500584, 0.136490
1.683509, -0.786133, -0.493832, 0.151997
1.683952, -0.813141, -0.486202, 0.156155
1.684455, -0.794296, -0.631485, 0.140171
1.684959, -0.766869, -0.620918, 0.176182
1.685463, -0.766582, -0.601768, 0.105381
1.686042, -0.767326, -0.593109, 0.128441
1.686457, -0.788403, -0.571957, 0.093288
1.686960, -0.825615, -0.532284, 0.140266
1.687421, -0.883312, -0.481682, 0.167274
1.687937, -0.879593, -0.576077, 0.115738
1.688440, -0.877266, -0.635910, 0.114689
1.688944, -0.867157, -0.690594, 0.081921
1.689443, -0.863304, -0.637188, 0.114174
1.689937, -0.840931, -0.616589, 0.087948
1.690432, -0.810795, -0.629578, 0.077724
1.690922, -0.795650, -0.614147, 0.135422
1.691419, -0.790825, -0.561676, 0.015945
1.692440, -0.764732, -0.561771, 0.071812
1.692944, -0.771332, -0.580292, 0.044899
1.693433, -0.788746, -0.557137, 0.074902
1.693973, -0.790749, -0.566235, 0.055065
1.694462, -0.782585, -0.588112, 0.089149
1.694958, -0.781784, -0.614529, 0.091133
1.695445, -0.777168, -0.606041, 0.081234
1.695965, -0.780334, -0.588913, 0.068169
1.696465, -0.788078, -0.582180, 0.046024
1.696965, -0.802956, -0.584888, 0.070400
1.697473, -0.795403, -0.586281, 0.108604
1.697947, -0.777931, -0.610771, 0.095100
1.698464, -0.765038, -0.598774, 0.121460
1.698941, -0.769806, -0.585194, 0.107937
1.699453, -0.772762, -0.561867, 0.118160
1.699981, -0.773640, -0.568314, 0.126648
1.700433, -0.761566, -0.569477, 0.130787
1.700954, -0.757980, -0.567589, 0.114822
1.701449, -0.759182, -0.563068, 0.104561
1.701961, -0.763321, -0.556717, 0.137329
1.702430, -0.769577, -0.535202, 0.166416
1.702954, -0.764656, -0.545597, 0.138340
1.703476, -0.757446, -0.543423, 0.122471
1.703935, -0.756950, -0.538273, 0.138073
1.704452, -0.765533, -0.539684, 0.099583
1.704966, -0.763817, -0.518265, 0.110359
1.705952, -0.755787, -0.505543, 0.140991
1.706441, -0.755730, -0.514545, 0.133076
1.706957, -0.765858, -0.513668, 0.131531
1.707462, -0.795612, -0.508556, 0.105953
1.707976, -0.843048, -0.472260, 0.112267
1.708453, -0.875244, -0.485096, 0.096092
1.708961, -0.913372, -0.447865, 0.105381
1.709461, -0.893631, -0.512314, 0.126610
1.709985, -0.867577, -0.508327, 0.113392
1.710441, -0.830002, -0.514050, 0.105362
1.710943, -0.812874, -0.469666, 0.097065
1.711452, -0.799789, -0.406914, 0.126419
1.711957, -0.784912, -0.408592, 0.127010
1.712469, -0.762806, -0.439072, 0.130749
1.712991, -0.759411, -0.426006, 0.104198
1.713477, -0.750961, -0.433369, 0.101013
1.713965, -0.739841, -0.426445, 0.090427
1.714454, -0.743217, -0.432644, 0.107613
1.714959, -0.827789, -0.430889, 0.071945
1.715461, -0.935783, -0.434093, 0.070114
1.715981, -0.943317, -0.451450, 0.097618
1.716499, -0.893898, -0.490398, 0.109806
1.717005, -0.833397, -0.510082, 0.103302
1.717980, -0.722103, -0.466976, 0.098953
1.718485, -0.685635, -0.492573, 0.069084
1.719002, -0.681152, -0.490665, 0.072212
1.719507, -0.696087, -0.490360, 0.072193
1.720485, -0.755596, -0.467434, 0.071430
1.720995, -0.794888, -0.472717, 0.059261
1.721984, -0.865097, -0.502033, 0.073929
1.722476, -0.845261, -0.513229, 0.064716
1.722975, -0.840969, -0.527916, 0.050488
1.723480, -0.874004, -0.509796, 0.029106
1.723985, -0.857525, -0.544014, 0.042896
1.724487, -0.811558, -0.563641, 0.071354
1.725129, -0.783863, -0.572681, 0.041313
1.725495, -0.798454, -0.521030, 0.052052
1.726003, -0.812187, -0.488644, 0.040760
1.726610, -0.793438, -0.496635, 0.055714
1.726971, -0.773754, -0.532303, 0.048103
1.727468, -0.770798, -0.522499, 0.038033
1.728119, -0.788727, -0.504150, 0.006523
1.728574, -0.820045, -0.503082, 0.020485
1.729639, -0.812969, -0.518761, 0.000134
1.730044, -0.811901, -0.503044, 0.009384
1.730547, -0.837326, -0.494995, 0.004292
1.731022, -0.867939, -0.498981, 0.017548
1.731509, -0.870857, -0.506535, 0.031605
1.731995, -0.873623, -0.505924, 0.021782
1.732523, -0.875301, -0.499420, 0.025539
1.732979, -0.871334, -0.492344, 0.009422
1.733507, -0.882721, -0.497055, -0.001221
1.733970, -0.916634, -0.500298, 0.015106
1.734536, -0.950832, -0.510693, 0.034256
1.734989, -0.939903, -0.511684, 0.053349
1.735501, -0.877686, -0.507736, 0.005970
1.736057, -0.822372, -0.467701, 0.034676
1.737017, -0.744839, -0.471516, -0.016079
1.737976, -0.745411, -0.498123, 0.003223
1.738490, -0.744553, -0.505276, -0.008812
1.739005, -0.737324, -0.506916, -0.005665
1.739513, -0.729733, -0.497341, -0.015011
1.739980, -0.728168, -0.496407, -0.003891
1.740495, -0.721931, -0.481815, 0.002842
1.741003, -0.724125, -0.482655, 0.022011
1.741505, -0.786209, -0.470390, 0.009460
1.741997, -0.874691, -0.458775, -0.019703
1.742500, -0.971241, -0.465679, -0.004635
1.743004, -1.032047, -0.506611, -0.016212
1.743503, -1.031704, -0.468235, -0.016022
1.743986, -1.031227, -0.403385, 0.021324
1.744532, -1.022568, -0.410290, 0.037518
1.745016, -0.988731, -0.434036, 0.052128
1.745502, -0.951691, -0.506058, 0.044689
1.746026, -0.919247, -0.527802, 0.043240
1.747019, -0.895061, -0.553112, -0.038757
1.747525, -0.905247, -0.562057, -0.019989
1.748026, -0.894928, -0.553703, -0.016422
1.748530, -0.888100, -0.548592, -0.017681
1.749034, -0.887413, -0.526848, -0.022049
1.749538, -0.878773, -0.506859, -0.027618
1.750040, -0.875130, -0.496902, -0.031548
1.750530, -0.876713, -0.489616, -0.031166
1.751033, -0.885201, -0.485554, -0.032558
1.751536, -0.886879, -0.485229, -0.053196
1.752040, -0.900669, -0.477715, -0.066242
1.752530, -0.902367, -0.475235, -0.055561
1.753033, -0.906620, -0.473309, -0.054340
1.753537, -0.913582, -0.466976, -0.049629
1.754025, -0.909672, -0.468864, -0.045624
1.754529, -0.901432, -0.463753, -0.061111
1.755018, -0.897102, -0.464706, -0.058460
1.755522, -0.895462, -0.466213, -0.050526
1.756035, -0.881748, -0.463409, -0.038700
1.756543, -0.871925, -0.467529, -0.032482
1.757034, -0.868053, -0.477085, -0.034885
1.757537, -0.869217, -0.485725, -0.039024
1.758041, -0.873623, -0.492573, -0.037327
1.758543, -0.871296, -0.494881, -0.040188
1.759034, -0.866146, -0.493965, -0.029640
1.759541, -0.867062, -0.495968, -0.026493
1.760027, -0.869503, -0.494003, -0.021057
1.760525, -0.870113, -0.494289, -0.015526
1.761010, -0.868301, -0.494270, -0.008965
1.761554, -0.865803, -0.487137, -0.013180
1.762038, -0.871582, -0.484066, -0.013390
1.762530, -0.864220, -0.480957, -0.007591
1.763018, -0.852814, -0.474377, -0.008831
1.763531, -0.843487, -0.471191, -0.000038
1.764026, -0.835266, -0.471745, 0.000820
1.764530, -0.831985, -0.466557, 0.001907
1.765038, -0.824089, -0.461884, 0.002346
1.765537, -0.819702, -0.460033, 0.005322
1.766012, -0.817490, -0.455074, 0.005169
1.766552, -0.817738, -0.448933, 0.006466
1.767054, -0.816460, -0.443516, 0.012646
1.767562, -0.819225, -0.432911, 0.012684
1.768054, -0.814953, -0.423622, 0.011921
1.768548, -0.814438, -0.416489, 0.019035
1.769550, -0.818176, -0.409317, 0.027809
1.770068, -0.817223, -0.405369, 0.028038
1.770529, -0.815334, -0.405922, 0.031071
1.771049, -0.816021, -0.402813, 0.035686
1.771546, -0.818615, -0.400620, 0.038776
1.772020, -0.814743, -0.403900, 0.045242
1.772558, -0.816402, -0.399666, 0.051022
1.773035, -0.818520, -0.401821, 0.051689
1.773551, -0.815144, -0.403290, 0.059452
1.774043, -0.815163, -0.410461, 0.067997
1.774530, -0.814342, -0.411034, 0.072765
1.775114, -0.818176, -0.404835, 0.074120
1.775584, -0.816174, -0.414047, 0.080051
1.776116, -0.822048, -0.419998, 0.086575
1.776617, -0.819950, -0.421371, 0.087891
1.777095, -0.822659, -0.424805, 0.088463
1.777570, -0.818825, -0.429478, 0.088196
1.778076, -0.817642, -0.430183, 0.091305
1.778591, -0.820236, -0.432434, 0.093212
1.779049, -0.817986, -0.433846, 0.092335
1.779598, -0.820637, -0.432796, 0.088673
1.780088, -0.824528, -0.434837, 0.088673
1.780588, -0.818081, -0.435886, 0.087738
1.781111, -0.816536, -0.437603, 0.089569
1.781567, -0.819855, -0.439034, 0.091267
1.782069, -0.820789, -0.440674, 0.093079
1.782573, -0.815945, -0.441494, 0.090618
1.783061, -0.820847, -0.446606, 0.087280
1.783537, -0.828686, -0.449867, 0.088749
1.784548, -0.824509, -0.448685, 0.089378
1.785077, -0.838699, -0.454788, 0.082703
1.785567, -0.883160, -0.463734, 0.080166
1.786042, -0.913258, -0.462151, 0.079594
1.786572, -0.872822, -0.448418, 0.096340
1.787093, -0.845451, -0.442944, 0.081940
1.788071, -0.851727, -0.463848, 0.089397
1.788576, -0.866261, -0.472317, 0.084591
1.789078, -0.874176, -0.478706, 0.079918
1.789582, -0.884705, -0.483932, 0.079002
1.790073, -0.897121, -0.485592, 0.076656
1.790572, -0.908318, -0.485382, 0.078621
1.791057, -0.926056, -0.491524, 0.076923
1.791550, -0.939388, -0.488358, 0.069637
1.792084, -0.958824, -0.488071, 0.068436
1.792559, -0.969906, -0.487309, 0.068111
1.793047, -0.978241, -0.492973, 0.073624
1.793547, -0.978642, -0.498676, 0.068092
1.794071, -0.978451, -0.510845, 0.068169
1.794591, -0.973129, -0.518322, 0.063248
1.795062, -0.940819, -0.521622, 0.064926
1.795572, -0.920506, -0.543079, 0.042686
1.796105, -0.924263, -0.559349, 0.036163
1.796588, -0.943146, -0.560284, 0.007305
1.797079, -0.949955, -0.570164, 0.019226
1.797552, -0.934544, -0.562115, 0.004177
1.798085, -0.908146, -0.563354, 0.009003
1.798573, -0.869904, -0.540676, 0.001087
1.799078, -0.836048, -0.537968, 0.001774
1.799556, -0.847893, -0.532322, -0.019760
1.800101, -0.886040, -0.537243, -0.004101
1.800573, -0.959377, -0.543213, -0.027256
1.801107, -1.054897, -0.518360, -0.021496
1.801600, -1.127052, -0.493298, -0.005150
1.802563, -1.243553, -0.438099, 0.006428
1.803111, -1.301632, -0.435009, 0.009842
1.803570, -1.342525, -0.431118, 0.018444
1.804086, -1.316566, -0.440025, 0.055370
1.805095, -1.137161, -0.464897, 0.065289
1.805566, -1.054974, -0.495758, 0.053596
1.806114, -0.932693, -0.534401, 0.024700
1.806600, -0.909176, -0.659351, -0.041008
1.808102, -1.289062, -0.822849, -0.116806
1.808573, -1.240406, -0.687923, -0.045509
1.809095, -0.888367, -0.476627, -0.010509
1.810103, -0.734806, -0.681095, -0.018959
1.810606, -0.871677, -0.911617, -0.125484
1.811108, -0.904751, -0.805912, 0.097008
1.811581, -0.967064, -0.723610, -0.150890
1.812092, -1.081982, -0.646973, -0.304470
1.812594, -1.112385, -0.652943, -0.200939
1.813612, -0.960560, -0.538960, -0.092735
1.814117, -0.775528, -0.444946, -0.092888
1.814618, -0.790138, -0.377827, -0.199909
1.815122, -0.829544, -0.440865, 0.099792
1.815627, -0.787735, -0.542889, 0.055294
1.816104, -0.855675, -0.540829, -0.112438
1.816619, -0.910091, -0.499496, -0.182533
1.817124, -0.887470, -0.420761, -0.145054
1.817626, -0.605640, -0.385189, 0.079575
1.818132, -0.308361, -0.479374, 0.150471
1.818682, -0.380344, -0.574799, 0.000782
1.819124, -0.804081, -0.721340, -0.018082
1.819687, -1.174507, -0.813656, -0.301342
1.820194, -1.311054, -0.606842, -0.267830
1.820604, -1.354084, -0.409012, 0.032196
1.821167, -1.210423, -0.173702, 0.255070
1.821675, -0.912380, -0.060062, 0.438061
1.822175, -0.756798, -0.043736, 0.318012
1.822692, -0.829792, -0.029278, 0.212193
1.823702, -1.108742, -0.462513, 0.054836
1.824165, -1.076660, -0.680218, 0.129929
1.824634, -0.913963, -0.681400, 0.164032
1.825139, -0.578518, -0.376358, 0.270729
1.825656, -0.361633, -0.364056, 0.206871
1.826160, -0.497990, -0.411358, 0.078030
1.826668, -0.752335, -0.737629, -0.037289
1.827101, -1.057034, -0.848446, -0.183926
1.827652, -1.117935, -0.761166, -0.331726
1.828098, -0.854168, -0.426941, -0.015850
1.828610, -0.552788, -0.257359, 0.404739
1.829126, -0.591984, -0.302811, -0.000706
1.829647, -1.033382, -0.513744, -0.286312
1.830103, -1.486187, -0.542221, -0.265160
1.830620, -1.485424, -0.457687, -0.425224
1.831139, -0.942268, -0.402756, -0.115604
1.831599, -0.226040, 0.121746, 0.362968
1.832101, -0.070324, 0.209217, 0.534172
1.832621, -0.362072, -0.204620, 0.463352
1.833137, -0.771618, -0.890350, -0.063820
1.833636, -0.987988, -1.165943, -0.099678
1.834129, -0.999317, -1.019096, -0.251560
1.834634, -0.944939, -0.715866, -0.628834
1.835143, -0.918694, -0.631466, -0.373363
1.836146, -0.679703, -0.276508, 0.361309
1.836655, -0.376778, -0.113125, 0.377388
1.837127, -0.407867, -0.288734, 0.248985
1.837627, -0.702572, -0.462132, 0.150433
1.838130, -0.951290, -0.738869, -0.118923
1.838628, -1.167831, -0.731468, -0.291634
1.839121, -1.367054, -0.581627, -0.169716
1.839626, -1.382618, -0.274487, 0.278931
1.840130, -1.144238, -0.109863, 0.375900
1.840607, -0.855484, 0.021343, 0.279064
1.841127, -0.661926, 0.052471, 0.280476
1.841630, -0.710945, -0.154171, 0.172920
1.842132, -0.851326, -0.416508, -0.063686
1.842620, -0.859547, -0.669174, 0.061302
1.843114, -0.831318, -0.775299, 0.031834
1.843618, -0.933762, -0.807896, 0.069065
1.844120, -1.022530, -0.688496, 0.072556
1.844635, -0.859814, -0.514183, 0.218086
1.845145, -0.727215, -0.467739, 0.123425
1.845662, -0.642776, -0.330448, 0.060654
1.846123, -0.523911, -0.272083, 0.031128
1.846643, -0.474339, -0.538731, -0.208530
1.847161, -0.653648, -0.803738, -0.000458
1.847617, -0.906963, -1.107540, 0.036182
1.848133, -1.171646, -0.941029, -0.024242
1.848647, -1.252441, -0.579948, 0.051098
1.849117, -1.003437, -0.360737, 0.044575
1.849646, -0.520458, -0.099621, 0.023804
1.850162, -0.344143, -0.143871, -0.104179
1.850625, -0.647449, -0.423374, -0.160713
1.851136, -1.012058, -0.741520, -0.236473
1.851650, -1.144199, -0.815525, -0.133476
1.852171, -0.946522, -0.535717, -0.025368
1.852632, -0.705261, -0.291328, 0.001659
1.853146, -0.640736, -0.194569, 0.050602
1.853668, -0.699921, -0.389824, 0.153809
1.854128, -0.651283, -0.452328, -0.006409
1.854632, -0.609016, -0.582542, 0.050945
1.855163, -0.644531, -0.483532, 0.043259
1.855670, -0.741920, -0.570145, 0.039558
1.856149, -0.859489, -0.713139, -0.082970
1.857167, -0.912533, -0.601158, -0.123272
1.857679, -0.921879, -0.522747, 0.018063
1.858146, -0.852165, -0.430069, 0.177917
1.858653, -0.751648, -0.442066, 0.119495
1.859153, -0.686626, -0.281124, 0.090122
1.859640, -0.572433, -0.127525, 0.179443
1.860140, -0.473385, -0.319195, 0.154400
1.860667, -0.560741, -0.546799, 0.078373
1.861138, -0.750046, -0.744171, 0.083866
1.861665, -0.828323, -0.715675, -0.011253
1.862137, -0.858517, -0.622005, -0.216713
1.863166, -0.937424, -0.396595, -0.188847
1.863651, -0.945492, -0.401630, -0.056267
1.864143, -0.821419, -0.315952, 0.031910
1.864692, -0.682888, -0.356083, 0.057049
1.865180, -0.663738, -0.269737, 0.239468
1.865673, -0.690727, -0.264721, 0.203953
1.866147, -0.746212, -0.466633, -0.016022
1.866649, -0.763779, -0.435638, 0.133228
1.867157, -0.767021, -0.533981, -0.019531
1.867644, -0.804806, -0.604744, -0.110111
1.868146, -0.815754, -0.547447, -0.102329
1.868769, -0.772800, -0.438442, -0.024014
1.870300, -0.747452, -0.560951, -0.079479
1.870783, -0.765781, -0.638084, -0.090714
1.871288, -0.742931, -0.582275, -0.070457
1.871781, -0.678158, -0.515766, 0.037613
1.872227, -0.635262, -0.402813, 0.087471
1.872767, -0.663528, -0.406380, 0.021133
1.873214, -0.752277, -0.514297, -0.057583
1.873671, -0.816708, -0.662746, -0.059643
1.874294, -0.849876, -0.687389, -0.142670
1.874678, -0.863762, -0.672131, -0.162582
1.875181, -0.862846, -0.537415, -0.109158
1.875699, -0.843296, -0.501881, -0.091515
1.876192, -0.795441, -0.486736, -0.089283
1.876693, -0.731754, -0.435390, 0.022411
1.877159, -0.677814, -0.365524, -0.028515
1.877687, -0.656261, -0.415573, -0.038319
1.878190, -0.661926, -0.405502, -0.080681
1.878687, -0.701962, -0.437050, -0.050564
1.879190, -0.740585, -0.479240, -0.019093
1.879695, -0.758915, -0.549431, -0.036507
1.880168, -0.766582, -0.552578, -0.006657
1.880677, -0.770950, -0.572720, -0.029736
1.881191, -0.791969, -0.482006, -0.043583
1.881701, -0.817623, -0.468655, -0.015411
1.882205, -0.832100, -0.477066, 0.029583
1.883691, -0.867977, -0.456944, 0.022564
1.884199, -0.857430, -0.420132, 0.022678
1.884699, -0.862808, -0.443630, 0.013828
1.885169, -0.868530, -0.431194, 0.036201
1.885705, -0.868778, -0.427780, 0.014954
1.886192, -0.867996, -0.411224, 0.005589
1.886707, -0.859299, -0.389843, 0.037594
1.887213, -0.857029, -0.401421, 0.034466
1.887705, -0.863457, -0.406837, 0.019226
1.888204, -0.867386, -0.409832, 0.028534
1.888698, -0.866776, -0.411472, 0.010357
1.889197, -0.875492, -0.420399, 0.002518
1.889699, -0.888157, -0.405369, 0.020714
1.890189, -0.895405, -0.421124, 0.002041
1.890695, -0.901394, -0.405102, -0.001774
1.891196, -0.902920, -0.407867, 0.017090
1.891699, -0.904655, -0.402241, 0.006256
1.892203, -0.906410, -0.407791, 0.016041
1.892692, -0.905323, -0.407295, 0.018177
1.893182, -0.903358, -0.412884, -0.006142
1.894188, -0.900478, -0.416756, -0.009079
1.894729, -0.898190, -0.423298, -0.019932
1.895216, -0.893040, -0.433483, -0.014801
1.895703, -0.889664, -0.443211, -0.006943
1.896189, -0.888004, -0.449600, -0.016613
1.896693, -0.886803, -0.459213, -0.019798
1.897196, -0.879135, -0.471554, -0.022144
1.897695, -0.875320, -0.475960, -0.033531
1.898189, -0.867271, -0.481491, -0.032082
1.898729, -0.859165, -0.488319, -0.044117
1.899226, -0.852070, -0.497398, -0.046177
1.899729, -0.845451, -0.510216, -0.049381
1.900219, -0.837135, -0.520878, -0.057602
1.900722, -0.829029, -0.522919, -0.058670
1.901211, -0.822296, -0.525341, -0.061760
1.901701, -0.812931, -0.532112, -0.068722
1.902203, -0.805950, -0.534859, -0.068626
1.902708, -0.798321, -0.539684, -0.075016
1.903198, -0.789890, -0.539322, -0.075951
1.903699, -0.786724, -0.542450, -0.075130
1.904190, -0.774937, -0.540295, -0.078869
1.904693, -0.766430, -0.541477, -0.088444
1.905197, -0.754910, -0.539036, -0.090599
1.905700, -0.751495, -0.537777, -0.085506
1.906694, -0.745525, -0.535278, -0.091553
1.907197, -0.743484, -0.531902, -0.093632
1.907700, -0.739880, -0.525780, -0.090981
1.908203, -0.729198, -0.525894, -0.093708
1.908751, -0.732956, -0.524788, -0.088120
1.909241, -0.726700, -0.522022, -0.088596
1.909710, -0.721359, -0.519371, -0.091972
1.910203, -0.716476, -0.517960, -0.094376
1.910696, -0.711174, -0.517540, -0.091305
1.911232, -0.707417, -0.517616, -0.089378
1.911719, -0.701294, -0.518150, -0.091667
1.912232, -0.697327, -0.521564, -0.091324
1.912736, -0.687771, -0.520401, -0.089874
1.913241, -0.688076, -0.517921, -0.087490
1.913818, -0.686626, -0.511379, -0.091286
1.914711, -0.679169, -0.514469, -0.089588
1.915314, -0.676041, -0.517216, -0.088329
1.915819, -0.674591, -0.514545, -0.087852
1.916290, -0.670605, -0.517731, -0.084591
1.916795, -0.667362, -0.517998, -0.083256
1.917269, -0.663033, -0.516853, -0.081577
1.917775, -0.658016, -0.513897, -0.079079
1.918263, -0.649300, -0.515270, -0.080776
1.918766, -0.643024, -0.514698, -0.076141
1.919258, -0.643921, -0.518284, -0.078239
1.919759, -0.637856, -0.516434, -0.079746
1.920263, -0.634670, -0.519352, -0.077629
1.920736, -0.635128, -0.523205, -0.076466
1.921243, -0.636406, -0.522232, -0.077133
1.921761, -0.632439, -0.523891, -0.076046
1.922220, -0.636044, -0.524254, -0.072613
1.922753, -0.631657, -0.524769, -0.075607
1.923212, -0.630550, -0.525646, -0.075245
1.923740, -0.629978, -0.531597, -0.073509
1.924261, -0.629978, -0.533371, -0.073967
1.924723, -0.622768, -0.533657, -0.076027
1.925236, -0.621929, -0.536957, -0.072517
1.925758, -0.620518, -0.540485, -0.070286
1.926228, -0.614262, -0.541630, -0.071831
1.926750, -0.618896, -0.544662, -0.070076
1.927249, -0.617466, -0.539665, -0.074406
1.927755, -0.613060, -0.536385, -0.073357
1.928253, -0.607719, -0.535622, -0.071659
1.928757, -0.602932, -0.537663, -0.075798
1.929266, -0.605450, -0.535717, -0.067654
1.929759, -0.599651, -0.534897, -0.065956
1.930263, -0.599689, -0.535088, -0.061054
1.930767, -0.601330, -0.532131, -0.061111
1.931270, -0.608616, -0.533047, -0.052605
1.931774, -0.610447, -0.532799, -0.051212
1.932233, -0.608463, -0.535431, -0.042915
1.932751, -0.613403, -0.531578, -0.033455
1.933240, -0.612392, -0.532227, -0.023403
1.933745, -0.614452, -0.534134, -0.021534
1.934249, -0.620842, -0.534706, -0.020237
1.934738, -0.623226, -0.541134, -0.004482
1.935240, -0.628548, -0.540371, -0.000343
1.935744, -0.632839, -0.536747, 0.010986
1.936248, -0.641022, -0.539036, 0.020542
1.936751, -0.648193, -0.547695, 0.029869
1.937762, -0.654945, -0.557156, 0.045700
1.938236, -0.664997, -0.559616, 0.050297
1.938742, -0.668240, -0.561028, 0.058842
1.939242, -0.670052, -0.557461, 0.066013
1.939793, -0.677528, -0.563526, 0.073643
1.940267, -0.682411, -0.574074, 0.079823
1.940761, -0.686226, -0.577679, 0.089970
1.941270, -0.688324, -0.577374, 0.091038
1.941780, -0.695896, -0.583324, 0.092545
1.942292, -0.697536, -0.584869, 0.100479
1.942743, -0.698261, -0.590591, 0.109501
1.943242, -0.697174, -0.593090, 0.108814
1.943757, -0.690422, -0.595760, 0.110836
1.944260, -0.699215, -0.599213, 0.112953
1.944770, -0.701294, -0.600586, 0.110302
1.945274, -0.698261, -0.600643, 0.114365
1.945789, -0.701103, -0.595474, 0.117970
1.946279, -0.709019, -0.599861, 0.117378
1.946781, -0.706558, -0.603828, 0.119324
1.947257, -0.707531, -0.601845, 0.119781
1.947762, -0.713081, -0.603600, 0.116901
1.948284, -0.714817, -0.605888, 0.118923
1.948795, -0.718040, -0.609112, 0.118694
1.949288, -0.713596, -0.612583, 0.117245
1.950278, -0.712395, -0.614605, 0.115433
1.950795, -0.709209, -0.616550, 0.116463
1.951294, -0.705147, -0.622158, 0.114365
1.951762, -0.705624, -0.625725, 0.115852
1.952262, -0.708618, -0.623550, 0.114231
1.952787, -0.701370, -0.624504, 0.117683
1.953256, -0.701752, -0.621166, 0.112495
1.953770, -0.702477, -0.625515, 0.113640
1.954281, -0.705910, -0.626812, 0.109615
1.954807, -0.705090, -0.627365, 0.109444
1.955285, -0.710983, -0.620689, 0.107651
1.956278, -0.716324, -0.626373, 0.116711
1.956758, -0.720711, -0.625401, 0.120316
1.957270, -0.724468, -0.621967, 0.119610
1.957793, -0.729160, -0.618954, 0.115910
1.958307, -0.730228, -0.614891, 0.113125
1.958798, -0.732327, -0.609283, 0.111809
1.959303, -0.736103, -0.612564, 0.118980
1.959804, -0.739994, -0.610886, 0.116673
1.960358, -0.736465, -0.605469, 0.116005
1.960784, -0.742111, -0.601044, 0.112019
1.961268, -0.741882, -0.600548, 0.114765
1.961859, -0.745163, -0.596848, 0.110474
1.962353, -0.742645, -0.593281, 0.106201
1.962856, -0.742836, -0.583591, 0.107689
1.963360, -0.744209, -0.583687, 0.113354
1.963863, -0.743351, -0.580463, 0.119152
1.964358, -0.737228, -0.576077, 0.119286
1.964848, -0.738964, -0.573730, 0.116711
1.965344, -0.740967, -0.572014, 0.110493
1.965849, -0.738869, -0.567017, 0.105591
1.966323, -0.734024, -0.566330, 0.112152
1.966819, -0.735817, -0.563164, 0.114594
1.967315, -0.738621, -0.558224, 0.110111
1.967818, -0.738297, -0.555649, 0.109749
1.968323, -0.743008, -0.554008, 0.113926
1.968811, -0.741272, -0.558434, 0.113792
1.969315, -0.744209, -0.553589, 0.108395
1.969812, -0.749474, -0.551014, 0.107975
1.970307, -0.756454, -0.548210, 0.110683
1.970795, -0.765934, -0.544662, 0.115757
1.971300, -0.787182, -0.535316, 0.125446
1.971804, -0.802689, -0.539608, 0.110474
1.972308, -0.805302, -0.543976, 0.103607
1.972811, -0.809250, -0.543823, 0.107765
1.973300, -0.814629, -0.539646, 0.099316
1.973804, -0.822124, -0.527954, 0.100021
1.974308, -0.840969, -0.522175, 0.116653
1.974810, -0.862465, -0.513763, 0.114479
1.975302, -0.879841, -0.515728, 0.114288
1.975805, -0.901337, -0.484772, 0.117264
1.976297, -1.185856, -0.394993, 0.043488
1.976795, -2.571793, 0.804405, 0.004463
1.977810, -2.882671, -1.188507, -0.095749
1.978293, -2.150631, -1.757584, 0.281696
1.978831, -1.616478, -1.460762, -0.465946
1.979336, -1.248646, 0.224380, -0.006866
1.979792, -0.849342, 0.827026, -0.119476
1.980293, -0.597134, 0.465946, 0.068989
1.980800, -0.646324, 0.442810, 0.295315
1.981316, -0.816326, 0.296726, 0.133400
1.981833, -1.081810, 0.048275, -0.128536
1.982351, -1.246891, -0.046940, 0.085964
1.982795, -1.260052, -0.210876, 0.145988
1.983313, -1.114826, -0.243607, 0.243168
1.983826, -0.916805, -0.359058, 0.253048
1.984317, -0.866394, -0.385761, 0.232182
1.984812, -0.913868, -0.432129, 0.192451
1.985318, -0.945549, -0.441437, 0.239468
1.985822, -0.940018, -0.466022, 0.139408
1.986338, -0.920982, -0.547199, 0.116138
1.986840, -0.932484, -0.547962, 0.189056
1.987344, -0.999165, -0.576286, 0.120907
1.987848, -1.009960, -0.559273, 0.095615
1.988812, -0.959911, -0.526257, 0.085526
1.989315, -0.913277, -0.596867, 0.001087
1.989804, -0.876102, -0.597382, -0.027103
1.990341, -0.865974, -0.657120, -0.146484
1.990826, -0.881023, -0.632095, -0.167027
1.992336, -0.884132, -0.619793, -0.162544
1.993829, -0.835190, -0.485573, -0.230541
1.994352, -0.824223, -0.468845, -0.253830
1.994830, -0.800705, -0.498619, -0.309944
1.995341, -0.771484, -0.481586, -0.154514
1.995845, -0.747757, -0.500622, -0.172195
1.996333, -0.737915, -0.456028, -0.196285
1.996851, -0.757694, -0.406151, -0.140991
1.997847, -0.767479, -0.412445, -0.225182
1.998307, -0.820541, -0.384731, -0.206394
1.998826, -0.952225, -0.375462, -0.312843
1.999337, -0.999851, -0.352898, -0.207005
1.999847, -0.984688, -0.330048, -0.016289
2.000845, -0.975800, -0.316620, 0.073624
2.001361, -0.927505, -0.297527, 0.042973
2.001824, -0.857944, -0.321350, -0.039482
2.002339, -0.792179, -0.392685, -0.038071
2.002868, -0.731964, -0.386162, -0.001068
2.003358, -0.700951, -0.378437, 0.020714
2.003832, -0.741539, -0.273495, -0.084991
2.004321, -0.825500, -0.317059, -0.208073
2.004869, -0.867863, -0.372963, -0.001526
2.005358, -0.856419, -0.537853, 0.063057
2.005847, -0.821362, -0.585442, 0.051575
2.006366, -0.782356, -0.508823, 0.135365
2.006928, -0.741367, -0.396271, 0.101738
2.007432, -0.679188, -0.374031, 0.038948
2.007913, -0.639153, -0.316277, 0.059910
2.008410, -0.671005, -0.223618, 0.023460
2.008912, -0.812492, -0.191383, -0.171585
2.009404, -0.984287, -0.237122, -0.248013
2.009976, -1.072960, -0.332584, -0.115871
2.010424, -1.062164, -0.428009, -0.072556
2.010977, -0.983315, -0.414104, 0.100842
2.011401, -0.883522, -0.350761, 0.255051
2.011943, -0.839386, -0.312939, 0.151806
2.012434, -0.848808, -0.307751, 0.017376
2.012930, -0.865993, -0.284443, -0.057201
2.013425, -0.917492, -0.264797, -0.197582
2.013909, -0.944824, -0.332603, -0.319328
2.014398, -0.919743, -0.355816, -0.060329
2.014885, -0.918636, -0.471668, -0.039577
2.015375, -0.895500, -0.523453, 0.052929
2.015867, -0.826015, -0.491047, 0.216293
2.016397, -0.734425, -0.491238, -0.002232
2.016875, -0.726929, -0.439816, -0.133343
2.017390, -0.846958, -0.413475, -0.181465
2.017848, -0.965137, -0.500507, -0.191746
2.018380, -1.000710, -0.625706, 0.009899
2.018869, -1.040783, -0.659790, -0.088520
2.020358, -0.996056, -0.588703, -0.016804
2.020836, -1.022835, -0.480576, 0.030346
2.021392, -0.973282, -0.408859, -0.033894
2.021876, -0.884743, -0.400162, -0.077667
2.022858, -0.785770, -0.466080, -0.138645
2.023848, -0.708294, -0.413189, -0.128860
2.024377, -0.747547, -0.487843, -0.099373
2.025375, -0.890045, -0.497475, -0.158596
2.025857, -1.046104, -0.509586, -0.284996
2.026392, -1.215153, -0.574093, -0.137558
2.026855, -1.215267, -0.633488, -0.049496
2.027352, -1.001682, -0.716000, 0.114384
2.028376, -0.644512, -0.459328, 0.165005
2.028871, -0.532494, -0.360794, 0.060444
2.029862, -0.590057, -0.470886, -0.007019
2.030388, -0.694351, -0.493584, -0.316105
2.030901, -0.803680, -0.323658, -0.289898
2.031404, -0.954437, -0.260715, -0.322781
2.032381, -1.090183, -0.468979, 0.106220
2.032886, -1.054764, -0.503693, 0.265770
2.033389, -0.990067, -0.383568, 0.139942
2.033883, -0.967312, -0.321445, 0.173340
2.034382, -1.019840, -0.267639, 0.062637
2.034886, -1.052132, -0.318394, -0.174084
2.035376, -1.018028, -0.283527, 0.037231
2.035869, -0.913582, -0.251846, 0.108700
2.036382, -0.791416, -0.326729, -0.105877
2.036885, -0.782032, -0.297680, -0.033894
2.037391, -0.793495, -0.316563, -0.096302
2.037893, -0.783787, -0.409679, -0.110664
2.038398, -0.768471, -0.526562, -0.032673
2.038886, -0.752525, -0.592937, 0.111027
2.039391, -0.760193, -0.610428, 0.095596
2.039914, -0.779247, -0.549335, 0.038395
2.040902, -0.701809, -0.514851, -0.086060
2.041419, -0.701885, -0.527248, -0.017262
2.041866, -0.748901, -0.524101, -0.070419
2.042377, -0.785999, -0.567017, 0.036449
2.042914, -0.848675, -0.530758, 0.188808
2.043373, -0.891838, -0.587044, 0.052891
2.043879, -0.903149, -0.553875, 0.237961
2.044376, -0.887985, -0.537472, 0.143223
2.044906, -0.857620, -0.485878, -0.002441
2.045399, -0.840549, -0.446949, 0.012226
2.045937, -0.830021, -0.390606, 0.026360
2.046404, -0.842438, -0.421314, -0.088387
2.046921, -0.885201, -0.313759, -0.057068
2.047426, -0.907249, -0.338802, -0.031376
2.047906, -0.901756, -0.385914, 0.126438
2.048906, -0.874939, -0.456944, 0.104904
2.049380, -0.866604, -0.374222, 0.048008
2.049930, -0.861816, -0.413589, 0.008545
2.050415, -0.886135, -0.454330, 0.048656
2.051406, -0.848064, -0.397873, 0.017853
2.051912, -0.812092, -0.356331, -0.040245
2.052429, -0.817089, -0.371037, -0.056114
2.052916, -0.871277, -0.402851, 0.011330
2.053420, -0.909557, -0.418873, 0.056324
2.053922, -0.924683, -0.449848, 0.098839
2.054502, -0.919018, -0.476036, 0.047150
2.054892, -0.920773, -0.461483, 0.058537
2.055408, -0.920353, -0.439949, 0.045490
2.056071, -0.912132, -0.472660, 0.028496
2.056473, -0.913086, -0.462074, 0.070534
2.056975, -0.911999, -0.482044, 0.047874
2.057478, -0.899448, -0.484085, 0.045414
2.057982, -0.877094, -0.480728, 0.032253
2.058485, -0.865002, -0.470657, 0.025806
2.058974, -0.865707, -0.478230, 0.030689
2.059478, -0.892429, -0.493679, 0.001450
2.059955, -0.910263, -0.524025, 0.005608
2.060449, -0.918102, -0.549774, 0.003738
2.060953, -0.915394, -0.534286, -0.006218
2.061404, -0.902519, -0.510216, -0.014496
2.061916, -0.889359, -0.486221, -0.014782
2.062428, -0.880318, -0.501556, -0.020638
2.062901, -0.870800, -0.512161, -0.023708
2.063421, -0.865746, -0.521145, -0.000687
2.063936, -0.859261, -0.517883, -0.022354
2.064397, -0.862045, -0.521698, -0.022984
2.064906, -0.858974, -0.524235, -0.016251
2.065422, -0.860996, -0.549259, -0.024376
2.065966, -0.867882, -0.557079, -0.012398
2.066409, -0.883236, -0.562611, -0.018654
2.066921, -0.900593, -0.564632, -0.029736
2.067444, -0.914803, -0.565262, -0.024796
2.067907, -0.917187, -0.558910, -0.033207
2.068421, -0.929756, -0.534363, -0.033932
2.068944, -0.956516, -0.539150, -0.047302
2.069407, -0.964718, -0.534973, -0.042858
2.069929, -0.978470, -0.531139, -0.028782
2.070449, -0.991306, -0.544243, -0.071449
2.070906, -0.996494, -0.522423, -0.049038
2.071432, -0.994854, -0.498219, -0.037746
2.071947, -0.991993, -0.477524, -0.042000
2.072413, -0.985069, -0.440502, -0.025444
2.072940, -0.980892, -0.423660, -0.013981
2.073440, -0.987663, -0.416737, -0.014572
2.073903, -0.992527, -0.410461, -0.026512
2.074415, -0.993423, -0.410614, -0.013580
2.074920, -0.993309, -0.400486, -0.004902
2.075435, -0.992222, -0.401497, 0.003223
2.075981, -0.993404, -0.390167, 0.025024
2.076425, -0.995426, -0.382748, 0.036831
2.076906, -0.986156, -0.381317, 0.024700
2.077430, -0.992641, -0.370388, 0.056782
2.078412, -0.998058, -0.382633, 0.048218
2.078945, -1.002541, -0.378151, 0.058823
2.079463, -0.999451, -0.376911, 0.067749
2.079966, -0.999451, -0.376396, 0.061131
2.080944, -0.983009, -0.390701, 0.072060
2.081448, -0.972443, -0.399952, 0.075912
2.081922, -0.957966, -0.403652, 0.070362
2.082470, -0.952377, -0.411301, 0.071697
2.082933, -0.942688, -0.414944, 0.074100
2.083438, -0.930862, -0.420647, 0.066223
2.083967, -0.927296, -0.425873, 0.062904
2.084458, -0.914249, -0.434265, 0.059223
2.084946, -0.907726, -0.439072, 0.056438
2.085452, -0.899105, -0.444908, 0.056801
2.085977, -0.890350, -0.447731, 0.053940
2.086471, -0.886326, -0.447273, 0.044861
2.086962, -0.880356, -0.452156, 0.040417
2.087433, -0.877209, -0.454979, 0.037060
2.087943, -0.871582, -0.458679, 0.032921
2.088474, -0.866299, -0.463524, 0.030804
2.088960, -0.856934, -0.464764, 0.024910
2.089938, -0.842705, -0.468922, 0.018730
2.090436, -0.829754, -0.474072, 0.018597
2.090966, -0.822067, -0.477924, 0.011406
2.091457, -0.817623, -0.474072, 0.004177
2.091936, -0.812626, -0.478420, 0.006580
2.092442, -0.804348, -0.481167, 0.000935
2.092947, -0.799789, -0.481186, -0.000134
2.093446, -0.797825, -0.484982, -0.004368
2.093955, -0.794468, -0.484257, -0.007954
2.094432, -0.788536, -0.486870, 0.001755
2.094944, -0.782700, -0.490398, 0.009003
2.095474, -0.779324, -0.492554, 0.009670
2.095998, -0.774536, -0.489311, 0.008774
2.096483, -0.769367, -0.489979, 0.003281
2.096976, -0.766544, -0.494308, 0.000038
2.097478, -0.765095, -0.497551, 0.008125
2.097983, -0.766029, -0.501442, 0.012932
2.098470, -0.763454, -0.504665, 0.021267
2.098962, -0.761032, -0.503273, 0.021076
2.099464, -0.761890, -0.501556, 0.017548
2.099981, -0.762119, -0.501137, 0.026722
2.100465, -0.759258, -0.500469, 0.030270
2.100946, -0.759735, -0.502834, 0.034695
2.101535, -0.757408, -0.510101, 0.040092
2.101941, -0.756645, -0.509224, 0.037518
2.102451, -0.756588, -0.509720, 0.032368
2.103043, -0.753860, -0.509605, 0.032578
2.103524, -0.753937, -0.510750, 0.031414
2.104041, -0.753937, -0.515823, 0.035095
2.104544, -0.758533, -0.510521, 0.035114
2.105051, -0.757179, -0.514507, 0.041580
2.105525, -0.757027, -0.516052, 0.040894
2.106086, -0.759945, -0.519238, 0.043850
2.106529, -0.762348, -0.521202, 0.049152
2.107018, -0.757332, -0.523548, 0.048504
2.107523, -0.761833, -0.525417, 0.047321
2.108072, -0.766239, -0.526371, 0.046616
2.108515, -0.769424, -0.529747, 0.049725
2.109018, -0.766907, -0.530109, 0.048809
2.109463, -0.766468, -0.532608, 0.047531
2.109959, -0.768299, -0.534954, 0.052872
2.110959, -0.761452, -0.537510, 0.054646
2.111503, -0.764103, -0.538387, 0.057392
2.111989, -0.763893, -0.541668, 0.062542
2.112486, -0.769806, -0.539856, 0.059872
2.112989, -0.773735, -0.540085, 0.056324
2.113493, -0.773373, -0.539131, 0.052452
2.113982, -0.770855, -0.541019, 0.055733
2.114486, -0.774231, -0.546741, 0.056152
2.114989, -0.774803, -0.547161, 0.051785
2.115478, -0.776157, -0.548210, 0.056362
2.115996, -0.774879, -0.550842, 0.056000
2.116502, -0.775127, -0.552349, 0.054913
2.116997, -0.779057, -0.553207, 0.058956
2.117488, -0.775967, -0.553455, 0.058422
2.117978, -0.779133, -0.557117, 0.059338
2.118469, -0.780697, -0.559616, 0.063744
2.119004, -0.783768, -0.554638, 0.064125
2.119508, -0.787926, -0.558014, 0.065842
2.120012, -0.783978, -0.562592, 0.067253
2.120516, -0.788021, -0.563278, 0.068340
2.121005, -0.788555, -0.565624, 0.073967
2.121508, -0.788498, -0.563602, 0.073624
2.122012, -0.789948, -0.563622, 0.076866
2.122515, -0.788574, -0.562267, 0.081272
2.122995, -0.789986, -0.560989, 0.082989
2.123493, -0.788727, -0.560112, 0.085812
2.123981, -0.791607, -0.562553, 0.091515
2.124486, -0.790920, -0.563850, 0.093861
2.124991, -0.789337, -0.565777, 0.096054
2.125493, -0.789604, -0.563583, 0.091133
2.126016, -0.788708, -0.560074, 0.094090
2.126485, -0.786247, -0.563107, 0.098438
2.126982, -0.788193, -0.557423, 0.103340
2.127524, -0.790329, -0.558395, 0.110283
2.128001, -0.788155, -0.561733, 0.112381
2.128484, -0.785580, -0.555687, 0.110378
2.129019, -0.788174, -0.551033, 0.109558
2.129522, -0.786877, -0.551281, 0.112915
2.130026, -0.785160, -0.556717, 0.115356
2.130492, -0.781212, -0.558033, 0.122757
2.130980, -0.778313, -0.555229, 0.122623
2.131505, -0.776386, -0.554752, 0.124779
2.132530, -0.778751, -0.542011, 0.122128
2.133003, -0.771942, -0.538921, 0.128365
2.133522, -0.775280, -0.539227, 0.132351
2.133988, -0.779476, -0.536480, 0.130634
2.134500, -0.777073, -0.534248, 0.126305
2.135018, -0.780315, -0.532818, 0.127926
2.135528, -0.779362, -0.531921, 0.128784
2.136028, -0.783062, -0.530396, 0.124207
2.136510, -0.788670, -0.526276, 0.130024
2.136985, -0.783672, -0.527802, 0.132866
2.137492, -0.789738, -0.531330, 0.135002
2.138014, -0.793457, -0.529137, 0.133076
2.138524, -0.792027, -0.531349, 0.136242
2.139527, -0.791492, -0.527153, 0.140247
2.139990, -0.791836, -0.527172, 0.140953
2.140514, -0.795231, -0.529213, 0.143681
2.141026, -0.792179, -0.524712, 0.152302
2.141530, -0.794945, -0.525074, 0.147991
2.142039, -0.794964, -0.525131, 0.145531
2.142496, -0.793915, -0.530548, 0.147324
2.143010, -0.793438, -0.527477, 0.152950
2.143518, -0.792217, -0.523453, 0.153580
2.144025, -0.798664, -0.517483, 0.151844
2.144533, -0.797920, -0.511017, 0.154762
2.145029, -0.797997, -0.506516, 0.152988
2.145535, -0.801048, -0.511913, 0.164070
2.146011, -0.805511, -0.510826, 0.163116
2.146499, -0.807858, -0.514050, 0.169506
2.147047, -0.808887, -0.504665, 0.169544
2.147536, -0.801907, -0.495911, 0.169067
2.148025, -0.802193, -0.494938, 0.169144
2.148514, -0.796299, -0.496616, 0.166798
2.214012, -0.743237, -0.513897, 0.017948
2.214088, -0.753593, -0.502605, 0.016041
2.214173, -0.755424, -0.495949, 0.016365
2.214248, -0.764446, -0.491276, 0.012417
2.214322, -0.779037, -0.474854, 0.014019
2.214398, -0.810699, -0.434761, 0.029087
2.214525, -0.858631, -0.436649, 0.024128
2.214603, -0.896549, -0.452843, -0.034561
2.214678, -0.933170, -0.450573, 0.015144
2.214755, -1.191387, -0.410252, -0.083408
2.214841, -3.148537, 1.039829, -0.412445
2.214966, -3.730297, 0.129299, 1.042938
2.215050, -3.177013, -1.318760, -0.809727
2.215132, -2.572880, -1.763630, 0.315037
2.215208, -2.031269, -1.758499, -0.685558
2.215286, -1.425362, 0.131073, -0.273762
2.215363, -0.766678, 0.815277, -0.469646
2.215490, -0.428543, 0.676861, -0.255222
2.215567, -0.621338, 1.145573, 0.182686
2.215643, -0.801964, 0.932655, -0.137482
2.215716, -0.959072, 0.502472, -0.359459
2.215819, -1.027412, 0.243607, -0.246868
2.216047, -1.057320, 0.008507, -0.157413
2.216129, -1.000519, -0.039310, 0.089855
2.216206, -0.918484, -0.289154, 0.006313
2.216282, -0.861797, -0.274429, 0.104542
2.216357, -0.859947, -0.321598, -0.086575
2.216485, -0.846672, -0.249767, -0.012779
2.216560, -0.850163, -0.297852, -0.166035
2.216635, -0.838242, -0.286846, -0.149021
2.216710, -0.833626, -0.388508, -0.177002
2.216787, -0.842113, -0.368786, -0.148468
2.216865, -0.851231, -0.505104, -0.217400
2.216990, -0.853977, -0.517616, -0.264950
2.217064, -0.859699, -0.512905, -0.044746
2.217142, -0.847244, -0.639439, -0.228767
2.217225, -0.845795, -0.662308, -0.275993
2.217300, -0.851994, -0.693226, -0.248718
2.217376, -0.849380, -0.745239, -0.381432
2.217613, -0.830803, -0.693378, -0.336990
2.218117, -0.826988, -0.708656, -0.329762
2.219132, -0.833302, -0.703163, -0.358334
2.219599, -0.818558, -0.692043, -0.452557
2.220113, -0.821247, -0.646954, -0.447636
2.220619, -0.842133, -0.608845, -0.509281
2.221137, -0.856915, -0.579948, -0.536442
2.221629, -0.846539, -0.560951, -0.468121
2.222116, -0.863838, -0.562363, -0.446510
2.222620, -0.899906, -0.565071, -0.438881
2.223123, -0.899124, -0.454788, -0.273647
2.223642, -0.836239, -0.427799, -0.351868
2.224102, -0.808868, -0.417194, -0.400429
2.224604, -0.844326, -0.349674, -0.522404
2.225124, -0.820580, -0.299988, -0.606518
2.225630, -0.779572, -0.226574, -0.449944
2.226163, -0.704556, -0.259857, -0.394154
2.226619, -0.674000, -0.252857, -0.075684
2.227116, -0.834351, -0.185204, -0.233536
2.227605, -1.035061, -0.199471, -0.516586
2.228626, -1.207314, -0.304623, -0.286636
2.229125, -1.064968, -0.370064, -0.048389
2.229628, -0.810032, -0.359974, 0.119457
2.230136, -0.601978, -0.320644, 0.011406
2.230636, -0.554199, -0.228367, -0.132236
2.231139, -0.612774, -0.026913, -0.231571
2.231656, -0.720272, 0.135880, -0.437069
2.232635, -0.921249, 0.028286, -0.294113
2.233138, -0.969372, -0.236988, -0.328236
2.233656, -0.927944, -0.400467, -0.091362
2.234163, -1.010475, -0.483475, -0.019932
2.234665, -0.954876, -0.563221, 0.187855
2.235113, -0.616302, -0.441189, 0.512428
2.235659, -0.238476, -0.412445, 0.123367
2.236139, -0.158386, -0.198612, -0.446739
2.236623, -0.507088, 0.270653, -0.382233
2.237144, -1.297188, 0.268250, -0.885372
2.237659, -1.981239, 0.047951, -0.760365
2.238163, -1.538448, -0.265789, 0.633831
2.238659, -0.654736, -0.768547, 0.728664
2.239153, -0.038643, -1.097755, 0.383911
2.240160, -1.292038, 0.573540, -1.227131
2.240664, -2.151794, 0.577621, -1.398506
2.241234, -1.693878, 0.088654, 0.634308
2.241647, -0.522461, -1.318569, 0.988064
2.242235, 0.399761, -1.964741, 0.738125
2.242636, 0.758953, -1.048241, -0.049572
2.243215, 0.444889, 0.158176, -0.840378
2.243710, -1.069794, 0.950527, -1.083832
2.244219, -3.466568, 1.037712, -2.161140
2.244727, -3.745403, -0.907173, -0.714836
2.245220, -2.695827, -1.004906, 2.091713
2.245734, -1.263084, -1.803265, 1.548710
2.246221, 0.084019, -0.942478, 1.108112
2.246723, 0.932026, -0.066204, -1.136341
2.247172, 1.031723, -0.165844, -0.741863
2.247671, 0.443420, 0.106945, 0.190506
2.248179, -0.661068, 0.352955, -2.171268
2.248686, -1.265373, 0.138721, -1.456089
2.249200, -1.203442, 0.257587, 0.133076
2.249685, -0.652466, -0.886097, 0.449657
2.250140, -0.045738, -1.528740, 1.004696
2.250665, 0.179214, -1.481113, 0.511684
2.251156, -0.933838, 0.466080, -0.719376
2.251649, -2.559261, 0.934830, -1.791801
2.252145, -2.650185, -0.219650, -0.104656
2.252651, -1.447086, -1.390972, 2.395687
2.253183, -1.525173, -1.554966, -1.239033
2.253651, -1.594448, -0.490932, -0.798912
2.254160, -0.955257, 1.064053, 1.937294
2.255636, -0.277863, -0.055256, 0.667896
2.256147, 0.001774, 0.626945, -0.171814
2.256685, -0.254707, 0.310440, -1.287518
2.257142, -0.949821, -0.316982, -0.294933
2.257655, -1.824818, -0.507145, -0.070763
2.258163, -1.819916, -1.053677, -0.645332
2.258691, -1.559200, -0.514717, 1.076374
2.259147, -1.124439, -1.258030, 0.391026
2.259672, -0.451069, -0.988445, 0.361176
2.260673, -0.032387, 0.180702, 0.148697
2.261177, -0.719490, 0.872231, -0.425282
2.261685, -1.541042, -0.471535, -1.492596
2.262182, -1.944504, -0.839005, 0.870323
2.262656, -1.387596, -1.602859, 0.546017
2.263173, -0.514355, -1.552658, 0.598850
2.263688, -0.344048, -0.489693, -0.273876
2.264151, -0.706329, 0.539799, 0.110836
2.264674, -1.219406, 0.333920, -0.723610
2.265179, -1.318436, -0.476799, -0.207634
2.265694, -1.441345, -0.310860, 0.854588
2.266197, -1.177483, -0.562897, -0.772762
2.266663, -0.706463, -0.100136, 0.227394
2.267692, -0.616398, -0.448837, -1.030769
2.268203, -1.047802, -0.632858, -0.207043
2.268677, -0.869274, -0.679703, 1.336231
2.269166, -0.642185, -1.155071, 0.419216
2.269700, -1.329842, 0.111599, -2.265701
2.270188, -0.976219, 0.227184, 0.763855
2.270663, 0.296307, 0.041180, 2.259197
2.271211, -0.071087, -1.145954, -2.363510
2.271685, -1.749897, -0.464134, -1.030502
2.272174, -2.681770, 0.407867, 0.900364
2.272663, -2.188511, -1.157551, -0.261707
2.273211, -1.070290, -2.671890, 0.920811
2.273715, -0.170078, -0.801907, 1.835155
2.274692, 0.134964, 1.403942, -1.119328
2.275182, -0.131893, 0.427647, -0.242004
2.275670, -0.582867, -1.526413, 0.298138
2.276195, -1.272392, -1.656017, -0.085564
2.276708, -1.653538, -0.407295, -0.680237
2.277182, -1.398125, 0.218010, 0.266724
2.277668, -1.042233, -0.179615, 0.164795
2.278196, -0.693245, -1.278973, 0.226250
2.278693, -0.329742, -0.658493, 0.846291
2.279722, -0.500603, 0.391159, -0.843506
2.280189, -1.034737, -0.165730, 0.037670
2.280678, -1.320229, -0.948029, 0.007191
2.281703, -1.409016, -1.193123, 0.467548
2.282192, -0.687275, -1.160450, 0.574741
2.282678, -0.275459, -0.496254, -0.144386
2.283212, -0.246353, 0.311489, -0.513420
2.283730, -0.402126, 0.557346, 0.134659
2.284202, -0.709724, 0.105782, -0.063286
2.284707, -1.074486, -0.688038, -0.659676
2.285199, -1.207504, -0.811310, 0.193958
2.285732, -1.299953, -0.222244, 0.043793
2.286193, -1.038494, -0.264320, -0.781727
2.286727, -0.390682, -0.351353, 0.902328
2.287213, -0.300560, -0.526161, 0.576305
2.287700, -0.945435, -0.525246, -0.952377
2.288205, -1.474209, 0.350456, -0.200329
2.288708, -1.221352, 0.382595, -0.147781
2.289207, -0.727882, -0.688953, 0.234737
2.289686, -0.289421, -1.548882, 0.683918
2.290288, -0.083904, -1.292191, 0.355358
2.290768, -0.503807, -0.029259, -0.678062
2.291200, -0.977554, 0.183754, -0.950928
2.291777, -1.278801, 0.199547, 0.494823
2.292265, -1.334877, -0.676613, -0.183907
2.292767, -0.972061, -0.779648, 0.194969
2.293272, -0.719433, -0.147419, 0.247841
2.293746, -0.890694, -0.183773, -0.630341
2.294273, -1.183910, -0.570736, -0.029907
2.294749, -1.021194, -0.742874, 0.533829
2.295227, -0.637703, -0.695572, 0.429821
2.295746, -0.408421, -0.290375, -0.165424
2.296270, -0.490036, 0.044193, -0.364361
2.296756, -0.684624, 0.005894, -0.265083
2.297197, -0.837650, -0.484123, -0.176678
2.297700, -0.881462, -0.772324, 0.262070
2.298721, -0.798759, -0.363598, -0.303135
2.299247, -0.719280, -0.308266, -0.029221
2.299701, -0.780697, -0.401096, 0.273838
2.300223, -0.887260, -0.825195, 0.102386
2.300695, -0.986423, -0.767841, 0.035057
2.301214, -0.987396, -0.343990, -0.079880
2.301716, -0.920982, -0.147877, -0.161457
2.302219, -0.906525, -0.386696, -0.117283
2.302723, -0.916996, -0.500107, 0.126381
2.303226, -0.836124, -0.529900, 0.326653
2.303731, -0.731316, -0.646992, 0.021152
2.304235, -0.750084, -0.599689, -0.082188
2.304738, -0.786762, -0.552406, 0.035038
2.305242, -0.824394, -0.463028, -0.092373
2.305746, -0.820560, -0.403824, -0.153961
2.306220, -0.779629, -0.298157, 0.081291
2.306725, -0.809078, -0.316792, -0.054359
2.307227, -0.827389, -0.403709, -0.026817
2.307721, -0.815887, -0.545311, 0.193977
2.308218, -0.811501, -0.651760, 0.102940
2.308752, -0.796051, -0.660133, -0.027294
2.309252, -0.784779, -0.457249, 0.098114
2.309745, -0.836563, -0.389538, -0.006256
2.310248, -0.927048, -0.405102, -0.029850
2.310732, -1.002083, -0.430984, 0.042992
2.311218, -1.045132, -0.461006, 0.115776
2.311755, -1.085339, -0.499458, 0.063801
2.312242, -1.115055, -0.478916, 0.045815
2.312725, -1.130676, -0.475445, 0.097446
2.313226, -1.145649, -0.453224, 0.051212
2.313716, -1.163483, -0.464306, 0.028725
2.314220, -1.173668, -0.408268, 0.112247
2.314767, -1.179123, -0.406876, 0.071087
2.315258, -1.178932, -0.383511, 0.019283
2.315761, -1.182842, -0.368290, 0.051823
2.316234, -1.183605, -0.340176, 0.090733
2.316738, -1.192017, -0.361042, 0.045719
2.317229, -1.196880, -0.331612, 0.093098
2.317731, -1.192150, -0.307751, 0.125866
2.318234, -1.195583, -0.297832, 0.075455
2.318738, -1.193810, -0.297832, 0.073967
2.319241, -1.200962, -0.289764, 0.127544
2.319731, -1.213665, -0.306263, 0.104561
2.320234, -1.220226, -0.318356, 0.102539
2.320736, -1.226749, -0.292816, 0.163860
2.321236, -1.228962, -0.291100, 0.162086
2.321729, -1.235847, -0.286961, 0.138588
2.322744, -1.239109, -0.284863, 0.164890
2.323236, -1.230850, -0.295544, 0.163364
2.323755, -1.222458, -0.291462, 0.204620
2.324263, -1.212978, -0.302162, 0.220146
2.324738, -1.199780, -0.309563, 0.213718
2.325264, -1.178913, -0.316467, 0.237675
2.325753, -1.155338, -0.331783, 0.231171
2.326247, -1.141644, -0.349007, 0.212460
2.326734, -1.124458, -0.369987, 0.225182
2.327245, -1.104679, -0.385952, 0.230007
2.327749, -1.087513, -0.403862, 0.229244
2.328248, -1.070805, -0.421448, 0.240479
2.328754, -1.055546, -0.437164, 0.267334
2.329278, -1.034737, -0.454750, 0.273228
2.329773, -1.019402, -0.473804, 0.263386
2.330233, -0.999699, -0.490513, 0.267563
2.330763, -0.982361, -0.501709, 0.264530
2.331249, -0.965309, -0.519810, 0.249214
2.331785, -0.946960, -0.531464, 0.256691
2.332262, -0.923023, -0.546112, 0.265408
2.332774, -0.907555, -0.562038, 0.256329
2.333240, -0.895538, -0.568600, 0.271587
2.333752, -0.866928, -0.569572, 0.288506
2.334278, -0.845871, -0.582619, 0.281029
2.334768, -0.823784, -0.583515, 0.274067
2.335258, -0.800743, -0.586815, 0.271683
2.335844, -0.783939, -0.594044, 0.247211
2.336353, -0.760441, -0.599194, 0.252304
2.336841, -0.744057, -0.595779, 0.273590
2.337249, -0.730991, -0.598888, 0.274105
2.337848, -0.712070, -0.603085, 0.281391
2.338330, -0.690937, -0.609112, 0.294285
2.338748, -0.673180, -0.616589, 0.288372
2.339335, -0.657177, -0.617313, 0.286160
2.339793, -0.643940, -0.615902, 0.291214
2.340294, -0.626678, -0.614948, 0.287762
2.340801, -0.608921, -0.616779, 0.285110
2.341300, -0.603161, -0.619984, 0.289516
2.341804, -0.593033, -0.624599, 0.290718
2.342338, -0.577965, -0.626640, 0.286655
2.342782, -0.573158, -0.626984, 0.289097
2.343273, -0.559731, -0.626659, 0.290909
2.343759, -0.547085, -0.629978, 0.283585
2.344305, -0.538349, -0.631351, 0.274639
2.344780, -0.531311, -0.628223, 0.280952
2.345254, -0.521164, -0.629749, 0.282974
2.345804, -0.516796, -0.636387, 0.272236
2.346292, -0.514393, -0.642071, 0.265598
2.346811, -0.505581, -0.645523, 0.258121
2.347300, -0.502605, -0.644379, 0.252247
2.347806, -0.491772, -0.643291, 0.253849
2.348280, -0.490856, -0.640392, 0.243073
2.348798, -0.490971, -0.648041, 0.230751
2.349265, -0.487003, -0.647812, 0.219250
2.349781, -0.480080, -0.648251, 0.214081
2.350312, -0.471420, -0.647030, 0.207615
2.350802, -0.472755, -0.643425, 0.206947
2.351319, -0.468922, -0.645561, 0.209312
2.351777, -0.466061, -0.643444, 0.195026
2.352308, -0.464020, -0.640583, 0.189400
2.352770, -0.463123, -0.644703, 0.190411
2.353280, -0.468292, -0.636826, 0.174522
2.353782, -0.470810, -0.624523, 0.167580
2.354311, -0.477390, -0.620270, 0.165806
2.354811, -0.478134, -0.616760, 0.157204
2.355287, -0.478745, -0.621777, 0.149937
2.355776, -0.478802, -0.625973, 0.143871
2.356322, -0.482388, -0.625362, 0.133533
2.356797, -0.490513, -0.617790, 0.125294
2.357287, -0.492516, -0.606060, 0.121326
2.357777, -0.501194, -0.605412, 0.120125
2.358797, -0.506210, -0.602016, 0.075321
2.359311, -0.509644, -0.596313, 0.063267
2.359819, -0.508957, -0.600662, 0.067310
2.360297, -0.503883, -0.599613, 0.073814
2.360803, -0.505238, -0.601463, 0.087738
2.361297, -0.500202, -0.600395, 0.081787
2.361798, -0.499840, -0.597630, 0.058804
2.362307, -0.500088, -0.591335, 0.041103
2.362826, -0.503502, -0.588970, 0.028973
2.363303, -0.501347, -0.592098, 0.021477
2.363814, -0.505772, -0.597439, 0.020142
2.364323, -0.510273, -0.600491, 0.016289
2.364776, -0.513115, -0.604477, 0.015488
2.365289, -0.519352, -0.606117, 0.019588
2.365813, -0.520763, -0.606213, 0.024891
2.366321, -0.523529, -0.615940, 0.031872
2.366781, -0.526524, -0.621071, 0.026588
2.367299, -0.526161, -0.636005, 0.015488
2.367806, -0.527477, -0.637054, 0.002251
2.368339, -0.533791, -0.633945, 0.004482
2.368830, -0.536919, -0.636845, 0.019569
2.369317, -0.540009, -0.642700, 0.039368
2.369805, -0.539474, -0.652237, 0.050163
2.370312, -0.541687, -0.653667, 0.045738
2.370813, -0.547867, -0.649929, 0.039806
2.371315, -0.551186, -0.654659, 0.046997
2.371820, -0.552254, -0.663185, 0.061340
2.372308, -0.550785, -0.670586, 0.064163
2.372813, -0.549622, -0.677185, 0.059376
2.373316, -0.546017, -0.678978, 0.043411
2.373819, -0.551643, -0.672340, 0.029793
2.374323, -0.559864, -0.671329, 0.032673
2.374811, -0.562973, -0.682201, 0.052681
2.375301, -0.564289, -0.694408, 0.059395
2.375794, -0.567493, -0.692234, 0.058231
2.376323, -0.572014, -0.674706, 0.048008
2.376825, -0.582275, -0.655022, 0.036926
2.377305, -0.582333, -0.655613, 0.051937
2.377795, -0.584126, -0.659275, 0.071239
2.378294, -0.595989, -0.664101, 0.087585
2.378844, -0.597324, -0.660305, 0.092793
2.379348, -0.598717, -0.656319, 0.088253
2.379850, -0.604935, -0.652275, 0.088253
2.380297, -0.611134, -0.653019, 0.089245
2.380830, -0.615921, -0.652504, 0.089722
2.381333, -0.617313, -0.648632, 0.095291
2.381825, -0.623608, -0.642681, 0.101814
2.382319, -0.627155, -0.641346, 0.105305
2.382810, -0.633373, -0.641575, 0.104427
2.383308, -0.640163, -0.650539, 0.115681
2.383907, -0.644188, -0.645256, 0.114937
2.384315, -0.649395, -0.646439, 0.114784
2.384899, -0.655403, -0.637474, 0.123444
2.385384, -0.663605, -0.630665, 0.121403
2.385968, -0.671062, -0.627747, 0.124226
2.386372, -0.678520, -0.632648, 0.130215
2.386848, -0.683613, -0.639896, 0.124798
2.387362, -0.685997, -0.641785, 0.122128
2.387838, -0.698929, -0.635910, 0.120640
2.388382, -0.709267, -0.626659, 0.132675
2.388885, -0.711117, -0.619106, 0.139370
2.389361, -0.713844, -0.613232, 0.144348
2.389835, -0.716705, -0.608330, 0.145416
2.390346, -0.725193, -0.610790, 0.138798
2.390840, -0.733261, -0.608158, 0.129337
2.391331, -0.737934, -0.609035, 0.131779
2.391819, -0.735760, -0.599251, 0.136948
2.392323, -0.740471, -0.592365, 0.149193
2.392855, -0.746155, -0.585403, 0.161114
2.393331, -0.743923, -0.583553, 0.161457
2.393837, -0.750961, -0.584202, 0.149117
2.394856, -0.759926, -0.585346, 0.142937
2.395324, -0.767746, -0.586414, 0.157166
2.395851, -0.771599, -0.582104, 0.158558
2.396353, -0.780678, -0.575962, 0.159569
2.396857, -0.792675, -0.569363, 0.161533
2.397356, -0.801792, -0.566845, 0.162773
2.397834, -0.810299, -0.562534, 0.164623
2.398338, -0.817070, -0.544224, 0.170116
2.398871, -0.824032, -0.552025, 0.175018
2.399345, -0.819607, -0.555305, 0.169792
2.399832, -0.820732, -0.552788, 0.180531
2.400359, -0.818348, -0.554905, 0.162907
2.400822, -0.820293, -0.546551, 0.171871
2.401363, -0.818062, -0.549660, 0.169487
2.401864, -0.818348, -0.549889, 0.167599
2.402874, -0.816479, -0.553017, 0.184402
2.403332, -0.816860, -0.553799, 0.182800
2.403838, -0.815430, -0.554180, 0.183620
2.404338, -0.813351, -0.555115, 0.172443
2.404857, -0.815506, -0.554161, 0.170021
2.405360, -0.820923, -0.553551, 0.173721
2.405850, -0.817051, -0.549088, 0.176868
2.406382, -0.824661, -0.550995, 0.177326
2.406886, -0.851421, -0.548248, 0.173302
2.407864, -4.393921, 1.766949, 0.823841
2.408368, -4.489555, -1.458282, -0.017166
2.408844, -3.519955, -1.601963, -0.566559
2.409345, -2.287922, -2.571526, 0.278893
2.409849, -1.470280, -1.006050, -0.811729
2.410337, -0.833817, 0.759029, 0.070305
2.410875, -0.308876, 1.160297, -0.029984
2.411363, -0.297012, 0.979748, 0.437374
2.411842, -0.538082, 1.039734, 0.411663
2.412385, -0.828342, 0.408554, -0.096893
2.412886, -1.053886, 0.064793, -0.277138
2.413370, -1.112957, -0.141373, 0.028515
2.413848, -1.130695, -0.292130, 0.192223
2.414855, -0.924034, -0.408230, 0.200062
2.415344, -0.892696, -0.281563, 0.364914
2.415906, -0.841827, -0.302105, 0.128040
2.416352, -0.835323, -0.264091, 0.145798
2.417374, -0.990219, -0.497284, 0.075493
2.417863, -0.998974, -0.555553, 0.123901
2.418397, -0.978336, -0.653152, 0.202847
2.418885, -0.950031, -0.707932, 0.030346
2.419374, -0.945873, -0.600967, 0.172501
2.419865, -0.949516, -0.646725, 0.235500
2.420398, -0.957088, -0.696716, -0.032063
2.420871, -0.966892, -0.725956, 0.032349
2.421362, -0.960197, -0.754833, -0.080967
2.421866, -0.943584, -0.764065, -0.135345
2.422353, -0.921764, -0.676422, -0.099277
2.422858, -0.923729, -0.702305, -0.143452
2.423406, -0.923843, -0.659904, -0.159397
2.424354, -0.904331, -0.652561, -0.342331
2.424856, -0.900536, -0.586567, -0.313396
2.425933, -0.911827, -0.511837, -0.398941
2.426384, -0.917397, -0.473175, -0.336113
2.426898, -0.920029, -0.461197, -0.356064
2.427380, -0.915775, -0.444527, -0.368195
2.427876, -0.896358, -0.412064, -0.407162
2.428856, -0.874538, -0.380917, -0.485859
2.429374, -0.863132, -0.336399, -0.481281
2.429880, -0.855350, -0.320854, -0.492725
2.430386, -0.851116, -0.339146, -0.490551
2.430960, -0.845757, -0.308704, -0.425110
2.431375, -0.845356, -0.328159, -0.414886
2.431940, -0.842934, -0.326042, -0.436401
2.432458, -0.843391, -0.323238, -0.393715
2.432862, -0.835171, -0.315895, -0.392551
2.433433, -0.842762, -0.327549, -0.425339
2.433940, -0.843716, -0.297585, -0.383816
2.434402, -0.853882, -0.300789, -0.320663
2.434910, -0.849018, -0.287743, -0.307961
2.435433, -0.850639, -0.278664, -0.245113
2.435995, -0.857944, -0.271969, -0.225601
2.436399, -0.852642, -0.287762, -0.234146
2.436906, -0.847034, -0.262547, -0.178719
2.437411, -0.855904, -0.278702, -0.180607
2.437922, -0.855350, -0.271797, -0.197067
2.438411, -0.848560, -0.255318, -0.174580
2.438887, -0.847874, -0.244637, -0.166969
2.439391, -0.849304, -0.217209, -0.152740
2.439893, -0.850887, -0.206604, -0.143623
2.440398, -0.847759, -0.199928, -0.126019
2.440901, -0.847549, -0.188828, -0.149918
2.441419, -0.847454, -0.170994, -0.164337
2.441923, -0.846062, -0.167904, -0.156918
2.442412, -0.848598, -0.137539, -0.142822
2.442902, -0.851212, -0.154896, -0.158558
2.443405, -0.843792, -0.141811, -0.175972
2.443885, -0.842037, -0.140553, -0.165386
2.444420, -0.843163, -0.131645, -0.181522
2.444904, -0.835171, -0.142231, -0.193825
2.445389, -0.841846, -0.140381, -0.186329
2.446384, -0.843525, -0.156937, -0.206127
2.446887, -0.846252, -0.170650, -0.194263
2.447390, -0.844440, -0.181599, -0.198345
2.447895, -0.837612, -0.202637, -0.205688
2.448397, -0.834522, -0.209446, -0.186749
2.448901, -0.841122, -0.218716, -0.189915
2.449405, -0.843410, -0.230274, -0.194530
2.449908, -0.839882, -0.240555, -0.177383
2.450395, -0.842381, -0.253372, -0.179405
2.489436, -1.092548, -0.454540, 0.025196
2.489523, -1.101131, -0.462627, 0.024662
2.489601, -1.101284, -0.473499, 0.010014
2.489677, -1.094818, -0.482616, 0.002823
2.489756, -1.080437, -0.491104, 0.001488
2.489881, -1.057358, -0.492516, 0.009804
2.489958, -1.027660, -0.501232, -0.003033
2.490041, -1.010075, -0.510178, -0.008736
2.490117, -1.010685, -0.530319, -0.009766
2.490191, -1.013870, -0.550117, -0.023155
2.490266, -1.015625, -0.562820, -0.022736
2.490396, -1.017971, -0.554123, -0.007591
2.490471, -1.013947, -0.546341, -0.015125
2.490545, -1.000824, -0.522022, -0.005245
2.490624, -0.993996, -0.495472, -0.039978
2.490700, -1.005344, -0.459862, -0.056953
2.490775, -1.061420, -0.425949, -0.076714
2.490902, -1.154766, -0.395584, -0.077724
2.490982, -1.241093, -0.441723, -0.085449
2.491063, -1.306534, -0.477333, -0.075531
2.491137, -1.348000, -0.500717, -0.076637
2.491213, -1.365528, -0.462303, -0.103283
2.491289, -1.373634, -0.379772, -0.104065
2.491412, -1.373901, -0.314598, -0.091190
2.491493, -1.375084, -0.270958, -0.061703
2.491569, -1.374550, -0.235653, -0.055561
2.491647, -1.373196, -0.210686, -0.066738
2.491722, -1.366768, -0.178337, -0.082607
2.491804, -1.364498, -0.146255, -0.096855
2.491926, -1.365662, -0.113125, -0.097427
2.492011, -1.370468, -0.098324, -0.077267
2.492095, -1.377048, -0.088387, -0.055180
2.492173, -1.370430, -0.079651, -0.039253
2.492249, -1.364994, -0.069389, -0.029125
2.492382, -1.358891, -0.060310, -0.023937
2.492457, -1.356678, -0.046959, -0.024815
2.492530, -1.349030, -0.047092, -0.018444
2.492606, -1.343536, -0.047588, -0.012169
2.492946, -1.341095, -0.052013, -0.004635
2.493461, -1.337643, -0.053291, -0.000172
2.493958, -1.332321, -0.048943, 0.006981
2.494462, -1.323795, -0.065308, 0.011730
2.494964, -1.320915, -0.079041, 0.008736
2.495477, -1.310749, -0.092640, 0.009995
2.496047, -1.301785, -0.108738, 0.005608
2.496472, -1.294861, -0.123119, 0.005646
2.496976, -1.281242, -0.140285, 0.009346
2.497482, -1.273708, -0.150337, 0.005474
2.497985, -1.262245, -0.162163, 0.006809
2.498489, -1.250668, -0.183449, 0.000687
2.498990, -1.231403, -0.203896, -0.007515
2.499499, -1.215248, -0.222702, -0.011559
2.499958, -1.203537, -0.245342, -0.016804
2.500461, -1.193047, -0.271721, -0.019588
2.500975, -1.181889, -0.297356, -0.020943
2.501496, -1.179619, -0.319672, -0.026093
2.501998, -1.168346, -0.343418, -0.028515
2.502516, -1.162128, -0.362167, -0.039120
2.502968, -1.169052, -0.370789, -0.049229
2.503483, -1.165009, -0.384274, -0.055389
2.503989, -1.161442, -0.396957, -0.067940
2.504502, -1.145687, -0.407944, -0.078259
2.505009, -1.121464, -0.419388, -0.083981
2.506003, -1.075706, -0.438576, -0.086422
2.506489, -1.061707, -0.434628, -0.091801
2.506993, -1.054688, -0.437412, -0.093174
2.507498, -1.051960, -0.435867, -0.101795
2.508017, -1.045723, -0.430336, -0.106487
2.508488, -1.039333, -0.425320, -0.108051
2.509005, -1.032906, -0.427113, -0.109100
2.509470, -1.033783, -0.420246, -0.118332
2.509998, -1.025047, -0.417080, -0.123329
2.510495, -1.010303, -0.421982, -0.121212
2.511000, -0.996456, -0.425396, -0.119114
2.511493, -0.981121, -0.421753, -0.118217
2.511989, -0.969238, -0.418549, -0.132198
2.512502, -0.949974, -0.425205, -0.131817
2.513005, -0.938892, -0.421677, -0.128002
2.513497, -0.920181, -0.414181, -0.122070
2.513986, -0.911026, -0.407104, -0.110092
2.514488, -0.899849, -0.402241, -0.101738
2.515012, -0.890999, -0.396595, -0.103664
2.515471, -0.878601, -0.400887, -0.110703
2.516021, -0.871487, -0.401611, -0.109901
2.516506, -0.867634, -0.396805, -0.104694
2.517022, -0.865021, -0.393124, -0.096359
2.517523, -0.852985, -0.392208, -0.089397
2.518027, -0.848961, -0.395927, -0.081673
2.518516, -0.846519, -0.396900, -0.080948
2.519005, -0.837364, -0.397205, -0.078678
2.519494, -0.830917, -0.399704, -0.078259
2.519997, -0.830326, -0.395603, -0.077152
2.520487, -0.822563, -0.401154, -0.074291
2.520976, -0.824528, -0.398445, -0.068932
2.521480, -0.819511, -0.403957, -0.063820
2.522027, -0.813236, -0.410461, -0.059948
2.522516, -0.815353, -0.409927, -0.067883
2.523017, -0.811005, -0.412331, -0.069866
2.523567, -0.802803, -0.407219, -0.064812
2.524058, -0.795994, -0.410538, -0.062065
2.524500, -0.794563, -0.416317, -0.054531
2.524992, -0.787926, -0.419388, -0.057545
2.525492, -0.790405, -0.420475, -0.065060
2.525983, -0.780220, -0.418262, -0.068054
2.526591, -0.778847, -0.422802, -0.056038
2.527059, -0.775681, -0.425568, -0.047550
2.527546, -0.770531, -0.430393, -0.048084
2.528055, -0.770073, -0.434227, -0.054913
2.528565, -0.766315, -0.435905, -0.058098
2.529064, -0.763264, -0.441017, -0.049210
2.529523, -0.759029, -0.442581, -0.039787
2.530056, -0.758877, -0.445671, -0.032063
2.530507, -0.755482, -0.451145, -0.024662
2.531034, -0.762672, -0.453472, -0.028019
2.531540, -0.761337, -0.454693, -0.022869
2.532015, -0.758095, -0.452957, -0.016994
2.532530, -0.759087, -0.457020, -0.010681
2.533495, -0.757332, -0.458584, -0.017948
2.534000, -0.758667, -0.462322, -0.018959
2.534517, -0.763073, -0.463829, -0.013962
2.535028, -0.762749, -0.460434, -0.002308
2.536012, -0.766373, -0.463638, 0.027695
2.536544, -0.758953, -0.466175, 0.032883
2.538045, -0.757866, -0.470486, 0.015125
2.538516, -0.758686, -0.472012, 0.021477
2.539041, -0.760441, -0.474739, 0.027351
2.539519, -0.759239, -0.474186, 0.035000
2.540036, -0.759811, -0.475578, 0.036144
2.541045, -0.754356, -0.477791, 0.037727
2.541511, -0.759869, -0.480022, 0.038624
2.542011, -0.756226, -0.476837, 0.047245
2.542515, -0.751133, -0.476933, 0.056286
2.543020, -0.742836, -0.482578, 0.062695
2.543518, -0.743408, -0.483608, 0.064869
2.544041, -0.746117, -0.489197, 0.060978
2.544511, -0.739269, -0.493279, 0.063076
2.545039, -0.739479, -0.493069, 0.069790
2.545510, -0.737133, -0.486565, 0.073986
2.546031, -0.729771, -0.487099, 0.076313
2.546543, -0.730991, -0.490913, 0.083027
2.547034, -0.729866, -0.494709, 0.084820
2.547522, -0.724144, -0.497475, 0.086384
2.548042, -0.728893, -0.498066, 0.089760
2.548533, -0.723476, -0.503902, 0.093193
2.549036, -0.719795, -0.510311, 0.101433
2.549559, -0.721035, -0.511017, 0.102177
2.550031, -0.718994, -0.512714, 0.106163
2.550563, -0.717850, -0.514984, 0.109673
2.551022, -0.720825, -0.517673, 0.116825
2.551537, -0.718002, -0.522099, 0.123825
2.552551, -0.720253, -0.521755, 0.143871
2.553056, -0.722256, -0.525208, 0.145741
2.554519, -0.729656, -0.515881, 0.151749
2.555044, -0.725040, -0.519409, 0.162411
2.555567, -0.729713, -0.522442, 0.170155
2.556062, -0.730324, -0.528011, 0.176277
2.556523, -0.732994, -0.529118, 0.182304
2.557073, -0.734844, -0.525951, 0.182552
2.557527, -0.739174, -0.528908, 0.184002
2.558070, -0.738087, -0.522976, 0.186901
2.558533, -0.735245, -0.520191, 0.187130
2.559049, -0.734138, -0.524178, 0.191555
2.559537, -0.738907, -0.523243, 0.188789
2.560030, -0.740547, -0.523167, 0.193901
2.560560, -0.742912, -0.527782, 0.197792
2.561046, -0.744171, -0.524502, 0.204544
2.561572, -0.745869, -0.523891, 0.207748
2.562050, -0.750656, -0.524902, 0.214310
2.563049, -0.756721, -0.527859, 0.214653
2.564055, -0.758572, -0.533867, 0.221806
2.565080, -0.765381, -0.535793, 0.228844
2.565545, -0.764256, -0.540771, 0.230999
2.566055, -0.766735, -0.544605, 0.234261
2.567078, -0.772820, -0.548096, 0.236778
2.567581, -0.777874, -0.550709, 0.240498
2.568088, -0.775757, -0.551300, 0.241508
2.568558, -0.773563, -0.552959, 0.241070
2.569078, -0.772820, -0.555630, 0.238934
2.569537, -0.783081, -0.559330, 0.236683
2.570071, -0.781269, -0.561905, 0.236053
2.570566, -0.782452, -0.567207, 0.237637
2.571064, -0.785847, -0.562172, 0.230579
2.571554, -0.789833, -0.568180, 0.238895
2.572057, -0.789127, -0.562744, 0.241928
2.572620, -0.786514, -0.562267, 0.244045
2.573124, -0.790253, -0.566654, 0.243645
2.573611, -0.788307, -0.566654, 0.243416
2.574626, -0.789852, -0.577602, 0.240345
2.575124, -0.786304, -0.581570, 0.238953
2.575628, -0.781593, -0.579834, 0.239449
2.576105, -0.778236, -0.583725, 0.241013
2.576579, -0.777740, -0.585957, 0.245056
2.577109, -0.775852, -0.586872, 0.247231
2.577587, -0.776463, -0.593567, 0.243969
2.578067, -0.772324, -0.598984, 0.234489
2.578563, -0.770245, -0.597134, 0.227451
2.579109, -0.774670, -0.599976, 0.230732
2.579552, -0.773277, -0.606346, 0.235882
2.580101, -0.770359, -0.605297, 0.237389
2.580604, -0.771465, -0.603237, 0.239124
2.581094, -0.769749, -0.604343, 0.243187
2.581598, -0.763283, -0.604801, 0.241508
2.582101, -0.761757, -0.608635, 0.242329
2.582591, -0.761013, -0.609760, 0.243397
2.583095, -0.759335, -0.612659, 0.239601
2.583593, -0.753613, -0.616970, 0.239010
2.584092, -0.756264, -0.620766, 0.235691
2.584582, -0.751858, -0.626545, 0.236988
2.585070, -0.755882, -0.620632, 0.238476
2.586104, -0.745316, -0.623493, 0.249271
2.586605, -0.744629, -0.625744, 0.252953
2.587111, -0.743561, -0.627918, 0.256462
2.587597, -0.736904, -0.632401, 0.257454
2.588101, -0.736771, -0.634136, 0.255566
2.588604, -0.730209, -0.638027, 0.259075
2.589094, -0.733299, -0.632915, 0.257320
2.589570, -0.732136, -0.631065, 0.256844
2.590071, -0.721569, -0.627766, 0.254822
2.590575, -0.718956, -0.631104, 0.256958
2.591599, -0.717068, -0.633583, 0.269585
2.592101, -0.717583, -0.636158, 0.280476
2.592605, -0.707970, -0.638828, 0.279808
2.593109, -0.705986, -0.637722, 0.271320
2.593609, -0.708714, -0.641384, 0.269108
2.594082, -0.704708, -0.639610, 0.268459
2.594623, -0.699100, -0.642529, 0.279312
2.595114, -0.698566, -0.646114, 0.290318
2.595602, -0.697289, -0.641079, 0.297260
2.596118, -0.690460, -0.651245, 0.302086
2.596576, -0.689030, -0.656147, 0.303879
2.597079, -0.685577, -0.651321, 0.299606
2.597581, -0.681953, -0.649624, 0.296326
2.598619, -0.683613, -0.646305, 0.297222
2.599103, -0.677986, -0.650349, 0.297947
2.599613, -0.674534, -0.650501, 0.301361
2.600125, -0.676441, -0.650139, 0.302238
2.600589, -0.669689, -0.648136, 0.301914
2.601120, -0.671272, -0.645599, 0.295696
2.601580, -0.667114, -0.642395, 0.293751
2.602117, -0.668335, -0.631905, 0.299511
2.602618, -0.665703, -0.628052, 0.307789
2.603094, -0.670929, -0.624638, 0.313911
2.603627, -0.668850, -0.627670, 0.316029
2.604086, -0.670967, -0.627365, 0.307007
2.604613, -0.667782, -0.629463, 0.302963
2.605641, -0.668087, -0.626640, 0.317097
2.606091, -0.674496, -0.621834, 0.319977
2.606630, -0.669346, -0.621777, 0.323086
2.607098, -0.668755, -0.620728, 0.316639
2.607597, -0.673294, -0.615635, 0.308094
2.608091, -0.673313, -0.618458, 0.305061
2.608634, -0.668373, -0.617523, 0.306969
2.609123, -0.671711, -0.611858, 0.307465
2.609601, -0.669613, -0.613079, 0.314693
2.610133, -0.668011, -0.607452, 0.308838
2.610610, -0.669575, -0.602036, 0.305634
2.611136, -0.669041, -0.601616, 0.301743
2.611613, -0.670662, -0.600262, 0.306873
2.612114, -0.671463, -0.595818, 0.316410
2.612604, -0.669670, -0.597477, 0.316181
2.613118, -0.668964, -0.597095, 0.321617
2.613642, -0.668907, -0.591393, 0.324039
2.614111, -0.663795, -0.589561, 0.317078
2.614621, -0.664864, -0.582142, 0.308552
2.615107, -0.661373, -0.583916, 0.312195
2.616146, -0.659714, -0.578136, 0.316200
2.616619, -0.659256, -0.581093, 0.319805
2.617212, -0.658569, -0.581131, 0.314617
2.617702, -0.658054, -0.582943, 0.315266
2.618131, -0.658226, -0.584984, 0.310612
2.618610, -0.656929, -0.586910, 0.311794
2.619109, -0.657444, -0.589371, 0.310822
2.619612, -0.655823, -0.587711, 0.309200
2.620115, -0.654526, -0.586815, 0.304871
2.621180, -0.656128, -0.581264, 0.302525
2.621657, -0.647907, -0.575085, 0.302372
2.622205, -0.647850, -0.579071, 0.303020
2.622650, -0.649033, -0.578938, 0.300007
2.623153, -0.648594, -0.580082, 0.300159
2.623656, -0.648136, -0.576096, 0.298004
2.624156, -0.650864, -0.579128, 0.296535
2.624663, -0.644302, -0.577087, 0.296326
2.625145, -0.641651, -0.578728, 0.292568
2.625633, -0.640755, -0.576286, 0.288658
2.626116, -0.640621, -0.577183, 0.290279
2.626667, -0.643406, -0.573196, 0.296249
2.627160, -0.646267, -0.580311, 0.295753
2.627638, -0.645981, -0.583839, 0.296059
2.628180, -0.643864, -0.583591, 0.292625
2.628641, -0.643177, -0.579243, 0.286560
2.629184, -0.643883, -0.580044, 0.284748
2.629645, -0.643845, -0.581493, 0.288219
2.630177, -0.641155, -0.582733, 0.292072
2.630635, -0.642166, -0.584526, 0.297413
2.631183, -0.643730, -0.585327, 0.294476
2.631673, -0.643063, -0.584507, 0.290184
2.632165, -0.649490, -0.588245, 0.288010
2.632663, -0.645103, -0.585613, 0.284996
2.633158, -0.639877, -0.583572, 0.277843
2.633661, -0.640755, -0.573921, 0.277958
2.634146, -0.645466, -0.572186, 0.284557
2.634653, -0.641918, -0.577755, 0.291729
2.635137, -0.636883, -0.579662, 0.294876
2.635671, -0.637360, -0.574951, 0.286217
2.636164, -0.639343, -0.570793, 0.284824
2.636679, -0.646877, -0.570545, 0.282402
2.637141, -0.639954, -0.570602, 0.282459
2.637668, -0.637302, -0.568123, 0.286064
2.638146, -0.632687, -0.566788, 0.284595
2.638664, -0.631542, -0.571365, 0.283394
2.639153, -0.632000, -0.573578, 0.283413
2.639666, -0.629177, -0.574589, 0.283928
2.640664, -0.629501, -0.575180, 0.280819
2.641133, -0.622463, -0.573463, 0.276661
2.641656, -0.630207, -0.568810, 0.273209
2.642160, -0.626736, -0.573711, 0.272903
2.642674, -0.621109, -0.571861, 0.263653
2.643182, -0.623760, -0.574894, 0.259438
2.643633, -0.625286, -0.577374, 0.259323
2.644656, -0.623207, -0.587025, 0.257702
2.645155, -0.618706, -0.589790, 0.250416
2.645657, -0.614395, -0.579453, 0.243206
2.646184, -0.610046, -0.570145, 0.239143
2.646649, -0.612125, -0.570736, 0.242252
2.647153, -0.612373, -0.574512, 0.245113
2.647645, -0.613613, -0.583992, 0.245724
2.648149, -0.609055, -0.589924, 0.245819
2.648645, -0.612545, -0.588055, 0.243378
2.649672, -0.610161, -0.583477, 0.235996
2.650176, -0.610123, -0.585327, 0.230083
2.650681, -0.608597, -0.585403, 0.231724
2.651183, -0.605907, -0.587234, 0.238361
2.651690, -0.604935, -0.594692, 0.238304
2.652176, -0.602455, -0.604820, 0.232964
2.652669, -0.603943, -0.598202, 0.224609
2.653168, -0.600986, -0.587120, 0.212746
2.653672, -0.602627, -0.576077, 0.214443
2.654176, -0.599594, -0.568676, 0.226707
2.654695, -0.599957, -0.578403, 0.243530
2.655154, -0.599270, -0.593376, 0.259628
2.655659, -0.596752, -0.597458, 0.248089
2.656694, -0.594959, -0.607758, 0.213585
2.657201, -0.597458, -0.599098, 0.204735
2.657663, -0.594845, -0.585785, 0.200329
2.658178, -0.595303, -0.575428, 0.202942
2.658696, -0.596561, -0.569706, 0.205498
2.659201, -0.598621, -0.574417, 0.215931
2.659715, -0.597649, -0.578899, 0.231895
2.660158, -0.604000, -0.577717, 0.234966
2.661205, -0.604801, -0.572891, 0.231838
2.661705, -0.601978, -0.579758, 0.230579
2.662199, -0.602055, -0.580006, 0.221634
2.662712, -0.603333, -0.578003, 0.214348
2.663175, -0.609570, -0.572166, 0.208530
2.663671, -0.603542, -0.566139, 0.218525
2.664192, -0.604115, -0.565472, 0.243340
2.664770, -0.603008, -0.574169, 0.249500
2.665169, -0.601711, -0.581951, 0.231285
2.665750, -0.606747, -0.578384, 0.211048
2.666297, -0.605373, -0.575981, 0.192451
2.666738, -0.602589, -0.569019, 0.192146
2.667244, -0.607262, -0.563297, 0.199623
2.667746, -0.610809, -0.566025, 0.214272
2.668250, -0.610676, -0.576057, 0.220871
2.668769, -0.611629, -0.578022, 0.217991
2.669213, -0.612869, -0.578613, 0.216961
2.669735, -0.615482, -0.580864, 0.221653
2.670264, -0.614471, -0.577717, 0.228062
2.670699, -0.617275, -0.569668, 0.226498
2.671214, -0.622063, -0.561466, 0.213547
2.671716, -0.621548, -0.568542, 0.204296
2.672213, -0.623569, -0.582066, 0.202808
2.672709, -0.625038, -0.585155, 0.201454
2.673197, -0.621223, -0.580750, 0.205441
2.673690, -0.624886, -0.576363, 0.212116
2.674701, -0.628510, -0.570774, 0.226631
2.675198, -0.624790, -0.566502, 0.221844
2.675693, -0.625477, -0.567036, 0.211372
2.676185, -0.627918, -0.571404, 0.201168
2.676686, -0.629692, -0.575676, 0.200481
2.677182, -0.630894, -0.574970, 0.207825
2.677694, -0.630283, -0.567379, 0.205383
2.678181, -0.632534, -0.566311, 0.206432
2.678721, -0.637856, -0.565281, 0.209198
2.679180, -0.635281, -0.567150, 0.211048
2.679700, -0.631943, -0.562363, 0.211716
2.680190, -0.634422, -0.560989, 0.214882
2.680707, -0.637226, -0.558033, 0.208969
2.681226, -0.636559, -0.556450, 0.206146
2.681699, -0.636120, -0.560589, 0.206852
2.682215, -0.638351, -0.561066, 0.204430
2.682689, -0.638657, -0.564461, 0.204620
2.683207, -0.640850, -0.563602, 0.203953
2.683722, -0.643806, -0.562325, 0.206604
2.684230, -0.645905, -0.561562, 0.205116
2.684693, -0.644112, -0.564804, 0.205612
2.685204, -0.645256, -0.560722, 0.206280
2.685715, -0.645142, -0.562420, 0.206280
2.686199, -0.649509, -0.566177, 0.203705
2.686708, -0.652485, -0.558853, 0.198593
2.687241, -0.646019, -0.559444, 0.196896
2.687694, -0.658817, -0.557346, 0.195179
2.688212, -0.661354, -0.557632, 0.194721
2.688722, -0.661774, -0.557861, 0.190239
2.689226, -0.667057, -0.554047, 0.185261
2.690236, -0.671196, -0.551682, 0.183468
2.691226, -0.672607, -0.556107, 0.195332
2.691745, -0.677242, -0.551567, 0.196133
2.692202, -0.677700, -0.551319, 0.192795
2.692720, -0.678806, -0.545902, 0.185013
2.693226, -0.677471, -0.542965, 0.179462
2.693734, -0.681381, -0.541115, 0.179596
2.694239, -0.683479, -0.545464, 0.183678
2.694738, -0.690498, -0.542889, 0.185051
2.695242, -0.694618, -0.552025, 0.184002
2.695715, -0.692863, -0.551281, 0.184345
2.696234, -0.697041, -0.548363, 0.180092
2.696723, -0.696697, -0.547867, 0.177822
2.697211, -0.702019, -0.541973, 0.173321
2.697745, -0.704765, -0.531807, 0.167065
2.698234, -0.707245, -0.528412, 0.163345
2.698709, -0.711117, -0.527630, 0.164795
2.699256, -0.708790, -0.534344, 0.172653
2.699716, -0.707703, -0.532494, 0.168304
2.700737, -0.715523, -0.529594, 0.168533
2.701241, -0.722637, -0.527554, 0.159092
2.701730, -0.725555, -0.530415, 0.155010
2.702251, -0.726757, -0.527477, 0.154133
2.703248, -0.732212, -0.532455, 0.156441
2.703746, -0.735493, -0.531006, 0.158768
2.704224, -0.733624, -0.531006, 0.156689
2.704766, -0.738316, -0.533466, 0.159283
2.705768, -0.738010, -0.531082, 0.153847
2.706251, -0.739117, -0.540047, 0.153580
2.706725, -0.747585, -0.537148, 0.154648
2.707227, -0.753193, -0.534248, 0.156345
2.707731, -0.750256, -0.537415, 0.146866
2.708266, -0.756073, -0.535088, 0.145016
2.708724, -0.756588, -0.537262, 0.148411
2.709228, -0.753098, -0.535603, 0.148544
2.710750, -0.766850, -0.534592, 0.145760
2.711812, -0.771484, -0.528927, 0.136871
2.712317, -0.772724, -0.532818, 0.139160
2.713223, -0.773220, -0.532322, 0.137749
2.713734, -0.772495, -0.534210, 0.135231
2.714314, -0.775375, -0.533791, 0.131836
2.715331, -0.777264, -0.530148, 0.132141
2.715798, -0.777740, -0.531940, 0.138187
2.716265, -0.776005, -0.528355, 0.133762
2.716804, -0.776882, -0.531654, 0.130653
2.717252, -0.775375, -0.533371, 0.131035
2.717766, -0.778141, -0.534000, 0.128670
2.718292, -0.781307, -0.531654, 0.127068
2.718757, -0.777702, -0.532551, 0.128269
2.719273, -0.780125, -0.538387, 0.128574
2.719777, -0.783024, -0.536594, 0.123158
2.720787, -0.786171, -0.539970, 0.120277
2.771593, -0.782356, -0.580864, 0.065002
2.771671, -0.781651, -0.578327, 0.060921
2.771797, -0.782108, -0.575314, 0.055466
2.771878, -0.785732, -0.571671, 0.054779
2.771955, -0.782661, -0.577869, 0.055084
2.772031, -0.784245, -0.581284, 0.054626
2.772114, -0.786819, -0.585365, 0.055084
2.772239, -0.788765, -0.588722, 0.050678
2.772321, -0.785580, -0.586128, 0.043888
2.772400, -0.784473, -0.583668, 0.040493
2.772486, -0.783081, -0.581036, 0.043221
2.772560, -0.784111, -0.580177, 0.045891
2.772635, -0.788136, -0.581207, 0.048923
2.772768, -0.787449, -0.582504, 0.043602
2.772844, -0.783939, -0.586205, 0.041370
2.772923, -0.794582, -0.587082, 0.038109
2.773001, -0.796185, -0.588264, 0.039997
2.773078, -0.791245, -0.587788, 0.041523
2.773153, -0.794601, -0.586128, 0.040741
2.773287, -0.801697, -0.581894, 0.038643
2.773362, -0.800476, -0.579243, 0.034218
2.773439, -0.803261, -0.583115, 0.033741
2.773523, -0.810852, -0.589237, 0.037136
2.773601, -0.811119, -0.592594, 0.036678
2.773730, -0.813065, -0.586681, 0.032787
2.773806, -0.817776, -0.583630, 0.030594
2.773883, -0.821133, -0.582829, 0.027313
2.773969, -0.823441, -0.577526, 0.033855
2.774043, -0.825882, -0.578651, 0.040073
2.774117, -0.825500, -0.584927, 0.049248
2.774241, -0.826912, -0.586433, 0.046558
2.774319, -0.833855, -0.587177, 0.041943
2.774398, -0.838604, -0.578938, 0.030365
2.774472, -0.837593, -0.576363, 0.027294
2.774548, -0.843925, -0.577526, 0.030079
2.774629, -0.847492, -0.576687, 0.045490
2.774756, -0.847530, -0.573349, 0.051155
2.774838, -0.849934, -0.573750, 0.052586
2.774915, -0.854855, -0.578518, 0.047436
2.775317, -0.856819, -0.578403, 0.042095
2.776338, -0.864677, -0.559330, 0.039425
2.776849, -0.867424, -0.557098, 0.042858
2.777315, -0.869293, -0.557327, 0.050220
2.777861, -0.865574, -0.565948, 0.052433
2.778310, -0.864506, -0.564594, 0.047264
2.778850, -0.873718, -0.563679, 0.044193
2.779345, -0.877285, -0.561218, 0.048542
2.779836, -0.871372, -0.556927, 0.050392
2.780343, -0.873737, -0.549736, 0.048428
2.780844, -0.877476, -0.551147, 0.055656
2.781350, -0.881538, -0.553226, 0.056152
2.782840, -0.878963, -0.548286, 0.040798
2.783364, -0.880737, -0.542583, 0.050049
2.783866, -0.881939, -0.537148, 0.059071
2.784325, -0.885468, -0.533695, 0.064945
2.784832, -0.882015, -0.534630, 0.065002
2.785351, -0.881767, -0.535221, 0.059357
2.785869, -0.883541, -0.541401, 0.055046
2.786355, -0.877934, -0.537319, 0.051994
2.786863, -0.880966, -0.533886, 0.045853
2.787348, -0.885754, -0.531502, 0.052528
2.787851, -0.883121, -0.532722, 0.056248
2.788372, -0.884209, -0.533638, 0.060406
2.788876, -0.884857, -0.538177, 0.056496
2.789866, -0.884151, -0.535507, 0.050163
2.790378, -0.885773, -0.534000, 0.048904
2.790836, -0.886154, -0.536690, 0.053501
2.791355, -0.883846, -0.534039, 0.052757
2.791871, -0.888653, -0.536060, 0.050735
2.792386, -0.886230, -0.537891, 0.043736
2.793379, -0.886116, -0.541058, 0.037422
2.793868, -0.894337, -0.541325, 0.037460
2.794373, -0.893230, -0.544586, 0.038052
2.794861, -0.900078, -0.545158, 0.036316
2.795347, -0.899334, -0.541935, 0.035305
2.795836, -0.900288, -0.542164, 0.041943
2.796369, -0.900860, -0.545826, 0.027466
2.796829, -0.903721, -0.540333, 0.033512
2.797336, -0.908527, -0.540466, 0.036564
2.797843, -0.908127, -0.550766, 0.028992
2.798372, -0.906830, -0.537739, 0.025864
2.798876, -0.907707, -0.543232, 0.029659
2.799376, -0.905209, -0.550098, -0.003834
2.799865, -0.907516, -0.537338, 0.027866
2.800354, -0.913677, -0.549316, 0.005169
2.800857, -0.907135, -0.551071, 0.009613
2.801362, -0.911942, -0.549526, 0.014267
2.801865, -0.915184, -0.550213, -0.002193
2.802369, -0.914726, -0.550709, 0.007114
2.802875, -0.920296, -0.550518, 0.005360
2.803377, -0.918140, -0.551682, 0.000896
2.803865, -0.918999, -0.552654, -0.001774
2.804355, -0.917969, -0.547047, 0.001583
2.804850, -0.914917, -0.543098, 0.002022
2.805347, -0.916481, -0.540657, -0.006523
2.805959, -0.915470, -0.538902, -0.005589
2.806360, -0.912170, -0.537891, -0.009270
2.806856, -0.908432, -0.543919, -0.005627
2.807347, -0.907974, -0.539761, -0.001431
2.808412, -0.904865, -0.533352, -0.014725
2.808911, -0.901260, -0.534782, -0.014629
2.809435, -0.897179, -0.534306, -0.018253
2.809913, -0.896797, -0.533581, -0.016251
2.810427, -0.893345, -0.532913, -0.018349
2.810879, -0.891724, -0.526581, -0.016518
2.811391, -0.892105, -0.528870, -0.014267
2.811914, -0.888920, -0.526218, -0.019913
2.812373, -0.886936, -0.525455, -0.019875
2.812888, -0.886269, -0.523510, -0.022869
2.813356, -0.887299, -0.519142, -0.023499
2.813866, -0.884686, -0.520916, -0.021725
2.814382, -0.879650, -0.526428, -0.017738
2.814859, -0.882931, -0.528870, -0.019627
2.815365, -0.879688, -0.527382, -0.028458
2.815873, -0.873775, -0.519123, -0.037041
2.816370, -0.874500, -0.516834, -0.036640
2.816900, -0.877724, -0.510693, -0.034161
2.817362, -0.874538, -0.510883, -0.035439
2.817878, -0.876999, -0.512600, -0.038548
2.818392, -0.870247, -0.516224, -0.037270
2.819864, -0.862217, -0.516129, -0.044918
2.820363, -0.866432, -0.520306, -0.041466
2.820886, -0.862846, -0.526695, -0.042152
2.821864, -0.865002, -0.519524, -0.050735
2.822384, -0.857067, -0.514908, -0.042038
2.823419, -0.859280, -0.528469, -0.038319
2.823893, -0.864582, -0.532932, -0.051441
2.824413, -0.863037, -0.536423, -0.059605
2.824882, -0.864925, -0.534935, -0.061035
2.825413, -0.867577, -0.530338, -0.056286
2.825879, -0.866184, -0.530586, -0.050259
2.826894, -0.864506, -0.536919, -0.054722
2.827919, -0.867329, -0.535336, -0.057640
2.828389, -0.870304, -0.536880, -0.063648
2.828916, -0.865707, -0.543232, -0.062809
2.829405, -0.861549, -0.539303, -0.075245
2.829894, -0.862408, -0.535622, -0.073910
2.830384, -0.860653, -0.535049, -0.063076
2.830887, -0.857258, -0.538788, -0.064716
2.831908, -0.861664, -0.543823, -0.059052
2.832428, -0.859928, -0.540752, -0.058746
2.832887, -0.854530, -0.544319, -0.061302
2.833926, -0.853977, -0.538769, -0.066776
2.834413, -0.855236, -0.539894, -0.065556
2.834921, -0.858803, -0.539608, -0.060329
2.835382, -0.862980, -0.540485, -0.053101
2.835953, -0.856838, -0.548439, -0.056686
2.836385, -0.856400, -0.552254, -0.055656
2.836934, -0.853043, -0.551014, -0.053864
2.837396, -0.851574, -0.549622, -0.053692
2.837916, -0.846539, -0.550442, -0.048904
2.838414, -0.837994, -0.550575, -0.046558
2.838892, -0.835323, -0.548954, -0.048885
2.839420, -0.836315, -0.555725, -0.052471
2.839896, -0.837650, -0.556908, -0.053158
2.840399, -0.836792, -0.552597, -0.052814
2.840924, -0.836411, -0.556335, -0.054932
2.841422, -0.832882, -0.563335, -0.043201
2.841904, -0.835800, -0.567894, -0.042858
2.842445, -0.834389, -0.566826, -0.044823
2.842931, -0.832443, -0.561104, -0.036926
2.843402, -0.827332, -0.565491, -0.039272
2.843933, -0.828342, -0.569897, -0.041256
2.844402, -0.827732, -0.563831, -0.037193
2.844893, -0.818691, -0.564156, -0.030003
2.845408, -0.813751, -0.566292, -0.023842
2.845956, -0.815086, -0.560989, -0.026169
2.846412, -0.810776, -0.550785, -0.022945
2.846944, -0.806828, -0.558624, -0.036755
2.847400, -0.804691, -0.552521, -0.022278
2.847915, -0.802040, -0.561619, -0.021324
2.848401, -0.807476, -0.572548, -0.034695
2.848903, -0.802803, -0.563984, -0.028267
2.849404, -0.801525, -0.558548, -0.028591
2.849909, -0.799713, -0.561123, -0.013275
2.850428, -0.797291, -0.556526, -0.011520
2.850910, -0.798187, -0.556126, -0.013943
2.851430, -0.798588, -0.558739, -0.007591
2.851901, -0.795517, -0.556660, -0.009403
2.852405, -0.797520, -0.558224, -0.021381
2.852920, -0.797443, -0.554886, -0.015278
2.853493, -0.790710, -0.557346, -0.014400
2.853909, -0.789394, -0.556240, -0.009861
2.854486, -0.786152, -0.557766, -0.006790
2.854997, -0.779419, -0.565853, -0.009270
2.855464, -0.775013, -0.563831, -0.001926
2.856044, -0.768299, -0.568504, -0.010891
2.856476, -0.759411, -0.572624, -0.005722
2.856977, -0.757084, -0.583477, -0.002613
2.857479, -0.753860, -0.585537, -0.011654
2.857983, -0.750694, -0.591297, 0.001392
2.858487, -0.744305, -0.589123, 0.013866
2.858991, -0.749340, -0.586262, 0.020008
2.859436, -0.747852, -0.582809, 0.029984
2.859940, -0.752430, -0.588760, 0.018368
2.860432, -0.753880, -0.585804, 0.017681
2.860915, -0.758076, -0.576782, 0.005589
2.861452, -0.762367, -0.572014, -0.001850
2.861934, -0.772476, -0.576992, -0.005836
2.862428, -0.778732, -0.552502, 0.002003
2.862925, -0.774536, -0.546532, -0.007057
2.863420, -0.781803, -0.551357, -0.013790
2.863924, -0.778561, -0.538406, 0.015545
2.864419, -0.787468, -0.525398, 0.014229
2.864967, -0.785770, -0.530872, 0.008507
2.865465, -0.782490, -0.515766, 0.029430
2.865932, -0.783806, -0.515099, 0.022297
2.866444, -0.777836, -0.495644, 0.040016
2.866938, -0.778465, -0.485039, 0.057144
2.867438, -0.772018, -0.493622, 0.037251
2.867926, -0.765247, -0.473423, 0.080147
2.868428, -0.765076, -0.497017, 0.044937
2.868932, -0.755043, -0.473919, 0.085087
2.869480, -0.746269, -0.454712, 0.115852
2.870458, -0.722504, -0.458565, 0.134583
2.870954, -0.701447, -0.444202, 0.126133
2.871435, -0.644093, -0.386982, 0.185471
2.871939, -0.512905, -0.238762, 0.335464
2.872444, -0.355148, -0.033798, 0.597115
2.872945, -0.352917, -0.139122, 0.498390
2.873450, -0.432758, -0.207539, 0.426102
2.873954, -0.498161, -0.159512, 0.562305
2.874458, -0.569859, -0.276108, 0.349007
2.874946, -0.655651, -0.314922, 0.395470
2.875453, -0.708809, -0.379753, 0.382347
2.875971, -0.741291, -0.390854, 0.415573
2.876966, -0.783234, -0.422497, 0.315742
2.877483, -0.794067, -0.414906, 0.313568
2.877968, -0.799732, -0.416527, 0.260639
2.878458, -0.810890, -0.447578, 0.249157
2.878942, -0.815468, -0.505905, 0.274067
2.879969, -0.823174, -0.578938, 0.227108
2.880473, -0.823078, -0.584984, 0.190697
2.880990, -0.820179, -0.595951, 0.164433
2.881480, -0.823746, -0.597000, 0.132236
2.881984, -0.819225, -0.598145, 0.115452
2.882468, -0.818100, -0.612888, 0.093746
2.882967, -0.821629, -0.640583, 0.075932
2.883464, -0.824642, -0.651627, 0.078545
2.883989, -0.828152, -0.663166, 0.073204
2.884489, -0.833015, -0.667553, 0.060043
2.885493, -0.840111, -0.618801, 0.013371
2.885982, -0.843525, -0.624409, -0.028496
2.886487, -0.847111, -0.630493, -0.020065
2.886960, -0.847931, -0.642853, -0.014572
2.887480, -0.849380, -0.638351, -0.004940
2.887948, -0.849915, -0.618000, -0.007248
2.888471, -0.853119, -0.596504, -0.022507
2.889480, -0.851650, -0.595703, -0.056000
2.889973, -0.859585, -0.593014, -0.066986
2.890454, -0.861111, -0.589771, -0.065136
2.891005, -0.864162, -0.590553, -0.065918
2.891479, -0.864162, -0.586376, -0.064850
2.891955, -0.857353, -0.582066, -0.060215
2.892457, -0.868187, -0.569420, -0.063610
2.892961, -0.868511, -0.555000, -0.060673
2.893499, -0.866337, -0.555286, -0.070992
2.894503, -0.877132, -0.559349, -0.085335
2.895498, -0.868607, -0.557041, -0.071869
2.895967, -0.867825, -0.559330, -0.069561
2.896487, -0.865479, -0.558033, -0.055695
2.896961, -0.866776, -0.557060, -0.059948
2.897510, -0.858879, -0.549278, -0.063896
2.897998, -0.863953, -0.542507, -0.053139
2.898487, -0.857735, -0.547314, -0.053253
2.898976, -0.855808, -0.543118, -0.048981
2.899479, -0.848007, -0.543957, -0.048122
2.899984, -0.840435, -0.545044, -0.043240
2.900488, -0.834026, -0.546246, -0.032425
2.900965, -0.838490, -0.545578, -0.027218
2.901560, -0.833378, -0.547676, -0.020847
2.902063, -0.826893, -0.548935, -0.023632
2.903017, -0.823421, -0.538273, -0.010090
2.903526, -0.818558, -0.534878, -0.001850
2.904072, -0.814838, -0.533619, 0.003529
2.904518, -0.811825, -0.531673, 0.009270
2.905025, -0.811062, -0.530319, 0.011311
2.905527, -0.808105, -0.531769, 0.021725
2.906079, -0.807610, -0.529728, 0.027618
2.906520, -0.801105, -0.527802, 0.027771
2.907011, -0.798149, -0.527020, 0.036335
2.907500, -0.798759, -0.526218, 0.043926
2.907988, -0.794258, -0.528202, 0.049686
2.908486, -0.796070, -0.521946, 0.055943
2.909022, -0.797539, -0.531178, 0.064964
2.909523, -0.796909, -0.540714, 0.070114
2.910014, -0.797195, -0.538864, 0.065403
2.910489, -0.791855, -0.527172, 0.070686
2.911011, -0.792522, -0.521908, 0.071335
2.911505, -0.790882, -0.532780, 0.076275
2.912009, -0.789661, -0.542927, 0.083141
2.912504, -0.791817, -0.543690, 0.090790
2.912982, -0.792637, -0.547791, 0.094032
2.913483, -0.792465, -0.553722, 0.083961
2.914018, -0.791912, -0.550270, 0.080357
2.914515, -0.792065, -0.548115, 0.078506
2.915025, -0.788670, -0.542831, 0.071926
2.915510, -0.791321, -0.538998, 0.075474
2.916181, -0.787945, -0.542965, 0.078697
2.916502, -0.783520, -0.543594, 0.076923
2.916999, -0.784187, -0.545788, 0.085258
2.917510, -0.779915, -0.546494, 0.093536
2.918506, -0.778885, -0.549946, 0.082436
2.919023, -0.775700, -0.551357, 0.080528
2.919498, -0.775547, -0.554047, 0.079174
2.919997, -0.771694, -0.557213, 0.073166
2.920538, -0.768471, -0.556717, 0.071392
2.921004, -0.765667, -0.556011, 0.068188
2.921524, -0.769501, -0.560532, 0.067062
2.921997, -0.772076, -0.560131, 0.055161
2.922502, -0.768089, -0.564976, 0.056190
2.923010, -0.765400, -0.561180, 0.051975
2.923529, -0.773354, -0.561237, 0.047817
2.924002, -0.770969, -0.563431, 0.052738
2.924508, -0.767536, -0.566177, 0.058880
2.925020, -0.774364, -0.561733, 0.052147
2.925538, -0.771809, -0.565872, 0.047359
2.926035, -0.768223, -0.571308, 0.043240
2.926508, -0.763855, -0.570545, 0.032368
2.927011, -0.771675, -0.564442, 0.031395
2.927519, -0.771656, -0.568962, 0.027351
2.928020, -0.771065, -0.568256, 0.025635
2.928520, -0.775146, -0.563583, 0.028210
2.929030, -0.775719, -0.561485, 0.027122
2.929555, -0.777378, -0.569668, 0.026550
2.930013, -0.779533, -0.573807, 0.019741
2.930546, -0.780029, -0.580940, 0.021343
2.931009, -0.786324, -0.574608, 0.015144
2.931544, -0.787334, -0.565224, 0.010242
2.932030, -0.785313, -0.568466, 0.012722
2.932536, -0.787659, -0.572624, 0.009232
2.933037, -0.787983, -0.573177, 0.010757
2.933540, -0.795383, -0.578594, 0.011539
2.934043, -0.792007, -0.576897, 0.002174
2.934545, -0.795326, -0.565186, -0.004864
2.935037, -0.796928, -0.557919, -0.005150
2.935541, -0.800037, -0.555401, -0.003529
2.936072, -0.803642, -0.561886, 0.004539
2.936532, -0.802708, -0.575523, 0.013561
2.937049, -0.802593, -0.582733, 0.004063
2.937555, -0.803280, -0.580292, 0.001316
2.938060, -0.805969, -0.567513, -0.008831
2.938563, -0.809345, -0.556374, -0.018044
2.939052, -0.809193, -0.555630, -0.009327
2.939570, -0.812569, -0.555019, -0.015316
2.940032, -0.809326, -0.553093, -0.018997
2.940565, -0.813789, -0.551987, -0.013466
2.941036, -0.817261, -0.550785, -0.020370
2.941543, -0.817833, -0.554352, -0.023499
2.942047, -0.814610, -0.555954, -0.024223
2.942564, -0.813560, -0.549698, -0.029125
2.943072, -0.810814, -0.555973, -0.024757
2.943521, -0.807991, -0.558300, -0.029678
2.944529, -0.811691, -0.551186, -0.031223
2.945052, -0.811386, -0.550880, -0.031147
2.945562, -0.815258, -0.548306, -0.039101
2.946044, -0.814171, -0.547390, -0.036793
2.946534, -0.807190, -0.547428, -0.041447
2.947044, -0.812626, -0.541363, -0.043678
2.947643, -0.807438, -0.540733, -0.041313
2.948036, -0.803680, -0.542259, -0.040779
2.948607, -0.796185, -0.526714, -0.040798
2.949111, -0.776424, -0.470333, -0.032787
2.949626, -0.770454, -0.449543, -0.009136
2.950132, -0.756874, -0.434513, -0.034866
2.950636, -0.743008, -0.408268, 0.022602
2.951079, -0.742645, -0.429211, 0.011024
2.951586, -0.737324, -0.443726, 0.039043
2.952106, -0.735302, -0.460167, 0.044785
2.952561, -0.731392, -0.462494, 0.052853
2.953083, -0.723267, -0.449886, 0.049458
2.953583, -0.720177, -0.449371, 0.030251
2.954072, -0.714664, -0.448322, 0.046253
2.954574, -0.713234, -0.474682, 0.027637
2.955065, -0.715446, -0.477142, 0.027237
2.955554, -0.707130, -0.494785, 0.012417
2.956087, -0.708599, -0.502586, 0.017548
2.956548, -0.710144, -0.510693, 0.019188
2.957049, -0.709209, -0.520382, 0.015965
2.957599, -0.703659, -0.528603, 0.018845
2.958043, -0.704613, -0.545464, 0.015392
2.958590, -0.704460, -0.552826, 0.010605
2.959080, -0.702629, -0.567627, 0.005398
2.959583, -0.702648, -0.571308, 0.004654
2.960559, -0.703354, -0.579014, 0.011253
2.961083, -0.708599, -0.578384, 0.018673
2.961566, -0.707169, -0.581799, 0.012760
2.962052, -0.711117, -0.581970, 0.007439
2.962546, -0.713024, -0.581455, 0.002422
2.963066, -0.711060, -0.585728, -0.001564
2.963563, -0.717297, -0.590630, -0.005817
2.964083, -0.721474, -0.595016, -0.007324
2.964552, -0.726051, -0.595436, -0.007019
2.965064, -0.733910, -0.589848, -0.016327
2.965582, -0.735378, -0.580349, -0.018291
2.966062, -0.737438, -0.582027, -0.017891
2.966560, -0.741882, -0.585480, -0.013542
2.967070, -0.753117, -0.587864, -0.008335
2.967582, -0.755024, -0.590534, -0.009460
2.968101, -0.754700, -0.587807, -0.018196
2.968560, -0.752316, -0.579624, -0.027180
2.969079, -0.749779, -0.574608, -0.031548
2.969582, -0.749798, -0.576630, -0.032520
2.970100, -0.753269, -0.587273, -0.031586
2.970562, -0.746117, -0.593758, -0.038204
2.971087, -0.746040, -0.598717, -0.053005
2.971597, -0.748444, -0.586910, -0.071163
2.972059, -0.752945, -0.565472, -0.095005
2.972598, -0.752277, -0.575008, -0.097122
2.973079, -0.753632, -0.596104, -0.067749
2.973605, -0.758553, -0.601025, -0.043144
2.975094, -0.755692, -0.564117, -0.104370
2.975609, -0.763054, -0.556297, -0.112953
2.976078, -0.765839, -0.552082, -0.116653
2.976566, -0.773010, -0.555553, -0.115166
2.977068, -0.778942, -0.566597, -0.108242
2.977571, -0.780144, -0.582809, -0.064526
2.978068, -0.774746, -0.562038, -0.049934
2.978571, -0.776272, -0.530910, -0.074158
2.979079, -0.776215, -0.521889, -0.087891
2.979583, -0.782394, -0.503178, -0.103912
2.980590, -0.787315, -0.515709, -0.133228
2.981094, -0.787487, -0.547943, -0.079346
2.981582, -0.782280, -0.536556, -0.060120
2.982072, -0.780773, -0.517979, -0.087738
2.982619, -0.770092, -0.504913, -0.109653
2.983100, -0.764236, -0.493336, -0.117893
2.983582, -0.759583, -0.497665, -0.130405
2.984072, -0.740852, -0.506878, -0.131321
2.984571, -0.721703, -0.522175, -0.145512
2.985124, -0.725212, -0.531445, -0.160103
2.985612, -0.729408, -0.525303, -0.179577
2.986121, -0.744019, -0.515232, -0.184536
2.986620, -0.762672, -0.531254, -0.136814
2.987125, -0.771465, -0.541134, -0.114079
2.987602, -0.779266, -0.536079, -0.137062
2.988087, -0.785885, -0.537548, -0.170708
2.989099, -0.795879, -0.529461, -0.183201
2.989599, -0.799942, -0.523567, -0.182934
2.990107, -0.803947, -0.531616, -0.163689
2.990629, -0.806007, -0.538025, -0.156670
2.991622, -0.811520, -0.535278, -0.170040
2.992220, -0.812969, -0.536194, -0.174675
2.992606, -0.818615, -0.535297, -0.184345
2.993110, -0.819492, -0.527534, -0.191650
2.993592, -0.822334, -0.531864, -0.177250
2.994096, -0.821762, -0.537624, -0.162125
2.994583, -0.828514, -0.546665, -0.156193
2.995092, -0.825024, -0.555477, -0.158310
2.995659, -0.824299, -0.548248, -0.171089
2.996650, -0.826588, -0.525799, -0.190086
2.997156, -0.831432, -0.521202, -0.186024
2.997630, -0.832367, -0.523491, -0.180950
2.998139, -0.832977, -0.525398, -0.178795
2.998652, -0.839577, -0.526333, -0.171261
