time, x, y, z 
0.000777, -0.970001, 0.173702, 0.548496
0.000963, -0.702839, 0.063038, 0.387192
0.001048, -0.732307, 0.123520, 0.613308
0.001130, -0.819988, 0.200844, 0.666599
0.001210, -0.891113, 0.123882, 0.622501
0.001293, -1.094398, 0.000687, 0.547962
0.001378, -1.173153, -0.093422, 0.529842
0.001460, -1.010895, -0.063457, 0.553513
0.001539, -0.665913, -0.123005, 0.516682
0.001619, -0.491104, -0.118408, 0.446701
0.001702, -0.609055, 0.064583, 0.551643
0.001785, -0.873280, 0.095673, 0.683441
0.001864, -1.084690, 0.077572, 0.914230
0.001947, -1.150017, 0.166130, 0.852604
0.002026, -1.062508, 0.313168, 0.674496
0.002106, -0.860291, 0.163803, 0.490341
0.002187, -0.667152, 0.102692, 0.501728
0.002266, -0.615749, 0.150089, 0.551929
0.002347, -0.759068, 0.194035, 0.608673
0.002426, -1.073856, 0.267544, 0.590839
0.002507, -1.324520, 0.334625, 0.539093
0.002588, -1.413193, 0.334511, 0.412254
0.002668, -1.264038, 0.198021, 0.265312
0.002750, -0.955830, 0.099621, 0.206203
0.002829, -0.706730, 0.034561, 0.338879
0.002915, -0.571270, 0.016556, 0.634651
0.002995, -0.519028, -0.051651, 0.804729
0.003076, -0.533371, -0.084209, 0.787277
0.003157, -0.536270, -0.022278, 0.797329
0.003452, -0.505352, 0.017166, 0.814190
0.003882, -0.460892, 0.015430, 0.853481
0.004383, -0.478649, 0.013123, 0.778484
0.004884, -0.563717, 0.043945, 0.661240
0.005382, -0.768871, 0.079308, 0.607433
0.005878, -0.883293, 0.177212, 0.720730
0.006376, -0.880566, 0.141830, 0.679531
0.006874, -0.943203, 0.105991, 0.677090
0.007372, -0.986099, 0.117321, 0.492249
0.007870, -0.956135, 0.085182, 0.455341
0.008366, -0.945549, 0.095596, 0.476303
0.008860, -1.108856, 0.175934, 0.408840
0.009352, -1.255550, 0.200615, 0.375824
0.009846, -1.221409, 0.206070, 0.279922
0.010338, -1.026649, 0.098438, 0.461674
0.010830, -0.811100, 0.109596, 0.515480
0.011330, -0.760746, 0.127716, 0.573997
0.011825, -0.811958, 0.109577, 0.582542
0.012314, -0.822277, 0.102444, 0.616970
0.012807, -0.794125, 0.133667, 0.638771
0.013298, -0.783386, 0.137196, 0.634480
0.013797, -0.735359, 0.087070, 0.593185
0.014288, -0.690670, 0.070019, 0.605869
0.014780, -0.709515, 0.084095, 0.660362
0.015295, -0.749722, 0.071392, 0.700874
0.015793, -0.754776, 0.070114, 0.682316
0.016286, -0.756989, 0.085239, 0.637760
0.016781, -0.750313, 0.062065, 0.620747
0.017295, -0.727367, 0.028286, 0.657501
0.017745, -0.702915, 0.039043, 0.700912
0.018241, -0.708542, 0.042992, 0.694809
0.019251, -0.815449, 0.102692, 0.536766
0.019745, -0.853996, 0.108643, 0.552864
0.020238, -0.824509, 0.097370, 0.569153
0.020726, -0.815563, 0.109520, 0.550346
0.021241, -0.829105, 0.112686, 0.532265
0.021759, -0.821419, 0.119362, 0.533581
0.022218, -0.808716, 0.122833, 0.563526
0.022726, -0.802727, 0.139294, 0.551891
0.023227, -0.809536, 0.145130, 0.523949
0.023719, -0.807495, 0.140018, 0.549469
0.024203, -0.790596, 0.139618, 0.588932
0.024699, -0.773163, 0.148544, 0.599060
0.025193, -0.763988, 0.133858, 0.581303
0.025687, -0.759602, 0.143127, 0.565910
0.026183, -0.750446, 0.133266, 0.586510
0.026677, -0.745296, 0.134621, 0.602703
0.027167, -0.742016, 0.128193, 0.607567
0.027659, -0.735416, 0.119171, 0.607319
0.028154, -0.726795, 0.109215, 0.614605
0.028658, -0.719872, 0.108566, 0.627079
0.029159, -0.720062, 0.102558, 0.619946
0.029678, -0.718021, 0.092030, 0.608044
0.030177, -0.721397, 0.084286, 0.589104
0.030674, -0.718517, 0.074177, 0.611782
0.031184, -0.716095, 0.068798, 0.638542
0.031677, -0.713806, 0.060863, 0.640030
0.032175, -0.717678, 0.056210, 0.617123
0.032667, -0.722904, 0.052624, 0.604019
0.033159, -0.725670, 0.055428, 0.611897
0.033659, -0.726166, 0.045376, 0.627937
0.034173, -0.725861, 0.039997, 0.619984
0.035174, -0.736675, 0.032539, 0.612545
0.035675, -0.734711, 0.039196, 0.616188
0.036173, -0.739937, 0.037632, 0.603008
0.036665, -0.744915, 0.019875, 0.591545
0.037107, -0.752258, 0.019112, 0.581608
0.037597, -0.760212, 0.015621, 0.581627
0.038091, -0.764084, 0.007610, 0.583363
0.038585, -0.770988, 0.005398, 0.574188
0.039077, -0.779648, -0.001087, 0.573463
0.039571, -0.783691, -0.000782, 0.573025
0.040064, -0.787773, -0.016651, 0.558796
0.040558, -0.807343, -0.030861, 0.552254
0.041049, -0.829678, -0.032310, 0.541363
0.041543, -0.844727, -0.043297, 0.528355
0.042035, -0.856247, -0.051155, 0.517578
0.042529, -0.863266, -0.043488, 0.519638
0.043021, -0.863724, -0.030937, 0.510921
0.043515, -0.856094, -0.063477, 0.494995
0.044033, -0.848446, -0.070629, 0.522137
0.044529, -0.812912, 0.033054, 0.596123
0.045021, -0.780888, 0.055695, 0.636616
0.045514, -0.778675, 0.052204, 0.641518
0.046021, -0.790939, 0.094013, 0.615711
0.046478, -0.804100, 0.089893, 0.595646
0.046985, -0.817204, 0.040340, 0.589886
0.047488, -0.841198, -0.019760, 0.568409
0.047988, -0.879154, -0.050449, 0.528584
0.048483, -0.916786, -0.092411, 0.470619
0.048975, -0.924587, -0.113525, 0.491924
0.049466, -0.909958, -0.056477, 0.540638
0.049958, -0.895443, 0.018578, 0.572548
0.050466, -0.879936, 0.007515, 0.547028
0.050992, -0.889664, -0.028057, 0.517769
0.051469, -0.913620, -0.058556, 0.465832
0.051934, -0.939598, -0.025864, 0.482349
0.052458, -0.951118, -0.016632, 0.476494
0.052945, -0.915089, 0.045357, 0.553932
0.053437, -0.873432, 0.035210, 0.547924
0.053959, -0.861835, 0.016193, 0.527878
0.054455, -0.900364, 0.003777, 0.424747
0.054903, -0.902767, 0.000668, 0.443039
0.055438, -0.850201, 0.055199, 0.531330
0.055928, -0.803413, 0.108738, 0.622787
0.056392, -0.759525, 0.120869, 0.634727
0.056930, -0.718174, 0.165367, 0.693150
0.057407, -0.687752, 0.225315, 0.739555
0.057907, -0.688877, 0.273800, 0.788841
0.058369, -0.706673, 0.209904, 0.702305
0.058879, -0.770130, 0.148048, 0.625343
0.059367, -0.845165, 0.200577, 0.495472
0.059887, -0.837784, 0.273838, 0.539227
0.060353, -0.803871, 0.162125, 0.471325
0.060888, -0.828762, 0.137291, 0.463924
0.061352, -0.816612, 0.167313, 0.532074
0.061881, -0.742168, 0.197601, 0.645199
0.062366, -0.626221, 0.352669, 0.911064
0.062834, -0.563431, 0.420895, 0.992928
0.063362, -0.605297, 0.377312, 0.852013
0.063853, -0.690746, 0.278625, 0.686398
0.064355, -0.733624, 0.283909, 0.671883
0.064844, -0.732899, 0.256672, 0.660915
0.065333, -0.741901, 0.127335, 0.656567
0.065810, -0.753956, 0.070896, 0.531311
0.066336, -0.770416, 0.114269, 0.484009
0.066815, -0.779934, 0.133762, 0.483952
0.067319, -0.778561, 0.132790, 0.703259
0.067823, -0.792046, 0.174351, 0.795918
0.068327, -0.845375, 0.124435, 0.659599
0.069304, -0.847130, 0.097656, 0.567455
0.069808, -0.781441, 0.132294, 0.617218
0.070311, -0.695801, 0.134525, 0.603542
0.070771, -0.674801, 0.184116, 0.655155
0.071305, -0.721035, 0.210419, 0.654945
0.071764, -0.776024, 0.210323, 0.620747
0.072272, -0.814972, 0.203743, 0.446587
0.072785, -0.791531, 0.253315, 0.477238
0.073231, -0.688267, 0.292339, 0.513725
0.074007, -0.620499, 0.324173, 0.515652
0.074424, -0.587234, 0.375328, 0.885067
0.074749, -0.610409, 0.422955, 0.923538
0.075311, -0.656357, 0.381680, 0.874710
0.075876, -0.726852, 0.322361, 0.677242
0.076280, -0.769806, 0.279713, 0.587769
0.076875, -0.764141, 0.255585, 0.482922
0.077321, -0.730171, 0.242691, 0.444775
0.077795, -0.709724, 0.242386, 0.322170
0.078328, -0.721760, 0.228863, 0.431995
0.078936, -0.721760, 0.247974, 0.522499
0.079339, -0.710526, 0.285969, 0.657902
0.079860, -0.723438, 0.322704, 0.648232
0.080389, -0.668736, 0.276737, 0.685177
0.080805, -0.552788, 0.304871, 0.598450
0.081162, -0.524616, 0.338058, 0.490513
0.081741, -0.537109, 0.229816, 0.612507
0.082165, -0.490761, 0.132217, 0.754128
0.082667, -0.446186, 0.214596, 0.822544
0.083162, -0.434742, 0.150547, 1.032085
0.083661, -0.404911, 0.167656, 1.112652
0.084252, -0.376949, 0.196228, 1.178818
0.084742, -0.347443, 0.212727, 1.185532
0.085155, -0.331593, 0.143986, 1.205082
0.085619, -0.317898, 0.076065, 1.197910
0.086162, -0.352879, 0.097542, 0.983849
0.086618, -0.468731, 0.051804, 0.813179
0.087141, -0.579967, -0.006809, 0.775089
0.087601, -0.620708, 0.015392, 0.800095
0.088134, -0.621948, 0.062218, 0.763760
0.088621, -0.654774, 0.087967, 0.672779
0.089113, -0.702076, 0.077114, 0.558605
0.089602, -0.692024, 0.058708, 0.613251
0.090089, -0.669804, 0.060196, 0.632839
0.090608, -0.679016, 0.065231, 0.679359
0.091087, -0.685368, 0.063896, 0.743446
0.091566, -0.705185, 0.089931, 0.718784
0.092093, -0.736675, 0.120087, 0.655689
0.093089, -0.764809, 0.093460, 0.564766
0.093546, -0.775776, 0.107861, 0.549488
0.094045, -0.802326, 0.121231, 0.538101
0.094569, -0.817242, 0.133038, 0.539150
0.095068, -0.826797, 0.189877, 0.504932
0.095572, -0.854855, 0.188217, 0.450649
0.096030, -0.864811, 0.189056, 0.413380
0.096534, -0.836697, 0.207253, 0.474510
0.097038, -0.821285, 0.209141, 0.527115
0.097549, -0.819016, 0.194511, 0.487843
0.098001, -0.796757, 0.188770, 0.451698
0.098505, -0.727177, 0.192413, 0.516968
0.099009, -0.656605, 0.220051, 0.565853
0.099515, -0.625248, 0.251064, 0.630131
0.100031, -0.617981, 0.238190, 0.623779
0.101009, -0.552101, 0.197067, 0.657024
0.101514, -0.529537, 0.235405, 0.680752
0.102017, -0.521660, 0.236759, 0.738277
0.102460, -0.517998, 0.235691, 0.744801
0.102964, -0.524864, 0.179615, 0.762787
0.103473, -0.543022, 0.161114, 0.754948
0.103952, -0.568047, 0.133610, 0.765591
0.104464, -0.578175, 0.032368, 0.833549
0.104972, -0.545902, -0.011082, 0.857143
0.105971, -0.518742, -0.008812, 0.843029
0.106476, -0.554256, -0.066547, 0.802402
0.106920, -0.570660, -0.017319, 0.787926
0.107427, -0.585442, 0.019875, 0.806389
0.107927, -0.605984, 0.012646, 0.796547
0.108432, -0.629578, 0.010509, 0.750904
0.108918, -0.649471, 0.023537, 0.669060
0.109408, -0.672722, 0.029602, 0.646248
0.109904, -0.678349, 0.065804, 0.676785
0.110395, -0.680466, 0.113792, 0.700970
0.110905, -0.695667, 0.135078, 0.689526
0.111409, -0.718651, 0.127125, 0.626183
0.112401, -0.723057, 0.176220, 0.622253
0.112905, -0.707760, 0.142384, 0.676231
0.113412, -0.685139, 0.123520, 0.697021
0.113866, -0.669193, 0.132179, 0.686550
0.114376, -0.675392, 0.113335, 0.650082
0.114884, -0.692501, 0.092392, 0.636253
0.115382, -0.697155, 0.110416, 0.645523
0.116366, -0.666656, 0.122871, 0.692749
0.116831, -0.671082, 0.138988, 0.671597
0.117363, -0.679913, 0.137939, 0.651855
0.117824, -0.677414, 0.129261, 0.657234
0.118341, -0.666027, 0.146770, 0.692711
0.118812, -0.656185, 0.199852, 0.717640
0.119327, -0.660095, 0.210876, 0.684376
0.119814, -0.693779, 0.109329, 0.681953
0.120313, -0.716324, 0.027351, 0.654869
0.120815, -0.722733, 0.012932, 0.657463
0.121289, -0.726089, 0.016422, 0.651703
0.121816, -0.715828, -0.010986, 0.661507
0.122328, -0.696354, -0.030441, 0.670300
0.122845, -0.673161, -0.021648, 0.687504
0.123326, -0.675888, -0.020561, 0.714893
0.123852, -0.687675, -0.049763, 0.746765
0.124281, -0.695858, -0.066624, 0.763073
0.124773, -0.684109, -0.044460, 0.766621
0.125307, -0.674706, -0.035667, 0.756702
0.125779, -0.665035, -0.031033, 0.746288
0.126311, -0.655899, 0.026646, 0.722790
0.126795, -0.657101, 0.026150, 0.747528
0.127335, -0.659714, 0.017929, 0.747585
0.128313, -0.657463, 0.063934, 0.683365
0.128821, -0.659008, 0.064812, 0.656548
0.129300, -0.644417, 0.072880, 0.689812
0.129724, -0.634956, 0.086555, 0.710945
0.130221, -0.650024, 0.076313, 0.678082
0.131283, -0.692806, 0.061531, 0.623760
0.131700, -0.709686, 0.041714, 0.641785
0.132224, -0.713863, 0.033684, 0.668278
0.132727, -0.710526, 0.046520, 0.652199
0.133705, -0.718327, 0.045490, 0.594177
0.134178, -0.727711, 0.028648, 0.618706
0.134696, -0.736809, 0.008984, 0.653648
0.135200, -0.740719, -0.002365, 0.673943
0.135704, -0.732212, 0.003834, 0.667324
0.136148, -0.734367, -0.021667, 0.656586
0.136652, -0.736885, -0.060825, 0.644131
0.137155, -0.741806, -0.081482, 0.651417
0.137659, -0.746765, -0.087852, 0.659943
0.138163, -0.740395, -0.080605, 0.670261
0.138666, -0.742130, -0.103207, 0.685711
0.139171, -0.747509, -0.116863, 0.657787
0.139615, -0.756092, -0.110226, 0.632915
0.140155, -0.748196, -0.086937, 0.623989
0.140630, -0.731716, -0.087471, 0.660744
0.141126, -0.724430, -0.074463, 0.685368
0.142144, -0.736847, -0.063801, 0.647488
0.143125, -0.755234, -0.093021, 0.647736
0.143626, -0.752277, -0.081120, 0.669212
0.144129, -0.748787, -0.076675, 0.655632
0.144584, -0.752277, -0.073071, 0.618935
0.145084, -0.761452, -0.070229, 0.590935
0.145573, -0.761223, -0.053558, 0.603104
0.146060, -0.753384, -0.024776, 0.634003
0.146564, -0.737686, 0.009804, 0.658894
0.147545, -0.719452, 0.052509, 0.632782
0.148045, -0.721149, 0.070496, 0.637360
0.148534, -0.718517, 0.075417, 0.647449
0.149023, -0.715046, 0.075798, 0.663090
0.149557, -0.715179, 0.067558, 0.667191
0.150064, -0.712490, 0.061779, 0.655823
0.150527, -0.717983, 0.059700, 0.648823
0.151034, -0.718269, 0.060978, 0.640087
0.151507, -0.715904, 0.061131, 0.646973
0.152014, -0.712032, 0.062790, 0.665894
0.152519, -0.708866, 0.062618, 0.672798
0.153022, -0.715733, 0.056973, 0.653248
0.153492, -0.717087, 0.050602, 0.627918
0.153988, -0.718536, 0.051041, 0.628319
0.154499, -0.713863, 0.054417, 0.657616
0.155008, -0.705795, 0.058250, 0.674438
0.155992, -0.714703, 0.048370, 0.633163
0.156474, -0.718555, 0.047531, 0.627785
0.157470, -0.713215, 0.052414, 0.663090
0.157986, -0.713558, 0.049133, 0.663948
0.158957, -0.717449, 0.046101, 0.639439
0.159931, -0.713577, 0.050011, 0.648346
0.160921, -0.713348, 0.046577, 0.649376
0.161426, -0.715008, 0.041409, 0.644283
0.161928, -0.717220, 0.041752, 0.634899
0.162449, -0.715179, 0.044937, 0.634861
0.162955, -0.714588, 0.047340, 0.642338
0.163454, -0.716190, 0.051041, 0.650368
0.163931, -0.716934, 0.048084, 0.647392
0.164432, -0.720005, 0.048313, 0.640182
0.165382, -0.718441, 0.050316, 0.640297
0.165883, -0.717831, 0.054951, 0.650368
0.166386, -0.718174, 0.056324, 0.651245
0.166876, -0.716877, 0.055790, 0.639801
0.167384, -0.718708, 0.055408, 0.631886
0.167886, -0.717678, 0.057564, 0.631485
0.168388, -0.716801, 0.058956, 0.638046
0.168890, -0.712757, 0.061035, 0.645523
0.169385, -0.711670, 0.062695, 0.645485
0.169873, -0.715122, 0.060673, 0.635223
0.170371, -0.715809, 0.059242, 0.634270
0.170869, -0.715351, 0.064125, 0.638084
0.171352, -0.717583, 0.064831, 0.643272
0.171866, -0.713692, 0.066223, 0.642738
0.172351, -0.716724, 0.064106, 0.636292
0.172845, -0.721130, 0.065765, 0.637016
0.173312, -0.722599, 0.066853, 0.636234
0.173882, -0.721607, 0.068817, 0.638580
0.174326, -0.718899, 0.068607, 0.641098
0.174831, -0.716591, 0.070400, 0.643139
0.175327, -0.718937, 0.068665, 0.639801
0.175823, -0.719204, 0.070953, 0.633583
0.176321, -0.723877, 0.071545, 0.629730
0.176826, -0.721512, 0.072784, 0.634956
0.177323, -0.717754, 0.076618, 0.638580
0.177823, -0.722008, 0.076351, 0.636425
0.178320, -0.744362, 0.076733, 0.624027
0.178790, -0.762138, 0.072136, 0.609856
0.179268, -0.764961, 0.063267, 0.594673
0.179768, -0.775852, 0.028191, 0.589943
0.180282, -0.784492, 0.015202, 0.580902
0.180742, -0.778084, 0.023632, 0.577278
0.181247, -0.765171, 0.025997, 0.588512
0.181766, -0.751228, 0.033684, 0.603333
0.182224, -0.742321, 0.047436, 0.611973
0.182743, -0.749626, 0.054779, 0.623341
0.183246, -0.751534, 0.053654, 0.630302
0.183709, -0.741043, 0.053635, 0.637455
0.184700, -0.727158, 0.058441, 0.641365
0.185202, -0.724525, 0.060635, 0.640717
0.185706, -0.720577, 0.068836, 0.643330
0.186194, -0.718536, 0.068722, 0.649738
0.186683, -0.726547, 0.070572, 0.652027
0.187188, -0.727520, 0.065556, 0.642757
0.187708, -0.734196, 0.061874, 0.634327
0.188208, -0.746536, 0.063229, 0.633640
0.188696, -0.750237, 0.058422, 0.633469
0.189195, -0.751324, 0.054779, 0.632248
0.189673, -0.746250, 0.060596, 0.627022
0.190158, -0.745697, 0.057011, 0.632343
0.190652, -0.745125, 0.055256, 0.635796
0.191156, -0.743237, 0.058823, 0.637589
0.192131, -0.740128, 0.059414, 0.636787
0.192637, -0.729332, 0.066795, 0.645332
0.193134, -0.720215, 0.073166, 0.659523
0.193650, -0.716019, 0.078697, 0.668316
0.194121, -0.718784, 0.076427, 0.662975
0.194648, -0.730362, 0.070229, 0.643520
0.195098, -0.747871, 0.063000, 0.629482
0.195623, -0.762119, 0.055313, 0.619297
0.196134, -0.780163, 0.045319, 0.605412
0.196607, -0.790462, 0.038433, 0.586033
0.197115, -0.788746, 0.040188, 0.579624
0.198099, -0.769958, 0.051003, 0.625916
0.198567, -0.771103, 0.055351, 0.627308
0.199095, -0.784092, 0.055676, 0.627956
0.199585, -0.794811, 0.051594, 0.616760
0.200100, -0.804691, 0.043163, 0.603733
0.200571, -0.809364, 0.033474, 0.582199
0.201083, -0.816174, 0.026054, 0.561047
0.201536, -0.825005, 0.029430, 0.560417
0.202037, -0.833549, 0.026951, 0.568562
0.202551, -0.849094, 0.022411, 0.562859
0.203033, -0.865765, 0.018158, 0.549831
0.203545, -0.882874, 0.001583, 0.523853
0.204015, -0.896816, -0.010796, 0.510883
0.204535, -0.895309, -0.008030, 0.517902
0.205003, -0.886478, -0.015316, 0.521450
0.205521, -0.871067, -0.023460, 0.537968
0.206034, -0.831547, -0.017681, 0.560131
0.206519, -0.791817, -0.013962, 0.579643
0.207030, -0.758915, -0.012569, 0.621586
0.207526, -0.743160, 0.000648, 0.633602
0.208003, -0.731506, 0.013695, 0.667095
0.208490, -0.730591, 0.004673, 0.690861
0.209014, -0.737267, -0.021496, 0.693073
0.209486, -0.747128, -0.025444, 0.650024
0.210489, -0.731030, 0.025196, 0.673637
0.211452, -0.678654, 0.095844, 0.757561
0.211956, -0.675735, 0.119209, 0.733509
0.212459, -0.692558, 0.088005, 0.689754
0.212952, -0.718994, 0.092163, 0.655632
0.213454, -0.733261, 0.072422, 0.648479
0.213987, -0.767765, 0.046234, 0.629845
0.214437, -0.778828, 0.044289, 0.648670
0.214939, -0.793533, 0.009003, 0.651627
0.215485, -0.825691, -0.020332, 0.610008
0.215943, -0.846367, -0.023556, 0.600319
0.216437, -0.814533, 0.002518, 0.585651
0.216929, -0.768070, 0.024929, 0.584736
0.217414, -0.736599, 0.073013, 0.660324
0.217936, -0.727787, 0.075417, 0.654583
0.218435, -0.701370, 0.109634, 0.685291
0.219046, -0.692406, 0.119648, 0.710125
0.219407, -0.708580, 0.100060, 0.739727
0.220079, -0.745716, 0.100155, 0.717602
0.220553, -0.797577, 0.103264, 0.666122
0.220982, -0.818806, 0.152397, 0.620861
0.221530, -0.808125, 0.190105, 0.557861
0.221928, -0.798779, 0.148449, 0.532188
0.222415, -0.820923, 0.135460, 0.532513
0.222849, -0.863285, 0.133228, 0.520325
0.223948, -0.854683, 0.130959, 0.524788
0.224330, -0.864811, 0.098839, 0.476303
0.224924, -0.903587, 0.130463, 0.417786
0.225330, -0.898151, 0.100784, 0.412407
0.225841, -0.870819, 0.008926, 0.406475
0.226324, -0.860195, -0.047684, 0.405178
0.226837, -0.836563, -0.028076, 0.463123
0.227304, -0.788250, -0.032921, 0.519085
0.227828, -0.726032, -0.060883, 0.671539
0.228327, -0.679970, -0.092335, 0.781898
0.228812, -0.648499, -0.065422, 0.819340
0.229305, -0.643177, -0.052757, 0.816154
0.229793, -0.628624, -0.101910, 0.744934
0.230286, -0.615101, -0.110626, 0.723228
0.230772, -0.614605, -0.031738, 0.726681
0.231766, -0.588894, 0.064392, 0.773964
0.232256, -0.566692, 0.157642, 0.857582
0.232757, -0.539284, 0.261364, 0.875301
0.233265, -0.569134, 0.236912, 0.879707
0.233785, -0.637779, 0.175209, 0.829067
0.234247, -0.744438, 0.161076, 0.765514
0.234775, -0.822659, 0.204334, 0.663700
0.235771, -0.837078, 0.063000, 0.491447
0.236231, -0.841179, 0.008202, 0.432510
0.236742, -0.837955, 0.033512, 0.438595
0.237738, -0.778198, 0.095863, 0.571823
0.238238, -0.727062, 0.052223, 0.610161
0.238743, -0.684528, 0.040798, 0.685749
0.239188, -0.662689, 0.068855, 0.717125
0.239691, -0.659561, 0.067348, 0.717754
0.240195, -0.661907, 0.010700, 0.628414
0.240698, -0.694427, -0.012302, 0.505581
0.241210, -0.714149, 0.017109, 0.564156
0.241664, -0.689945, 0.076885, 0.616226
0.242188, -0.644493, 0.052986, 0.654259
0.242688, -0.636501, 0.037308, 0.731468
0.243182, -0.628242, 0.069180, 0.811367
0.243675, -0.596867, 0.112934, 0.803471
0.244194, -0.556087, 0.088882, 0.845795
0.244639, -0.575447, 0.066795, 0.812855
0.245143, -0.629578, 0.090313, 0.793190
0.245649, -0.672874, 0.114269, 0.758305
0.246149, -0.710449, 0.126095, 0.695229
0.246654, -0.760593, 0.084000, 0.588570
0.247157, -0.801449, 0.060291, 0.482006
0.247664, -0.823879, 0.056915, 0.429459
0.248105, -0.818901, 0.065613, 0.453377
0.248609, -0.798264, 0.057049, 0.488453
0.249112, -0.770073, 0.088100, 0.531311
0.249616, -0.737839, 0.133972, 0.542183
0.250119, -0.728054, 0.157757, 0.564251
0.250623, -0.710754, 0.173550, 0.745831
0.251127, -0.689278, 0.182228, 0.702896
0.252104, -0.673447, 0.123882, 0.557098
0.252609, -0.698471, 0.076714, 0.590572
0.253587, -0.705032, 0.085373, 0.729542
0.254049, -0.709038, 0.058613, 0.688839
0.254592, -0.737953, -0.046539, 0.620708
0.255042, -0.817661, -0.129776, 0.484409
0.255568, -0.907192, -0.081520, 0.408363
0.256064, -0.918026, -0.015278, 0.490074
0.256559, -0.843906, 0.054665, 0.626678
0.257028, -0.733871, 0.128040, 0.740547
0.257547, -0.655212, 0.179634, 0.789719
0.258047, -0.653725, 0.148811, 0.752811
0.258533, -0.679207, 0.072765, 0.653019
0.259043, -0.695400, 0.023708, 0.535889
0.259517, -0.712166, 0.008698, 0.478477
0.260031, -0.716267, 0.022926, 0.500393
0.260504, -0.722046, 0.049706, 0.557919
0.260994, -0.733318, 0.050964, 0.592766
0.261488, -0.742855, 0.053406, 0.618095
0.262015, -0.739670, 0.080566, 0.649586
0.262507, -0.718994, 0.083199, 0.658493
0.262984, -0.686798, 0.085030, 0.639076
0.263469, -0.669861, 0.101395, 0.629101
0.264001, -0.670967, 0.097332, 0.612488
0.264475, -0.700436, 0.051270, 0.627804
0.265004, -0.723991, 0.033569, 0.696011
0.265498, -0.724201, 0.039825, 0.732708
0.266001, -0.712852, 0.058632, 0.773640
0.266490, -0.713005, 0.057678, 0.771656
0.266974, -0.720558, 0.025406, 0.716782
0.267468, -0.722160, 0.021152, 0.650692
0.268001, -0.734310, 0.040035, 0.625668
0.268518, -0.748959, 0.027924, 0.693016
0.269022, -0.755978, 0.006313, 0.756149
0.269499, -0.753422, 0.017090, 0.729637
0.269975, -0.758839, 0.014534, 0.641651
0.270490, -0.758648, 0.005398, 0.577564
0.270970, -0.736008, 0.021038, 0.610485
0.271396, -0.708389, 0.040569, 0.665913
0.272478, -0.721931, 0.026455, 0.666637
0.272979, -0.742683, 0.029488, 0.661469
0.273488, -0.752201, 0.035496, 0.696545
0.273867, -0.749226, 0.033436, 0.751896
0.274371, -0.748463, 0.040665, 0.758057
0.274875, -0.747070, 0.035038, 0.721817
0.275385, -0.750389, 0.030308, 0.693378
0.275865, -0.754871, 0.035515, 0.726318
0.276345, -0.752811, 0.041351, 0.781460
0.276873, -0.770359, 0.037575, 0.828133
0.277348, -0.796947, 0.043278, 0.814438
0.277852, -0.823250, 0.037479, 0.799046
0.278356, -0.841084, 0.035858, 0.797691
0.278860, -0.841560, 0.039654, 0.810032
0.279364, -0.842133, 0.044918, 0.810642
0.280341, -0.848808, 0.036469, 0.780392
0.280808, -0.850544, 0.045910, 0.785618
0.281297, -0.841923, 0.050354, 0.790081
0.281800, -0.834007, 0.051575, 0.787258
0.282298, -0.823956, 0.057297, 0.792847
0.283292, -0.799255, 0.052319, 0.808392
0.283841, -0.792294, 0.057106, 0.798626
0.284315, -0.784683, 0.054550, 0.782890
0.284788, -0.777836, 0.051498, 0.789795
0.285291, -0.772629, 0.053120, 0.810184
0.285786, -0.772152, 0.050812, 0.817814
0.286255, -0.769634, 0.056000, 0.813522
0.286760, -0.768394, 0.056839, 0.805283
0.287248, -0.757160, 0.052471, 0.809746
0.287750, -0.754509, 0.048275, 0.810375
0.288283, -0.749474, 0.046768, 0.797825
0.288774, -0.744705, 0.048237, 0.785160
0.289240, -0.735645, 0.044250, 0.778313
0.289730, -0.720119, 0.051155, 0.786667
0.290258, -0.708694, 0.048771, 0.794392
0.290727, -0.699272, 0.039692, 0.783443
0.291248, -0.690174, 0.036545, 0.774155
0.291731, -0.681000, 0.038948, 0.772896
0.292234, -0.669689, 0.044823, 0.782032
0.293220, -0.648670, 0.037479, 0.769997
0.293687, -0.639572, 0.028477, 0.758209
0.294208, -0.629158, 0.027828, 0.748501
0.294696, -0.621853, 0.033169, 0.745525
0.295216, -0.612621, 0.034523, 0.751209
0.295675, -0.599213, 0.033398, 0.743961
0.296155, -0.590343, 0.025005, 0.733700
0.296675, -0.581284, 0.015850, 0.711956
0.297193, -0.575142, 0.018444, 0.701408
0.297668, -0.563984, 0.016365, 0.709476
0.298148, -0.559120, 0.015717, 0.715885
0.298654, -0.558720, 0.007362, 0.702000
0.299176, -0.559330, 0.004272, 0.662651
0.299632, -0.555763, 0.006695, 0.640411
0.300140, -0.549812, 0.006886, 0.653648
0.300639, -0.541801, 0.011082, 0.678444
0.301143, -0.534458, 0.017853, 0.676899
0.301648, -0.530910, 0.016422, 0.649853
0.302151, -0.527344, 0.005989, 0.625668
0.303127, -0.499134, 0.004482, 0.677967
0.303631, -0.487385, 0.013485, 0.692215
0.304094, -0.479946, 0.008736, 0.675640
0.304594, -0.480995, -0.000477, 0.641613
0.305098, -0.477791, -0.002728, 0.638065
0.305617, -0.467091, 0.005455, 0.670547
0.306120, -0.463333, 0.010319, 0.690956
0.306568, -0.461464, 0.010052, 0.684814
0.307067, -0.466347, -0.002975, 0.657978
0.307564, -0.471611, -0.007057, 0.637894
0.308076, -0.471668, -0.009003, 0.647984
0.308579, -0.467224, -0.001640, 0.672474
0.309076, -0.462475, 0.003586, 0.689907
0.309575, -0.463047, 0.001488, 0.675831
0.310076, -0.467739, -0.005016, 0.650024
0.310526, -0.473919, -0.009346, 0.637455
0.311045, -0.472069, -0.005951, 0.648556
0.311547, -0.471230, -0.002117, 0.672283
0.312046, -0.470181, -0.000267, 0.682735
0.312566, -0.477028, 0.006199, 0.665569
0.313024, -0.482941, 0.008469, 0.636559
0.313552, -0.481892, 0.004616, 0.625019
0.314031, -0.482159, 0.009022, 0.649223
0.314535, -0.479832, 0.018196, 0.681171
0.315039, -0.484009, 0.022068, 0.673103
0.315543, -0.491104, 0.019970, 0.646286
0.316060, -0.497284, 0.019398, 0.626602
0.316580, -0.495605, 0.028381, 0.646610
0.316966, -0.492878, 0.037880, 0.668030
0.317560, -0.491848, 0.041008, 0.672894
0.317958, -0.496159, 0.036793, 0.648403
0.318465, -0.502033, 0.039291, 0.631199
0.319037, -0.506763, 0.045700, 0.623264
0.319536, -0.506058, 0.049019, 0.634346
0.319944, -0.514317, 0.057316, 0.635719
0.320450, -0.521374, 0.066338, 0.633698
0.320958, -0.530510, 0.076046, 0.616684
0.321460, -0.539284, 0.081329, 0.608482
0.322446, -0.557938, 0.098457, 0.611019
0.322926, -0.559330, 0.110168, 0.609512
0.323429, -0.569534, 0.117054, 0.607243
0.323942, -0.580673, 0.122318, 0.596199
0.324399, -0.584545, 0.126305, 0.589104
0.324906, -0.587940, 0.135155, 0.590153
0.325411, -0.592232, 0.141735, 0.595150
0.326422, -0.606461, 0.146389, 0.585480
0.326902, -0.613060, 0.151176, 0.577812
0.327378, -0.615711, 0.147514, 0.571728
0.327865, -0.619144, 0.155697, 0.569019
0.328386, -0.621948, 0.160522, 0.570259
0.328866, -0.623188, 0.163174, 0.561085
0.329398, -0.630569, 0.158691, 0.555649
0.329888, -0.638237, 0.158329, 0.550900
0.330385, -0.638809, 0.163689, 0.548897
0.330852, -0.641594, 0.169773, 0.544243
0.331379, -0.640888, 0.171967, 0.547123
0.331862, -0.640812, 0.177269, 0.539875
0.332326, -0.643425, 0.182934, 0.534000
0.332860, -0.648651, 0.185108, 0.532112
0.333339, -0.647354, 0.193901, 0.533676
0.333837, -0.645676, 0.200176, 0.539150
0.334322, -0.645332, 0.199165, 0.549011
0.334826, -0.650291, 0.204277, 0.554104
0.335303, -0.652866, 0.207024, 0.557594
0.335795, -0.655746, 0.210819, 0.554504
0.336322, -0.653400, 0.216084, 0.553761
0.336793, -0.655212, 0.219765, 0.558338
0.337318, -0.652618, 0.224762, 0.561256
0.337817, -0.653782, 0.226612, 0.557537
0.338291, -0.658245, 0.225811, 0.550079
0.338760, -0.660667, 0.228691, 0.544796
0.339279, -0.663204, 0.231571, 0.545597
0.340262, -0.661182, 0.228081, 0.545254
0.340786, -0.664864, 0.230236, 0.538502
0.341274, -0.669727, 0.238209, 0.535412
0.341774, -0.670433, 0.240822, 0.534401
0.342254, -0.668411, 0.240078, 0.537357
0.342738, -0.670471, 0.240726, 0.543060
0.343220, -0.673771, 0.242825, 0.546017
0.343777, -0.677528, 0.240154, 0.550842
0.344237, -0.680428, 0.244102, 0.555248
0.344741, -0.682030, 0.236855, 0.562763
0.345245, -0.680866, 0.237274, 0.574245
0.345748, -0.679932, 0.234356, 0.584793
0.346193, -0.680122, 0.228291, 0.579414
0.346698, -0.681458, 0.226078, 0.567551
0.347235, -0.682411, 0.222473, 0.562534
0.347725, -0.681095, 0.219421, 0.573730
0.348193, -0.682468, 0.218830, 0.583534
0.348687, -0.680313, 0.211048, 0.586052
0.349207, -0.685062, 0.202389, 0.580959
0.349660, -0.685902, 0.203018, 0.585117
0.350202, -0.688000, 0.206966, 0.594177
0.350702, -0.690327, 0.207748, 0.606613
0.351151, -0.688953, 0.208225, 0.609779
0.351751, -0.696716, 0.200691, 0.607510
0.352180, -0.713749, 0.205021, 0.625935
0.352654, -0.733852, 0.208187, 0.650291
0.353130, -0.755177, 0.207367, 0.672359
0.353797, -0.765152, 0.208988, 0.683384
0.354181, -0.778694, 0.200729, 0.687275
0.354616, -0.788746, 0.193844, 0.700245
0.355127, -0.792179, 0.192413, 0.714073
0.356132, -0.800133, 0.167770, 0.704899
0.356623, -0.804520, 0.161762, 0.695953
0.357111, -0.819073, 0.155487, 0.699596
0.357596, -1.025620, 0.180588, 0.983410
0.358119, -1.825142, 0.376377, 2.964268
0.358614, -2.415257, 0.619144, 3.216820
0.359085, -2.175102, 0.611420, 2.040691
0.359608, -1.750088, 0.330811, 0.555363
0.360116, -1.491966, 0.080624, -0.557842
0.360639, -1.041050, -0.010910, -0.559902
0.361112, -0.596046, 0.007973, -0.266895
0.361607, -0.587883, -0.010281, 0.028248
0.362095, -0.929489, 0.015335, 0.233479
0.362615, -1.101170, 0.228519, 0.621681
0.363113, -1.078205, 0.345612, 0.922928
0.363601, -0.960197, 0.253410, 0.995541
0.364127, -0.818119, 0.040073, 0.552044
0.364593, -0.728035, -0.041542, 0.078144
0.365023, -0.645370, 0.064850, 0.198383
0.365596, -0.590611, 0.159054, 0.694122
0.366112, -0.685120, 0.113411, 0.953121
0.366510, -0.842209, 0.020256, 0.668526
0.367032, -0.908222, -0.034485, 0.448799
0.367528, -0.785789, 0.050678, 0.699425
0.368031, -0.637894, 0.116692, 0.879803
0.368593, -0.613499, 0.087910, 0.753613
0.369032, -0.675507, 0.055256, 0.369682
0.369499, -0.706158, 0.030880, 0.270309
0.370018, -0.702171, 0.047531, 0.601997
0.370466, -0.713425, 0.094528, 0.888538
0.370965, -0.727310, 0.089207, 0.826397
0.371486, -0.737705, 0.044460, 0.550022
0.371958, -0.760536, 0.010357, 0.323009
0.372461, -0.724812, 0.032349, 0.494385
0.372965, -0.701294, 0.073948, 0.671482
0.373470, -0.721302, 0.071545, 0.697060
0.374464, -0.773373, 0.045509, 0.496979
0.374965, -0.755329, 0.047741, 0.607300
0.375461, -0.737610, 0.068588, 0.620613
0.375952, -0.769081, 0.046482, 0.533543
0.376449, -0.792427, 0.026665, 0.549660
0.376934, -0.785942, 0.047722, 0.632114
0.377425, -0.785847, 0.055065, 0.596256
0.377927, -0.812035, 0.027618, 0.469971
0.378431, -0.812435, 0.035191, 0.425930
0.378934, -0.778408, 0.056477, 0.543671
0.379912, -0.760536, 0.075092, 0.672874
0.380416, -0.781174, 0.067463, 0.511131
0.380919, -0.772228, 0.078449, 0.462971
0.381365, -0.744381, 0.105133, 0.550060
0.381868, -0.720367, 0.122261, 0.686798
0.382372, -0.724316, 0.101357, 0.689926
0.382875, -0.745964, 0.077133, 0.520020
0.383379, -0.743694, 0.074806, 0.484676
0.384372, -0.698280, 0.133781, 0.678444
0.384875, -0.707111, 0.127506, 0.624237
0.385380, -0.735455, 0.087395, 0.525761
0.385824, -0.760918, 0.069237, 0.538387
0.386327, -0.754642, 0.082569, 0.627480
0.386831, -0.759201, 0.077591, 0.604610
0.387335, -0.773010, 0.065155, 0.531731
0.387818, -0.778160, 0.058155, 0.516891
0.388322, -0.769234, 0.064678, 0.568333
0.388840, -0.770626, 0.072021, 0.588303
0.389818, -0.785313, 0.056877, 0.519810
0.390328, -0.776043, 0.059605, 0.569706
0.390786, -0.774384, 0.060558, 0.622120
0.391769, -0.802841, 0.038204, 0.524635
0.392296, -0.785923, 0.035744, 0.536823
0.392762, -0.766964, 0.040817, 0.599041
0.393289, -0.757160, 0.052853, 0.645981
0.393810, -0.770473, 0.047894, 0.606098
0.394750, -0.770893, 0.027161, 0.553627
0.395280, -0.758419, 0.041676, 0.628395
0.395752, -0.749474, 0.052967, 0.661583
0.396245, -0.751057, 0.032215, 0.615215
0.396722, -0.764046, 0.020866, 0.547905
0.397274, -0.764999, 0.024586, 0.568848
0.397746, -0.751324, 0.041580, 0.663052
0.398222, -0.734787, 0.047932, 0.698128
0.398712, -0.731888, 0.044365, 0.635128
0.399704, -0.737305, 0.054646, 0.605125
0.400195, -0.720558, 0.062962, 0.659447
0.400712, -0.719967, 0.068550, 0.678425
0.401204, -0.724220, 0.069427, 0.664406
0.401701, -0.721340, 0.069408, 0.643120
0.402184, -0.722141, 0.071602, 0.644073
0.402682, -0.722942, 0.071507, 0.649662
0.403187, -0.720692, 0.070782, 0.648346
0.403690, -0.717010, 0.067616, 0.650558
0.404204, -0.718040, 0.063610, 0.663757
0.404682, -0.718536, 0.073452, 0.675297
0.405170, -0.719509, 0.082550, 0.658627
0.405660, -0.726032, 0.076790, 0.621071
0.406149, -0.733051, 0.075912, 0.612183
0.406711, -0.730438, 0.098381, 0.656242
0.407188, -0.737381, 0.132141, 0.684643
0.407660, -0.761452, 0.161457, 0.632725
0.408194, -0.784492, 0.167046, 0.552521
0.408693, -0.799561, 0.164299, 0.540333
0.409188, -0.806313, 0.219345, 0.571976
0.409685, -0.826092, 0.296307, 0.569019
0.410168, -0.851803, 0.295830, 0.521221
0.410644, -0.856781, 0.263615, 0.479794
0.411200, -0.838871, 0.283241, 0.482521
0.411586, -0.834732, 0.302849, 0.515671
0.412089, -0.844059, 0.309334, 0.519218
0.412652, -0.860691, 0.302143, 0.502567
0.413148, -0.863380, 0.272808, 0.505886
0.413593, -0.844269, 0.272770, 0.484047
0.414096, -0.826054, 0.289860, 0.479450
0.415089, -0.820465, 0.169525, 0.534801
0.415635, -0.803280, 0.159206, 0.545921
0.416063, -0.802078, 0.106735, 0.645409
0.416553, -0.787086, 0.025349, 0.749264
0.417082, -0.740299, 0.000954, 0.787373
0.417548, -0.695629, 0.048084, 0.757771
0.418060, -0.681572, 0.058250, 0.724945
0.418556, -0.681286, 0.052700, 0.722275
0.419571, -0.754547, 0.149460, 0.621815
0.420034, -0.799618, 0.210476, 0.543766
0.420535, -0.828819, 0.232182, 0.528126
0.421024, -0.838089, 0.237865, 0.522041
0.421497, -0.833340, 0.278950, 0.501461
0.422002, -0.854015, 0.316944, 0.477314
0.423526, -0.786362, 0.196896, 0.488300
0.423977, -0.775471, 0.161190, 0.494804
0.424504, -0.747662, 0.159702, 0.542850
0.424973, -0.705261, 0.161476, 0.612526
0.425480, -0.699139, 0.236263, 0.629139
0.425993, -0.697556, 0.255413, 0.638294
0.426449, -0.727043, 0.250626, 0.571308
0.426952, -0.766010, 0.284328, 0.454235
0.427478, -0.786648, 0.254974, 0.404549
0.427945, -0.738258, 0.205078, 0.369740
0.428460, -0.681400, 0.181007, 0.372295
0.428933, -0.671272, 0.142746, 0.369434
0.429462, -0.666809, 0.090523, 0.373955
0.429929, -0.635338, 0.010281, 0.543652
0.430434, -0.584126, -0.030918, 0.750885
0.431426, -0.696907, -0.327988, 1.216412
0.431929, -0.716228, -0.532188, 1.424274
0.432390, -0.728168, -0.652504, 1.597099
0.432891, -0.727425, -0.639381, 1.552105
0.433395, -0.686760, -0.612965, 1.306324
0.433913, -0.623341, -0.575294, 1.036072
0.434905, -0.537834, -0.332928, 0.649586
0.435412, -0.561924, -0.233765, 0.619259
0.435912, -0.617027, -0.147171, 0.618019
0.436357, -0.704250, -0.058098, 0.612164
0.436861, -0.810661, 0.019894, 0.585899
0.437365, -0.907116, 0.069962, 0.540905
0.437868, -0.951290, 0.081291, 0.503311
0.438373, -0.969048, 0.087605, 0.427170
0.438878, -0.985222, 0.084419, 0.380344
0.439381, -0.979767, 0.095196, 0.387135
0.439858, -0.984173, 0.109634, 0.377827
0.440359, -1.006813, 0.086956, 0.359287
0.440863, -1.000977, 0.059452, 0.383224
0.441854, -0.944462, 0.087986, 0.415916
0.442352, -0.954361, 0.088272, 0.352421
0.442850, -0.941620, 0.054417, 0.342121
0.443326, -0.886402, 0.049324, 0.438347
0.444332, -0.766010, 0.163536, 0.628948
0.445308, -0.722485, 0.110703, 0.701370
0.446297, -0.819588, 0.031891, 0.558987
0.446801, -0.829468, 0.004673, 0.521278
0.447306, -0.778847, 0.028706, 0.546665
0.447749, -0.721397, 0.038433, 0.610523
0.448260, -0.683575, 0.037880, 0.730743
0.448756, -0.651970, 0.071449, 0.776081
0.449261, -0.631828, 0.057697, 0.790100
0.449766, -0.632172, 0.075417, 0.696850
0.450268, -0.613232, 0.067654, 0.668983
0.450772, -0.562687, 0.027676, 0.672894
0.451764, -0.535660, 0.085316, 0.699539
0.452209, -0.620575, 0.048141, 0.723972
0.453231, -0.712872, 0.044327, 0.673656
0.453766, -0.665512, 0.071430, 0.660992
0.454228, -0.623722, 0.070572, 0.703011
0.454729, -0.564880, 0.064507, 0.800095
0.455244, -0.526924, 0.070400, 0.813961
0.455692, -0.510502, 0.051403, 0.873413
0.456233, -0.518761, 0.033302, 0.887527
0.456743, -0.547218, 0.012283, 0.869389
0.457205, -0.586166, 0.008602, 0.829201
0.457735, -0.647430, 0.003262, 0.744743
0.458209, -0.692768, -0.001450, 0.698891
0.458737, -0.725918, 0.004940, 0.633354
0.459225, -0.775299, 0.002155, 0.571613
0.459638, -0.804424, -0.003471, 0.556850
0.460213, -0.818062, 0.001392, 0.578270
0.460639, -0.821190, 0.014877, 0.599041
0.461142, -0.784321, 0.032558, 0.622387
0.461641, -0.723190, 0.037212, 0.668106
0.462134, -0.691547, 0.037346, 0.703411
0.462632, -0.689049, 0.040417, 0.739784
0.463127, -0.691776, 0.045700, 0.712452
0.463616, -0.711956, 0.024929, 0.703125
0.464104, -0.719700, 0.007477, 0.687084
0.464594, -0.738811, 0.013485, 0.649471
0.465126, -0.768127, 0.014629, 0.606499
0.465595, -0.808029, 0.009232, 0.543957
0.466112, -0.832691, 0.014286, 0.530758
0.466587, -0.826130, 0.007992, 0.541306
0.467082, -0.825882, 0.007401, 0.561409
0.467587, -0.833988, 0.021515, 0.590878
0.468075, -0.848427, 0.032349, 0.565567
0.468565, -0.850334, 0.029125, 0.576305
0.469079, -0.859051, 0.036049, 0.575047
0.469597, -0.866947, 0.051060, 0.519161
0.470052, -0.857601, 0.046673, 0.484505
0.471066, -0.743790, -0.004635, 0.650177
0.471525, -0.716076, 0.010376, 0.725727
0.472041, -0.714569, -0.016518, 0.707188
0.472549, -0.715866, -0.044880, 0.662537
0.473012, -0.679989, -0.030804, 0.670013
0.473525, -0.639305, 0.000648, 0.709229
0.474014, -0.604916, 0.015335, 0.818501
0.474504, -0.586987, 0.039177, 0.813293
0.475008, -0.590076, 0.042400, 0.754261
0.475534, -0.599613, 0.021915, 0.713959
0.476003, -0.617733, 0.000038, 0.727997
0.476503, -0.645905, -0.000610, 0.726395
0.477005, -0.671673, 0.006828, 0.683422
0.477496, -0.708084, -0.012989, 0.640163
0.478000, -0.768623, -0.022984, 0.624733
0.478490, -0.823994, -0.008488, 0.577831
0.478994, -0.876026, -0.012321, 0.503464
0.479496, -0.928650, -0.014534, 0.391369
0.479970, -0.872993, 0.004768, 0.369644
0.480462, -0.745678, 0.034599, 0.552483
0.480980, -0.676746, 0.062580, 0.712986
0.481488, -0.650005, 0.061607, 0.807590
0.482470, -0.588436, 0.002232, 0.805531
0.482975, -0.560093, 0.001202, 0.844727
0.483963, -0.511494, -0.002632, 0.871105
0.484909, -0.643215, -0.009880, 0.681744
0.485413, -0.675564, -0.022202, 0.673561
0.485900, -0.710754, -0.041618, 0.667381
0.486420, -0.762005, -0.043907, 0.627956
0.486972, -0.790787, -0.022278, 0.584984
0.487412, -0.802822, 0.004463, 0.583267
0.487886, -0.806274, 0.011406, 0.574551
0.488371, -0.779610, 0.031013, 0.608311
0.489368, -0.727825, 0.027981, 0.605488
0.489887, -0.732174, 0.015030, 0.600586
0.490355, -0.727005, 0.016155, 0.581570
0.490882, -0.700207, 0.010719, 0.620956
0.491355, -0.663013, -0.004539, 0.685081
0.491874, -0.636978, -0.013428, 0.707703
0.492855, -0.664272, -0.055790, 0.750275
0.493363, -0.652790, -0.054646, 0.739288
0.494338, -0.577240, -0.058937, 0.730762
0.494811, -0.581913, -0.056419, 0.746479
0.495335, -0.582237, -0.048656, 0.769463
0.495850, -0.582352, -0.042000, 0.771599
0.496322, -0.602245, -0.043011, 0.763550
0.496832, -0.635357, -0.051098, 0.704365
0.497299, -0.667801, -0.071239, 0.643768
0.497819, -0.687923, -0.068245, 0.638161
0.498315, -0.689011, -0.063267, 0.654030
0.498804, -0.680122, -0.056229, 0.657558
0.499289, -0.668621, -0.076218, 0.628223
0.499823, -0.670052, -0.092201, 0.605774
0.500270, -0.666428, -0.082779, 0.653915
0.500787, -0.644379, -0.060310, 0.726871
0.501290, -0.635262, -0.098095, 0.728912
0.501824, -0.632019, -0.141392, 0.688171
0.502288, -0.649872, -0.141525, 0.621891
0.502805, -0.675640, -0.157299, 0.601654
0.503283, -0.675182, -0.193729, 0.612888
0.503831, -0.652161, -0.184631, 0.653133
0.504288, -0.618248, -0.132580, 0.657310
0.504802, -0.587521, -0.147743, 0.633965
0.505315, -0.563297, -0.169888, 0.636578
0.505780, -0.527229, -0.152798, 0.669308
0.506292, -0.508003, -0.129700, 0.698872
0.506793, -0.522022, -0.084076, 0.721054
0.507691, -0.620365, 0.007992, 0.714798
0.508209, -0.680504, 0.081768, 0.698051
0.508780, -0.782070, 0.224133, 0.706940
0.509713, -1.028576, 0.629234, 0.785713
0.510173, -1.151905, 0.783863, 0.782013
0.510687, -1.161728, 0.745087, 0.722046
0.511187, -1.047955, 0.623131, 0.622635
0.511693, -0.862331, 0.504761, 0.561428
0.512194, -0.676842, 0.377560, 0.547714
0.512682, -0.546322, 0.268383, 0.603809
0.513187, -0.485096, 0.216904, 0.693016
0.513676, -0.487671, 0.222816, 0.777264
0.514168, -0.512218, 0.222111, 0.851231
0.515174, -0.571785, 0.152168, 0.800934
0.515632, -0.591564, 0.121574, 0.710220
0.516138, -0.614338, 0.114536, 0.641060
0.516653, -0.625801, 0.120525, 0.642185
0.517633, -0.645180, 0.127411, 0.687675
0.518135, -0.653210, 0.112514, 0.664959
0.518639, -0.665874, 0.099945, 0.633526
0.519090, -0.695152, 0.081120, 0.622902
0.519589, -0.721493, 0.050774, 0.636101
0.520090, -0.724583, 0.028572, 0.644474
0.520593, -0.716209, 0.005932, 0.641518
0.521098, -0.722523, -0.019360, 0.620327
0.521604, -0.730076, -0.017548, 0.622215
0.522105, -0.724163, -0.003471, 0.649071
0.523090, -0.704079, 0.016975, 0.696316
0.523541, -0.703983, 0.009518, 0.671768
0.524039, -0.696239, -0.004807, 0.652599
0.524535, -0.689945, 0.001812, 0.655346
0.525043, -0.687866, 0.012951, 0.703506
0.525555, -0.684452, 0.019550, 0.736084
0.526032, -0.693340, 0.023766, 0.727024
0.526551, -0.699272, 0.022755, 0.688992
0.527026, -0.701370, 0.029488, 0.665035
0.527552, -0.705147, 0.039768, 0.663090
0.528037, -0.707245, 0.036602, 0.689316
0.528500, -0.701752, 0.033321, 0.703011
0.529036, -0.707302, 0.035896, 0.678368
0.529516, -0.717812, 0.039730, 0.652256
0.530007, -0.720177, 0.040302, 0.661182
0.530489, -0.700989, 0.035419, 0.703869
0.531022, -0.678787, 0.040836, 0.739231
0.531499, -0.666885, 0.040207, 0.744095
0.531995, -0.679359, 0.032291, 0.709991
0.532463, -0.686493, 0.018311, 0.694370
0.533452, -0.673141, 0.045776, 0.747051
0.534000, -0.648918, 0.027409, 0.780087
0.534474, -0.626030, 0.006561, 0.771275
0.534948, -0.612259, -0.006409, 0.768528
0.535437, -0.590496, -0.028057, 0.791569
0.535972, -0.556221, -0.065460, 0.863075
0.536443, -0.523777, -0.082645, 0.921993
0.536963, -0.534687, -0.077000, 0.917549
0.537453, -0.561485, -0.114059, 0.876846
0.537941, -0.577011, -0.171738, 0.838871
0.538429, -0.535278, -0.225010, 0.856113
0.538904, -0.500965, -0.219574, 0.869961
0.539902, -0.612984, -0.215340, 0.824909
0.540431, -0.681858, -0.215302, 0.710220
0.540893, -0.710392, -0.169125, 0.657616
0.541396, -0.593052, -0.120296, 0.649395
0.541889, -0.481644, -0.131664, 0.710392
0.542374, -0.480499, -0.069065, 0.737324
0.542913, -0.568066, -0.069237, 0.702801
0.543394, -0.650578, -0.085907, 0.650921
0.543901, -0.616245, -0.118732, 0.617714
0.544350, -0.528278, -0.127621, 0.579262
0.544889, -0.577641, -0.112839, 0.567608
0.545349, -0.655460, -0.100842, 0.563622
0.545866, -0.709343, -0.107288, 0.528717
0.546356, -0.777340, 0.046329, 0.481720
0.546877, -0.854187, 0.264339, 0.455112
0.547380, -0.960159, 0.420551, 0.489025
0.547989, -1.044445, 0.501080, 0.534325
0.548390, -0.962505, 0.450096, 0.603065
0.548966, -0.879192, 0.483246, 0.522842
0.549377, -0.908298, 0.481892, 0.509300
0.549982, -0.813084, 0.327301, 0.503178
0.550379, -0.684776, 0.294285, 0.483532
0.550920, -0.635319, 0.287361, 0.582142
0.551396, -0.522556, 0.221138, 0.677013
0.551825, -0.465374, 0.188446, 0.744877
0.552437, -0.496922, 0.154037, 0.819016
0.552922, -0.501118, 0.067291, 0.813465
0.553439, -0.469570, -0.010872, 0.757694
0.553957, -0.440559, -0.025749, 0.772839
0.554392, -0.439396, -0.052738, 0.797863
0.554763, -0.431175, -0.057106, 0.815372
0.555264, -0.430775, -0.020409, 0.787659
0.555844, -0.532856, 0.075188, 0.725002
0.556742, -0.737228, 0.354233, 0.704899
0.557259, -0.926533, 0.510769, 0.691948
0.557725, -1.230679, 0.576038, 0.655499
0.558224, -1.191444, 0.380039, 0.705051
0.558748, -0.716381, 0.297718, 0.522194
0.559232, -0.479012, 0.324802, 0.568466
0.559729, -0.502129, 0.241909, 0.679169
0.560233, -0.544395, 0.155544, 0.715294
0.560697, -0.534744, 0.125008, 0.764694
0.561245, -0.563889, 0.147839, 0.736332
0.561716, -0.582390, 0.102787, 0.711136
0.562241, -0.483322, 0.060043, 0.717430
0.562683, -0.399303, 0.055656, 0.706272
0.563218, -0.401077, 0.040722, 0.741024
0.563715, -0.408497, 0.013218, 0.819569
0.564167, -0.409660, 0.021877, 0.839996
0.564711, -0.429363, 0.068684, 0.857201
0.565192, -0.453892, 0.038128, 0.749340
0.565662, -0.454693, -0.011024, 0.570393
0.566149, -0.471611, -0.010872, 0.541553
0.566651, -0.566330, 0.064621, 0.591698
0.567160, -0.688705, 0.228806, 0.609169
0.567663, -0.782948, 0.265102, 0.651474
0.568167, -0.819283, 0.267334, 0.459900
0.568669, -1.147747, 0.349598, 0.295906
0.569131, -1.819515, 0.472908, 0.175514
0.569650, -2.125607, 0.545368, 0.144405
0.570608, -0.785561, 0.102692, 0.008755
0.571196, -0.621529, 0.298920, 0.161839
0.571632, -0.842266, 0.260315, 0.565109
0.572135, -0.974655, 0.102730, 0.760918
0.572638, -1.012154, 0.101357, 0.806141
0.573083, -0.974636, 0.119114, 0.740223
0.573601, -0.901642, 0.105820, 0.660496
0.574120, -0.671024, 0.061493, 0.838642
0.575066, -0.204201, 0.071888, 0.981941
0.576100, -0.192413, 0.059261, 1.250057
0.576585, -0.264397, 0.104961, 1.319637
0.577069, -0.280437, 0.133743, 1.071835
0.577586, -0.368137, 0.081863, 0.809364
0.578579, -0.730572, 0.106277, 0.734768
0.579069, -0.814915, 0.223770, 0.734634
0.579573, -0.828552, 0.200787, 0.621376
0.580016, -0.812569, 0.174141, 0.485821
0.580520, -0.753365, 0.205517, 0.435905
0.581023, -0.660343, 0.258026, 0.518208
0.581533, -0.654335, 0.230293, 0.595150
0.582034, -0.796509, 0.096035, 0.609627
0.582536, -0.947189, 0.020905, 0.518703
0.583039, -1.108875, 0.011673, 0.490799
0.584002, -1.189594, -0.011902, 0.466385
0.584506, -1.103554, 0.016766, 0.381184
0.585008, -1.003456, 0.088005, 0.380039
0.585485, -0.904903, 0.099716, 0.478554
0.585973, -0.827942, 0.072365, 0.607929
0.586475, -0.775433, 0.095921, 0.597057
0.586979, -0.746136, 0.136051, 0.578270
0.587485, -0.721741, 0.147324, 0.605106
0.587987, -0.675659, 0.165634, 0.638542
0.588491, -0.643425, 0.166817, 0.664444
0.588934, -0.661583, 0.147972, 0.627270
0.589440, -0.668964, 0.141125, 0.615616
0.589927, -0.669861, 0.095348, 0.669003
0.590426, -0.705318, 0.044613, 0.686035
0.590922, -0.746517, 0.021782, 0.626907
0.591448, -0.781307, -0.012665, 0.573635
0.591939, -0.792713, -0.054455, 0.572433
0.592433, -0.777512, -0.047073, 0.622063
0.592917, -0.743561, -0.011234, 0.640182
0.593430, -0.732079, -0.007801, 0.624866
0.593897, -0.734234, 0.005264, 0.593700
0.594414, -0.749969, 0.022736, 0.618706
0.594900, -0.783634, 0.023727, 0.670891
0.595424, -0.770168, 0.063076, 0.626297
0.596371, -0.721474, 0.071201, 0.542030
0.596905, -0.714130, 0.064297, 0.571976
0.597364, -0.747223, 0.055199, 0.628548
0.597854, -0.791359, 0.035992, 0.617390
0.598386, -0.853462, 0.005283, 0.599537
0.598859, -0.907269, 0.001717, 0.556889
0.599386, -0.923786, -0.002708, 0.513783
0.599869, -0.917587, 0.004101, 0.481396
0.600392, -0.915337, 0.018463, 0.463352
0.600860, -0.912476, 0.042706, 0.494347
0.601380, -0.910606, 0.053978, 0.538311
0.601868, -0.917263, 0.058327, 0.544815
0.602362, -0.910645, 0.066299, 0.518398
0.602815, -0.871010, 0.072098, 0.498581
0.603378, -0.826492, 0.075169, 0.533619
0.604297, -0.768661, 0.087032, 0.612240
0.604802, -0.761089, 0.074768, 0.603085
0.605290, -0.751915, 0.074310, 0.606728
0.605825, -0.726662, 0.082531, 0.648193
0.606281, -0.705090, 0.085449, 0.699768
0.606808, -0.696144, 0.083828, 0.706711
0.607281, -0.693035, 0.076370, 0.659389
0.607763, -0.683670, 0.071144, 0.641079
0.608282, -0.681381, 0.065346, 0.655861
0.608749, -0.695095, 0.065956, 0.686684
0.609283, -0.706978, 0.063686, 0.676804
0.609753, -0.715828, 0.055504, 0.648499
0.610786, -0.716019, 0.061169, 0.639553
0.611231, -0.710468, 0.064411, 0.631294
0.611734, -0.712738, 0.060806, 0.627537
0.612238, -0.730801, 0.059528, 0.627346
0.612741, -0.742950, 0.059757, 0.638351
0.613245, -0.764923, 0.043488, 0.632839
0.613763, -0.798988, 0.024700, 0.603466
0.614222, -0.809917, 0.016441, 0.571785
0.614697, -0.811214, 0.011311, 0.578823
0.615201, -0.822735, 0.008335, 0.588722
0.615705, -0.831833, 0.007019, 0.587025
0.616208, -0.846977, -0.002556, 0.568371
0.616712, -0.856552, -0.009995, 0.555592
0.617215, -0.846233, -0.009346, 0.572491
0.617708, -0.820847, -0.001049, 0.600319
0.618201, -0.809708, -0.000820, 0.596504
0.619177, -0.798798, -0.002956, 0.585117
0.619655, -0.785980, 0.001907, 0.609150
0.620165, -0.781021, 0.001125, 0.626812
0.620669, -0.782738, -0.002289, 0.627918
0.621157, -0.779819, -0.002403, 0.618134
0.621647, -0.770092, 0.002708, 0.622292
0.622138, -0.762157, 0.010147, 0.632362
0.622642, -0.755863, 0.014591, 0.637016
0.623635, -0.745888, 0.017414, 0.648441
0.624151, -0.741138, 0.022793, 0.664406
0.624608, -0.740147, 0.028858, 0.669670
0.625114, -0.742664, 0.030689, 0.662537
0.625610, -0.749683, 0.042381, 0.652733
0.626124, -0.754642, 0.056973, 0.655689
0.626625, -0.759144, 0.071201, 0.654659
0.627117, -0.773373, 0.085030, 0.637817
0.628089, -0.842876, 0.083065, 0.599480
0.628595, -0.866489, 0.084476, 0.598831
0.629100, -0.887852, 0.087700, 0.613136
0.630075, -0.936413, 0.085526, 0.617867
0.630581, -0.940666, 0.092068, 0.620174
0.631044, -0.945263, 0.095863, 0.629959
0.631558, -0.947704, 0.094433, 0.653057
0.632077, -0.955372, 0.092449, 0.677662
0.632532, -0.961266, 0.094986, 0.681763
0.633047, -0.963554, 0.098648, 0.695057
0.633556, -0.964565, 0.094261, 0.717316
0.634055, -0.966263, 0.090065, 0.730171
0.634517, -0.970402, 0.086212, 0.738983
0.635023, -0.969868, 0.078373, 0.736198
0.635511, -0.972385, 0.073013, 0.738583
0.636002, -0.970745, 0.074043, 0.745182
0.637000, -0.967999, 0.067978, 0.761642
0.637499, -0.965061, 0.059967, 0.762672
0.638001, -0.967388, 0.061607, 0.765133
0.638505, -0.968323, 0.064468, 0.777473
0.639001, -0.965004, 0.066605, 0.787525
0.639499, -0.967369, 0.060978, 0.787659
0.640002, -0.963879, 0.054779, 0.771999
0.640507, -0.961990, 0.056591, 0.755234
0.641000, -0.961170, 0.054913, 0.757656
0.641501, -0.953312, 0.057621, 0.761738
0.642487, -0.945225, 0.044746, 0.741501
0.642973, -0.941868, 0.041142, 0.731468
0.643462, -0.932751, 0.041103, 0.728436
0.643936, -0.924187, 0.043335, 0.725155
0.644444, -0.914803, 0.046463, 0.719566
0.644940, -0.910568, 0.037937, 0.723419
0.645440, -0.899601, 0.023270, 0.723534
0.645937, -0.886745, 0.018425, 0.735283
0.646430, -0.877743, 0.009365, 0.752583
0.646935, -0.868549, -0.004673, 0.756378
0.647455, -0.856686, -0.025139, 0.750465
0.647913, -0.845013, -0.036621, 0.741291
0.648461, -0.837135, -0.051556, 0.726471
0.648880, -0.829811, -0.061970, 0.711079
0.649381, -0.818157, -0.065441, 0.694084
0.649933, -0.814114, -0.070629, 0.672493
0.650378, -0.801811, -0.071011, 0.664482
0.650919, -0.794544, -0.066338, 0.654373
0.651355, -0.789948, -0.059490, 0.642109
0.651855, -0.788326, -0.061111, 0.638371
0.652360, -0.781593, -0.062943, 0.634136
0.652862, -0.776653, -0.057526, 0.625114
0.653369, -0.770302, -0.056038, 0.616531
0.653885, -0.763397, -0.053463, 0.603600
0.654362, -0.759392, -0.054131, 0.594158
0.654866, -0.753078, -0.049801, 0.591660
0.655326, -0.747414, -0.045471, 0.589561
0.655860, -0.742111, -0.042858, 0.580463
0.656313, -0.737953, -0.041924, 0.575333
0.656832, -0.727692, -0.040512, 0.571156
0.657352, -0.716610, -0.034771, 0.568886
0.657800, -0.700531, -0.034199, 0.566158
0.658302, -0.689850, -0.032654, 0.556488
0.658799, -0.678291, -0.027084, 0.545292
0.659297, -0.661011, -0.023479, 0.534439
0.659792, -0.648651, -0.020885, 0.528221
0.660277, -0.634041, -0.018158, 0.520363
0.660771, -0.619831, -0.020924, 0.513954
0.661303, -0.611305, -0.023022, 0.502396
0.661763, -0.606384, -0.025749, 0.491600
0.662282, -0.604897, -0.023956, 0.483475
0.662755, -0.605469, -0.021172, 0.472393
0.663255, -0.600262, -0.019646, 0.464325
0.663781, -0.598202, -0.019512, 0.462418
0.664253, -0.589123, -0.014877, 0.462799
0.664777, -0.574188, -0.008774, 0.468254
0.665233, -0.558891, -0.005627, 0.482826
0.665764, -0.545387, -0.005245, 0.495777
0.666215, -0.536709, -0.003662, 0.498333
0.666744, -0.526161, -0.003567, 0.498142
0.667229, -0.515995, -0.004673, 0.505581
0.667701, -0.511646, -0.002747, 0.513115
0.668212, -0.508442, -0.001793, 0.522823
0.668725, -0.508327, 0.001831, 0.523415
0.669199, -0.503159, -0.000553, 0.517845
0.669730, -0.503407, -0.007305, 0.511055
0.670193, -0.505657, -0.011711, 0.506516
0.670683, -0.506401, -0.011463, 0.512009
0.671176, -0.509281, -0.010796, 0.515594
0.671688, -0.514679, -0.012112, 0.519943
0.672205, -0.514355, -0.016022, 0.515022
0.672667, -0.518684, -0.017395, 0.512009
0.673182, -0.525188, -0.018368, 0.516701
0.673653, -0.530167, -0.013695, 0.526657
0.674148, -0.528336, -0.008507, 0.530586
0.674667, -0.528240, 0.000000, 0.533123
0.675637, -0.533676, -0.000935, 0.535412
0.676138, -0.533104, 0.002022, 0.545673
0.676638, -0.531673, 0.013027, 0.560532
0.677145, -0.530853, 0.028419, 0.572433
0.677635, -0.532322, 0.033150, 0.572453
0.678623, -0.531750, 0.047894, 0.570450
0.679135, -0.526638, 0.055485, 0.581989
0.679640, -0.524845, 0.072231, 0.593052
0.680109, -0.526943, 0.081558, 0.599499
0.680594, -0.529346, 0.081310, 0.596981
0.681082, -0.531921, 0.084915, 0.591660
0.681589, -0.535412, 0.090237, 0.591984
0.682089, -0.538845, 0.099239, 0.602207
0.682593, -0.541782, 0.106144, 0.614300
0.683071, -0.545635, 0.117664, 0.618248
0.683571, -0.554352, 0.121117, 0.606842
0.684104, -0.558491, 0.124989, 0.593109
0.684549, -0.563793, 0.126114, 0.594349
0.685042, -0.572567, 0.135956, 0.612698
0.685543, -0.569534, 0.139732, 0.629997
0.686036, -0.576401, 0.140057, 0.626888
0.686579, -0.580654, 0.145836, 0.623531
0.687549, -0.581608, 0.158539, 0.622692
0.688060, -0.578575, 0.161724, 0.636902
0.688543, -0.580559, 0.164890, 0.654068
0.689047, -0.582008, 0.167389, 0.646019
0.689615, -0.583858, 0.168762, 0.632000
0.690020, -0.583382, 0.168495, 0.630112
0.690580, -0.582104, 0.173473, 0.638390
0.690986, -0.578632, 0.183334, 0.651703
0.691574, -0.577602, 0.183659, 0.651169
0.692028, -0.583706, 0.174980, 0.640068
0.692563, -0.579453, 0.173969, 0.633583
0.693079, -0.577850, 0.179272, 0.636120
0.693530, -0.572300, 0.186176, 0.639935
0.694090, -0.570431, 0.187416, 0.644321
0.694521, -0.569344, 0.183945, 0.646477
0.695024, -0.571384, 0.180492, 0.636215
0.695511, -0.571213, 0.180378, 0.630951
0.695980, -0.569572, 0.183506, 0.635891
0.696507, -0.565434, 0.192509, 0.646667
0.696978, -0.562267, 0.196552, 0.651932
0.697942, -0.567112, 0.176277, 0.630817
0.698490, -0.564709, 0.181904, 0.627460
0.698930, -0.563564, 0.190887, 0.638561
0.699432, -0.560741, 0.195980, 0.661755
0.699945, -0.561485, 0.202179, 0.667439
0.700426, -0.560932, 0.197258, 0.655861
0.700935, -0.567856, 0.191059, 0.641422
0.701439, -0.566654, 0.188808, 0.645294
0.701911, -0.561047, 0.198612, 0.669785
0.702431, -0.559387, 0.210896, 0.682735
0.702890, -0.559158, 0.217934, 0.671005
0.703404, -0.561371, 0.213242, 0.647545
0.703912, -0.560780, 0.208607, 0.642071
0.704380, -0.562630, 0.208893, 0.652103
0.704890, -0.555897, 0.210686, 0.672169
0.705379, -0.552292, 0.212116, 0.679588
0.705873, -0.556145, 0.213985, 0.668774
0.706345, -0.558701, 0.208530, 0.648670
0.706882, -0.555305, 0.210857, 0.641823
0.707337, -0.556488, 0.209751, 0.644493
0.707868, -0.557938, 0.207939, 0.654602
0.708374, -0.561218, 0.202370, 0.655441
0.708823, -0.560379, 0.192451, 0.642586
0.709331, -0.566921, 0.185928, 0.629520
0.709846, -0.567722, 0.181026, 0.632458
0.710341, -0.566196, 0.179424, 0.639362
0.710847, -0.568752, 0.177898, 0.651283
0.711323, -0.570049, 0.176392, 0.653572
0.711854, -0.574837, 0.171490, 0.649319
0.712299, -0.579834, 0.165138, 0.644321
0.712817, -0.580235, 0.164413, 0.648708
0.713328, -0.578766, 0.162907, 0.655575
0.713828, -0.578671, 0.156689, 0.659237
0.714315, -0.582771, 0.151463, 0.649014
0.714773, -0.588608, 0.147362, 0.641937
0.715297, -0.594177, 0.141029, 0.640163
0.715757, -0.591412, 0.140533, 0.649261
0.716271, -0.592556, 0.136299, 0.654736
0.716792, -0.592861, 0.131474, 0.650578
0.717250, -0.602341, 0.123539, 0.641289
0.717753, -0.604744, 0.116882, 0.636520
0.718257, -0.610161, 0.112324, 0.640965
0.718731, -0.612888, 0.112762, 0.647507
0.719276, -0.616837, 0.108871, 0.650978
0.719722, -0.621414, 0.103340, 0.644474
0.720224, -0.625935, 0.098286, 0.635395
0.720741, -0.630283, 0.098114, 0.632324
0.721252, -0.633278, 0.097046, 0.636578
0.721705, -0.634003, 0.094719, 0.636902
0.722226, -0.638313, 0.093880, 0.629940
0.722747, -0.645466, 0.091991, 0.616226
0.723231, -0.651379, 0.088120, 0.609550
0.723708, -0.658321, 0.085526, 0.608521
0.724180, -0.665092, 0.085087, 0.616341
0.724683, -0.668049, 0.085983, 0.627193
0.725183, -0.672417, 0.089855, 0.629005
0.725675, -0.675049, 0.092068, 0.628967
0.726163, -0.677814, 0.095215, 0.631313
0.726658, -0.688782, 0.098228, 0.654526
0.727677, -0.718384, 0.099106, 0.733452
0.728179, -0.741310, 0.099754, 0.755043
0.728683, -0.761681, 0.103359, 0.754642
0.729187, -0.780525, 0.113373, 0.777950
0.729632, -0.793610, 0.121193, 0.818214
0.730133, -0.811920, 0.113754, 0.863934
0.730644, -0.948029, 0.099411, 1.161861
0.731151, -1.286411, 0.094833, 1.800880
0.731650, -1.851120, 0.049286, 2.672558
0.732148, -2.356682, 0.113697, 3.157997
0.732609, -2.371655, 0.362816, 1.930885
0.733130, -2.002258, 0.283737, 0.753689
0.733615, -1.644421, 0.124168, -0.328617
0.734106, -1.163006, 0.028667, -0.446930
0.734585, -0.737114, 0.077209, -0.274811
0.735121, -0.648956, 0.067673, 0.033073
0.735589, -0.854034, 0.050049, 0.310059
0.736115, -1.016750, 0.155621, 0.652924
0.736579, -1.017838, 0.211525, 0.885696
0.737108, -0.896912, 0.181370, 0.945396
0.737600, -0.760899, 0.081940, 0.693493
0.738059, -0.644550, 0.038300, 0.393276
0.739054, -0.554867, 0.062466, 0.614910
0.739586, -0.647507, 0.040894, 0.746822
0.740064, -0.767097, 0.022774, 0.658646
0.740533, -0.818901, 0.006676, 0.561447
0.741056, -0.756798, 0.051460, 0.716915
0.741526, -0.656872, 0.072460, 0.817680
0.742038, -0.628452, 0.029449, 0.647812
0.742547, -0.649090, -0.027618, 0.446930
0.743050, -0.622025, -0.047245, 0.479755
0.743553, -0.576553, 0.004597, 0.743046
0.744047, -0.589600, 0.037727, 0.906448
0.744537, -0.644169, 0.011635, 0.767021
0.745502, -0.690060, -0.024109, 0.472565
0.745996, -0.644474, 0.013733, 0.610752
0.746544, -0.674515, 0.084591, 0.682602
0.746989, -0.735855, 0.053558, 0.682812
0.747533, -0.725555, 0.023232, 0.567265
0.747981, -0.693798, 0.057411, 0.514832
0.748964, -0.719471, 0.102139, 0.620689
0.749467, -0.777493, 0.123806, 0.552940
0.749970, -0.826302, 0.151100, 0.517101
0.750460, -0.878658, 0.173759, 0.457859
0.750962, -0.924435, 0.179348, 0.429306
0.751452, -0.960083, 0.175362, 0.379848
0.751941, -0.977745, 0.184517, 0.398731
0.752430, -0.955811, 0.182133, 0.465851
0.752919, -0.914917, 0.149841, 0.484333
0.753409, -0.813942, 0.096455, 0.476799
0.753942, -0.694332, 0.061321, 0.476627
0.754401, -0.687199, 0.044117, 0.572968
0.754934, -0.743275, 0.047359, 0.708618
0.755438, -0.736008, 0.062885, 0.714798
0.756387, -0.727825, 0.046005, 0.510616
0.756907, -0.756702, 0.062943, 0.525856
0.757370, -0.728855, 0.071030, 0.622463
0.757889, -0.697289, 0.065708, 0.660706
0.758369, -0.718937, 0.068092, 0.602589
0.759375, -0.741825, 0.068703, 0.575294
0.759849, -0.714684, 0.083790, 0.645962
0.760393, -0.713711, 0.078449, 0.638504
0.760868, -0.731926, 0.068321, 0.585270
0.761830, -0.725212, 0.069828, 0.580215
0.762331, -0.725613, 0.075226, 0.615005
0.762833, -0.733795, 0.077934, 0.617962
0.763344, -0.742626, 0.076218, 0.608883
0.763858, -0.772610, 0.074596, 0.596809
0.764334, -0.832691, 0.085831, 0.551548
0.764837, -0.875206, 0.100670, 0.489159
0.765320, -0.874882, 0.119629, 0.438881
0.765808, -0.856400, 0.111446, 0.495491
0.766312, -0.828381, 0.119686, 0.537548
0.766800, -0.822124, 0.120010, 0.550976
0.767305, -0.829678, 0.106335, 0.522289
0.767823, -0.838337, 0.102940, 0.509281
0.768295, -0.831070, 0.118465, 0.550728
0.768799, -0.823517, 0.129776, 0.599785
0.769259, -0.831814, 0.139885, 0.581093
0.769777, -0.839138, 0.126381, 0.517883
0.770281, -0.837402, 0.120087, 0.480843
0.770774, -0.817585, 0.127621, 0.538521
0.771261, -0.797424, 0.139446, 0.629234
0.771765, -0.793095, 0.146427, 0.645561
0.772267, -0.790672, 0.129604, 0.617886
0.772748, -0.795250, 0.109329, 0.593472
0.773255, -0.783138, 0.107307, 0.617924
0.773718, -0.769539, 0.122547, 0.641155
0.774241, -0.768414, 0.106850, 0.639038
0.775206, -0.798950, 0.119095, 0.594826
0.775738, -0.778160, 0.107422, 0.636005
0.776209, -0.764046, 0.100136, 0.675583
0.776703, -0.755558, 0.099354, 0.687828
0.777191, -0.768585, 0.116234, 0.648651
0.777720, -0.792789, 0.111084, 0.620499
0.778223, -0.807838, 0.097198, 0.618706
0.779172, -0.858326, 0.077019, 0.558338
0.779678, -0.885334, 0.053978, 0.545788
0.780208, -0.889912, 0.036736, 0.560837
0.780654, -0.883026, 0.058403, 0.582066
0.781173, -0.878716, 0.084000, 0.551262
0.781679, -0.867310, 0.068684, 0.568447
0.782179, -0.868912, 0.060558, 0.579052
0.782684, -0.869751, 0.086575, 0.581131
0.783665, -0.927143, 0.081005, 0.500603
0.784139, -0.907307, 0.050621, 0.555134
0.784640, -0.851536, 0.092258, 0.542831
0.785143, -0.830917, 0.150166, 0.583096
0.785645, -0.852299, 0.202713, 0.533981
0.786150, -0.866241, 0.181637, 0.503826
0.786654, -0.841961, 0.140285, 0.558910
0.787143, -0.748806, 0.144291, 0.666275
0.787661, -0.648232, 0.190163, 0.750427
0.788164, -0.646515, 0.192966, 0.776062
0.788670, -0.741692, 0.165939, 0.685673
0.789172, -0.790424, 0.094891, 0.661736
0.789621, -0.769653, 0.055008, 0.673065
0.790654, -0.720997, 0.007801, 0.690460
0.791156, -0.743618, -0.019321, 0.616379
0.791661, -0.784569, -0.046825, 0.601444
0.792046, -0.802498, -0.019894, 0.605640
0.792648, -0.813389, 0.034771, 0.681763
0.793145, -0.838013, 0.071259, 0.684795
0.793636, -0.832996, 0.082932, 0.677605
0.794045, -0.814819, 0.137024, 0.651073
0.794549, -0.782757, 0.171051, 0.697308
0.795055, -0.775414, 0.223217, 0.625019
0.795560, -0.789719, 0.230370, 0.579376
0.796062, -0.802116, 0.232143, 0.475388
0.796509, -0.824776, 0.224953, 0.447598
0.797013, -0.851994, 0.221863, 0.397625
0.797512, -0.856628, 0.147114, 0.434971
0.798019, -0.847378, 0.109043, 0.387173
0.798533, -0.768337, 0.058861, 0.553265
0.799020, -0.688725, 0.102158, 0.552444
0.799514, -0.617599, 0.080471, 0.785007
0.799977, -0.580997, 0.071850, 0.871067
0.800490, -0.598583, 0.088444, 0.941257
0.801009, -0.649071, 0.062637, 0.898037
0.801497, -0.692482, 0.034199, 0.745544
0.801973, -0.718460, -0.036335, 0.671158
0.802477, -0.722885, -0.024242, 0.533981
0.802992, -0.696259, -0.018482, 0.515671
0.803943, -0.657616, -0.000572, 0.643730
0.804446, -0.624771, 0.042782, 0.771847
0.804981, -0.591908, 0.037365, 0.835190
0.805424, -0.597458, 0.049038, 0.869350
0.805942, -0.575752, 0.039024, 0.889301
0.806431, -0.586967, 0.030556, 0.806561
0.806949, -0.619545, 0.006466, 0.751705
0.807438, -0.618134, -0.021725, 0.790234
0.807941, -0.638828, -0.013466, 0.733795
0.808411, -0.662403, 0.016842, 0.687428
0.808933, -0.665321, -0.006981, 0.691280
0.809405, -0.664597, -0.031872, 0.703754
0.809881, -0.678883, -0.017757, 0.700665
0.810402, -0.707703, 0.004311, 0.627708
0.810891, -0.750942, -0.021057, 0.567989
0.811424, -0.782433, -0.019188, 0.523052
0.811868, -0.772400, 0.014782, 0.515938
0.812371, -0.770664, 0.000191, 0.573006
0.812875, -0.741444, -0.003014, 0.661774
0.813364, -0.688801, 0.015564, 0.690746
0.813856, -0.674400, 0.032921, 0.704632
0.814357, -0.685005, 0.032005, 0.673027
0.814878, -0.712528, 0.043278, 0.663967
0.815352, -0.707493, 0.012875, 0.666447
0.815867, -0.699120, -0.036678, 0.560017
0.816326, -0.684052, -0.050716, 0.583744
0.817349, -0.696087, -0.022430, 0.658283
0.817809, -0.727997, -0.077229, 0.583420
0.818348, -0.800571, -0.134315, 0.556564
0.818805, -0.864716, -0.115395, 0.476551
0.819305, -0.837841, -0.088997, 0.427418
0.819837, -0.750523, -0.036087, 0.493069
0.820327, -0.680637, 0.016861, 0.607319
0.820815, -0.605450, 0.053082, 0.703773
0.821304, -0.602207, 0.018215, 0.726032
0.821781, -0.632401, -0.009308, 0.738754
0.822281, -0.646496, -0.014668, 0.657864
0.823259, -0.614147, 0.015469, 0.723515
0.823787, -0.601711, 0.040207, 0.741730
0.824257, -0.602722, 0.009499, 0.775356
0.824788, -0.627079, -0.011349, 0.710106
0.825272, -0.636654, 0.003033, 0.674324
0.825851, -0.631676, -0.025215, 0.684681
0.826232, -0.624352, -0.024529, 0.713558
0.826828, -0.633698, 0.015373, 0.688972
0.827231, -0.652485, 0.066586, 0.636082
0.827814, -0.678463, 0.047035, 0.630093
0.828226, -0.697937, 0.030766, 0.585823
0.828727, -0.684261, 0.070591, 0.603333
0.829228, -0.663166, 0.045109, 0.578003
0.829736, -0.639896, 0.080280, 0.658665
0.830239, -0.596828, 0.135250, 0.733585
0.830834, -0.567608, 0.152512, 0.795803
0.831251, -0.549603, 0.174923, 0.840302
0.831722, -0.567245, 0.167122, 0.854740
0.832208, -0.613880, 0.115967, 0.800323
0.832692, -0.689316, 0.048141, 0.700550
0.833210, -0.761280, -0.003281, 0.609646
0.833706, -0.786076, -0.037212, 0.578098
0.834179, -0.793648, -0.039425, 0.551434
0.834712, -0.784016, -0.028496, 0.577755
0.835179, -0.740166, -0.016098, 0.621510
0.835711, -0.691299, -0.016479, 0.670528
0.836196, -0.678158, -0.000248, 0.711937
0.836708, -0.683861, -0.037651, 0.714645
0.837173, -0.685310, -0.057697, 0.692902
0.837698, -0.683479, -0.064392, 0.654984
0.838653, -0.633698, -0.050468, 0.630646
0.839165, -0.628777, -0.017891, 0.685978
0.839606, -0.644398, -0.020752, 0.711327
0.840115, -0.662537, -0.030975, 0.700779
0.840623, -0.681038, -0.007229, 0.677853
0.841172, -0.703430, -0.004978, 0.658817
0.841606, -0.692177, -0.003777, 0.671368
0.842625, -0.690594, 0.067425, 0.712566
0.843124, -0.713634, 0.042152, 0.699768
0.844077, -0.768986, 0.011673, 0.599461
0.844610, -0.772247, 0.004425, 0.591831
0.845573, -0.759239, -0.022240, 0.627480
0.846076, -0.755081, -0.006580, 0.652409
0.846584, -0.735512, -0.000610, 0.637817
0.847084, -0.711231, 0.015564, 0.641193
0.848031, -0.704708, 0.091400, 0.728397
0.848540, -0.682240, 0.091400, 0.804672
0.849069, -0.657253, 0.114059, 0.837994
0.849531, -0.646858, 0.122318, 0.814686
0.850038, -0.646267, 0.067101, 0.775356
0.850550, -0.633583, 0.016956, 0.739460
0.851055, -0.633259, 0.007362, 0.734215
0.851516, -0.645275, -0.020924, 0.703430
0.852031, -0.661659, -0.074215, 0.681057
0.852491, -0.667953, -0.082283, 0.668678
0.852997, -0.681267, -0.030766, 0.675354
0.853514, -0.710278, -0.038624, 0.674095
0.853973, -0.722275, -0.091400, 0.666542
0.854506, -0.719566, -0.090733, 0.645275
0.854979, -0.709515, -0.068703, 0.631256
0.855489, -0.688725, -0.073662, 0.624332
0.855987, -0.670128, -0.068264, 0.627499
0.856506, -0.659256, -0.021706, 0.651932
0.856967, -0.666218, 0.028610, 0.687675
0.857462, -0.662289, 0.086021, 0.742779
0.857971, -0.633106, 0.103092, 0.757828
0.858487, -0.608902, 0.097504, 0.757599
0.858936, -0.602398, 0.092316, 0.720634
0.859448, -0.622845, 0.119247, 0.729694
0.859958, -0.642204, 0.108509, 0.781040
0.860461, -0.636940, 0.074253, 0.779362
0.860910, -0.652752, 0.089588, 0.730000
0.861411, -0.690708, 0.085945, 0.672474
0.861913, -0.718002, 0.049019, 0.646973
0.862418, -0.729847, 0.035210, 0.658035
0.862890, -0.728436, 0.047264, 0.646439
0.863413, -0.745220, 0.075779, 0.636234
0.864418, -0.712776, 0.085087, 0.619144
0.864906, -0.658245, 0.080376, 0.617123
0.865406, -0.647449, 0.115604, 0.640278
0.865911, -0.664635, 0.131302, 0.680466
0.866401, -0.673656, 0.128860, 0.743389
0.866906, -0.670376, 0.134659, 0.766449
0.867349, -0.661373, 0.120163, 0.750294
0.867853, -0.638123, 0.091419, 0.716286
0.868337, -0.598774, 0.041008, 0.692215
0.868833, -0.553741, 0.003223, 0.713081
0.869333, -0.518513, 0.029030, 0.738983
0.870830, -0.675850, 0.218582, 0.780869
0.871337, -0.691509, 0.323315, 0.776176
0.871809, -0.694885, 0.361500, 0.774269
0.872331, -0.676727, 0.293713, 0.753880
0.872846, -0.677700, 0.268440, 0.749893
0.873307, -0.701752, 0.237885, 0.705452
0.873797, -0.743713, 0.192051, 0.661831
0.874287, -0.734997, 0.117989, 0.637741
0.875291, -0.599041, 0.117359, 0.649910
0.875774, -0.573463, 0.123672, 0.692177
0.876282, -0.567436, 0.128555, 0.706463
0.876780, -0.574493, 0.122261, 0.743198
0.877289, -0.589371, 0.120602, 0.756168
0.877795, -0.586224, 0.127831, 0.777340
0.878268, -0.589676, 0.132885, 0.792542
0.878787, -0.602093, 0.102730, 0.757256
0.879281, -0.603905, 0.052567, 0.720024
0.879779, -0.613289, 0.085297, 0.734978
0.880247, -0.634804, 0.141335, 0.769100
0.880755, -0.612087, 0.124321, 0.744820
0.881217, -0.581303, 0.128250, 0.704746
0.881752, -0.559711, 0.143280, 0.672932
0.882287, -0.531216, 0.149593, 0.716991
0.882756, -0.505562, 0.149632, 0.787411
0.883288, -0.475845, 0.124683, 0.819054
0.883808, -0.472851, 0.137730, 0.815086
0.884243, -0.480461, 0.142994, 0.824280
0.884772, -0.469227, 0.163841, 0.813713
0.885181, -0.477657, 0.202751, 0.782604
0.885767, -0.564766, 0.257397, 0.742645
0.886253, -0.701866, 0.296688, 0.701408
0.886759, -0.819054, 0.305519, 0.745239
0.887278, -0.868015, 0.316734, 0.725822
0.887660, -0.881710, 0.263710, 0.651169
0.888163, -0.760517, 0.157585, 0.562344
0.888668, -0.644321, 0.082817, 0.556774
0.889171, -0.648022, 0.075703, 0.661945
0.889675, -0.714417, 0.101509, 0.716972
0.890178, -0.775242, 0.112934, 0.720806
0.890682, -0.781116, 0.161991, 0.685005
0.891126, -0.736008, 0.179958, 0.673161
0.891631, -0.638943, 0.153790, 0.712051
0.892620, -0.362549, 0.021572, 0.770264
0.893140, -0.276337, 0.007172, 0.791130
0.893624, -0.270844, 0.007572, 0.820179
0.894137, -0.356579, -0.010166, 0.870266
0.894598, -0.439320, -0.000725, 0.879879
0.895125, -0.438614, 0.029392, 0.814381
0.895589, -0.393257, -0.014248, 0.769958
0.896106, -0.420208, -0.088310, 0.779152
0.896611, -0.547218, -0.191822, 0.805779
0.897098, -0.682259, -0.201931, 0.812244
0.897601, -0.762615, -0.087795, 0.741844
0.898077, -0.783596, 0.043373, 0.654964
0.898612, -0.754814, 0.156479, 0.633469
0.899056, -0.784264, 0.136318, 0.692616
0.899548, -0.818329, 0.180359, 0.708466
0.900549, -0.705013, 0.103607, 0.573730
0.901048, -0.681896, 0.078621, 0.584908
0.901557, -0.613918, 0.133457, 0.667477
0.902075, -0.490551, 0.238762, 0.657825
0.902553, -0.378475, 0.218849, 0.615597
0.903025, -0.277691, 0.171623, 0.584946
0.903510, -0.202904, 0.151806, 0.585518
0.904032, -0.164127, 0.109196, 0.659351
0.904520, -0.238075, 0.107956, 0.728855
0.905007, -0.398674, 0.082512, 0.721302
0.905499, -0.787315, 0.084705, 0.648003
0.906535, -2.121620, 0.206184, 0.317516
0.907026, -2.034531, 0.092297, 0.033054
0.907504, -1.325798, 0.032845, -0.196896
0.907971, -0.745029, 0.006084, 0.192738
0.908496, -0.483608, 0.182247, 0.702686
0.908991, -0.450401, 0.322323, 0.950661
0.909490, -0.591984, 0.295410, 1.013336
0.909996, -0.701694, 0.278740, 0.918388
0.910466, -0.666866, 0.301113, 0.797348
0.910950, -0.537338, 0.270233, 0.803432
0.911469, -0.484219, 0.249977, 0.623035
0.912008, -0.517750, 0.191612, 0.476246
0.912446, -0.625057, 0.134411, 0.461159
0.912949, -0.838585, 0.115490, 0.635204
0.913460, -1.013794, 0.048046, 0.791473
0.913928, -1.166096, -0.011463, 0.657425
0.914433, -1.297760, 0.006905, 0.399265
0.914935, -1.273327, -0.005741, 0.257492
0.915448, -1.257763, 0.059147, 0.301838
0.915939, -1.221199, 0.098782, 0.343857
0.916432, -1.190014, 0.116081, 0.255699
0.916935, -1.111679, 0.109158, 0.216522
0.917883, -0.949516, 0.179119, 0.478992
0.918387, -0.956306, 0.193520, 0.467682
0.918891, -0.926952, 0.153408, 0.406685
0.919395, -0.901699, 0.121975, 0.384331
0.919898, -0.865688, 0.114555, 0.496693
0.920402, -0.819702, 0.109615, 0.609589
0.921349, -0.803719, 0.076256, 0.541668
0.921855, -0.777702, 0.084038, 0.538540
0.922358, -0.747051, 0.088673, 0.633602
0.922861, -0.712357, 0.105686, 0.685272
0.923363, -0.707951, 0.103512, 0.611954
0.923873, -0.748367, 0.079155, 0.546398
0.924372, -0.795460, 0.078125, 0.553951
0.924816, -0.847912, 0.102673, 0.603085
0.925345, -0.913792, 0.102310, 0.556564
0.925833, -0.971985, 0.086155, 0.434914
0.926350, -0.996380, 0.070648, 0.376949
0.926836, -0.997334, 0.077419, 0.395012
0.927335, -0.986786, 0.094719, 0.431461
0.927838, -0.978737, 0.096245, 0.420742
0.928779, -0.930481, 0.092449, 0.475693
0.929779, -0.868187, 0.096912, 0.571327
0.930278, -0.848083, 0.085239, 0.554218
0.930848, -0.823307, 0.087204, 0.548229
0.931349, -0.797691, 0.097599, 0.605640
0.931853, -0.782623, 0.104389, 0.642853
0.932357, -0.777435, 0.101757, 0.636311
0.932742, -0.763874, 0.104465, 0.617580
0.933306, -0.735340, 0.121593, 0.644360
0.933838, -0.715389, 0.141048, 0.699043
0.934723, -0.729504, 0.143433, 0.646305
0.935221, -0.729656, 0.132370, 0.622730
0.935803, -0.719776, 0.135498, 0.658722
0.936730, -0.713596, 0.141773, 0.673103
0.937206, -0.727921, 0.135689, 0.622311
0.937704, -0.725460, 0.128860, 0.616169
0.938213, -0.716038, 0.128670, 0.660172
0.939192, -0.720596, 0.125694, 0.646229
0.940208, -0.723515, 0.127106, 0.616741
0.940697, -0.717621, 0.129166, 0.642529
0.941185, -0.718307, 0.124340, 0.638657
0.941673, -0.724049, 0.119247, 0.613728
0.942194, -0.728436, 0.117245, 0.601883
0.942654, -0.723324, 0.116405, 0.623302
0.943677, -0.727959, 0.115108, 0.607567
0.944178, -0.741978, 0.104008, 0.574436
0.944648, -0.766582, 0.107651, 0.560169
0.945170, -0.809975, 0.112000, 0.550842
0.945646, -0.816765, 0.118046, 0.528793
0.946119, -0.837803, 0.156212, 0.454502
0.946639, -0.863724, 0.144577, 0.428467
0.947156, -0.846653, 0.132732, 0.432358
0.947636, -0.829792, 0.141716, 0.471687
0.948111, -0.822449, 0.137768, 0.496006
0.948637, -0.822296, 0.122757, 0.484505
0.949127, -0.819244, 0.116558, 0.489502
0.949628, -0.815334, 0.124874, 0.512543
0.950094, -0.813675, 0.133305, 0.523548
0.950607, -0.818901, 0.130672, 0.510139
0.951603, -0.834637, 0.121155, 0.471916
0.952097, -0.847130, 0.121822, 0.479946
0.952571, -0.857067, 0.127659, 0.473976
0.953048, -0.873203, 0.129356, 0.439625
0.953586, -0.895786, 0.129128, 0.409031
0.954046, -0.909100, 0.131321, 0.397243
0.954565, -0.922165, 0.126057, 0.385590
0.955038, -0.932159, 0.111866, 0.388451
0.955542, -0.927734, 0.083809, 0.393124
0.956045, -0.891838, 0.069160, 0.418167
0.956534, -0.849857, 0.085506, 0.462513
0.957038, -0.822887, 0.093689, 0.500202
0.957542, -0.804672, 0.099545, 0.518894
0.958045, -0.789375, 0.124035, 0.533543
0.958540, -0.767212, 0.144329, 0.566978
0.959020, -0.724220, 0.150032, 0.642700
0.959525, -0.694733, 0.144157, 0.680256
0.960023, -0.699463, 0.147324, 0.689392
0.960518, -0.728321, 0.144348, 0.693970
0.961152, -0.768528, 0.135574, 0.673141
0.961475, -0.796127, 0.131989, 0.638809
0.962023, -0.811634, 0.135746, 0.578270
0.962477, -0.808620, 0.134029, 0.542698
0.962972, -0.775623, 0.144119, 0.551414
0.963471, -0.719471, 0.158558, 0.592976
0.964105, -0.690079, 0.169964, 0.640259
0.964480, -0.706596, 0.187511, 0.688953
0.964951, -0.712051, 0.185719, 0.711117
0.965496, -0.696106, 0.171566, 0.728264
0.965956, -0.700893, 0.168552, 0.731964
0.966464, -0.703869, 0.184174, 0.727348
0.966968, -0.701904, 0.172138, 0.705204
0.967454, -0.706310, 0.144482, 0.640812
0.967942, -0.698891, 0.146389, 0.606747
0.968421, -0.721817, 0.191994, 0.603027
0.968919, -0.751324, 0.207767, 0.592709
0.969425, -0.744190, 0.170422, 0.637684
0.969992, -0.737686, 0.155964, 0.667953
0.970393, -0.743732, 0.136700, 0.680313
0.970902, -0.746994, 0.102921, 0.712185
0.971410, -0.733109, 0.078869, 0.704098
0.972378, -0.703506, 0.062103, 0.721722
0.972892, -0.677338, 0.020466, 0.766449
0.973409, -0.686302, 0.039768, 0.768871
0.973866, -0.732803, 0.097446, 0.714226
0.974352, -0.777454, 0.107403, 0.638313
0.975359, -0.763836, 0.083447, 0.664806
0.975857, -0.732193, 0.089245, 0.713863
0.976350, -0.712204, 0.061073, 0.736637
0.976845, -0.714169, 0.032768, 0.715961
0.977336, -0.732098, 0.059185, 0.676003
0.977855, -0.780029, 0.068417, 0.625477
0.978329, -0.842247, 0.074387, 0.553036
0.978835, -0.883312, 0.088806, 0.494976
0.979431, -0.901108, 0.115547, 0.452328
0.979897, -0.900974, 0.122948, 0.458527
0.980403, -0.913372, 0.106049, 0.502281
0.980906, -0.930061, 0.118618, 0.492516
0.981291, -0.980968, 0.175648, 0.405560
0.981795, -1.037846, 0.218182, 0.252018
0.982298, -1.000519, 0.136280, 0.291176
0.982802, -0.887718, 0.076313, 0.444088
0.983305, -0.749645, 0.054817, 0.622978
0.983891, -0.685425, 0.053368, 0.741825
0.984299, -0.698032, -0.001163, 0.828972
0.984802, -0.745773, 0.008106, 0.744781
0.985780, -0.778522, 0.104771, 0.585098
0.986284, -0.805874, 0.116253, 0.513973
0.986787, -0.779209, 0.121517, 0.467701
0.987231, -0.757523, 0.141659, 0.515118
0.987739, -0.732479, 0.121613, 0.619030
0.988239, -0.694637, 0.104256, 0.699902
0.988742, -0.734425, 0.086308, 0.580902
0.989247, -0.770855, 0.029850, 0.540085
0.989737, -0.739632, -0.003929, 0.614586
0.990238, -0.702381, 0.024128, 0.683994
0.990743, -0.686035, 0.060730, 0.718956
0.991246, -0.699978, 0.053406, 0.621624
0.991693, -0.745659, 0.000839, 0.624466
0.992236, -0.773430, 0.014267, 0.665607
0.992723, -0.768700, 0.034714, 0.686932
0.993208, -0.744858, 0.080814, 0.632420
0.993704, -0.699234, 0.077095, 0.595131
0.994698, -0.679531, 0.121880, 0.594578
0.995202, -0.695572, 0.120277, 0.660667
0.995707, -0.694447, 0.127869, 0.686569
0.996152, -0.684376, 0.095158, 0.666943
0.996653, -0.659904, -0.001278, 0.735092
0.997157, -0.633717, -0.041065, 0.791035
0.997663, -0.661621, -0.039577, 0.843449
0.998183, -0.706749, -0.052471, 0.799847
0.998627, -0.744591, -0.045948, 0.698318
0.999134, -0.744591, -0.035553, 0.723782
0.999645, -0.720062, 0.005932, 0.697174
1.000154, -0.712929, 0.019588, 0.659771
1.001141, -0.717735, -0.084991, 0.586205
1.001600, -0.679550, -0.093231, 0.702629
1.002099, -0.638485, -0.093498, 0.723743
1.002589, -0.625973, -0.062828, 0.826454
1.003092, -0.631771, 0.003052, 0.882168
1.003617, -0.660610, 0.058460, 0.826778
1.004085, -0.650558, 0.063972, 0.842495
1.004579, -0.661869, 0.097942, 0.730743
1.005083, -0.721760, 0.123863, 0.561523
1.005588, -0.759506, 0.099354, 0.616589
1.006105, -0.763245, 0.097408, 0.600586
1.007083, -0.776920, 0.087013, 0.664864
1.007587, -0.775242, 0.077076, 0.596962
1.008086, -0.742207, 0.093479, 0.635471
1.008551, -0.692997, 0.122566, 0.646782
1.009075, -0.712166, 0.136127, 0.592766
1.009530, -0.780067, 0.124168, 0.551777
1.010041, -0.812664, 0.113926, 0.530415
1.010549, -0.815811, 0.100403, 0.519104
1.011543, -0.829163, 0.022068, 0.406094
1.012016, -0.822563, -0.021133, 0.376186
1.012520, -0.775928, -0.059013, 0.402184
1.013007, -0.709782, -0.050125, 0.470886
1.013537, -0.644760, -0.032997, 0.636082
1.014007, -0.610523, 0.004025, 0.705833
1.014490, -0.577106, 0.053940, 0.794353
1.015011, -0.518398, 0.101109, 0.953369
1.015468, -0.511265, 0.133915, 0.933456
1.015970, -0.524902, 0.152264, 0.881310
1.016489, -0.515366, 0.107841, 0.946274
1.016993, -0.519218, 0.127239, 0.819340
1.017467, -0.504322, 0.140362, 0.882702
1.017983, -0.520344, 0.126724, 0.815506
1.018978, -0.632858, 0.060387, 0.848789
1.019437, -0.638695, 0.047245, 0.854683
1.019941, -0.651894, 0.015240, 0.825691
1.020432, -0.702934, -0.026531, 0.681190
1.020924, -0.778713, -0.058479, 0.528049
1.021428, -0.846214, -0.056419, 0.495148
1.021922, -0.879364, -0.015659, 0.501919
1.022415, -0.879841, 0.006618, 0.502834
1.022919, -0.856876, 0.024223, 0.514736
1.023458, -0.818462, 0.062065, 0.488949
1.023956, -0.761070, 0.096703, 0.551796
1.024459, -0.718937, 0.111122, 0.592747
1.024956, -0.700283, 0.094719, 0.525646
1.025424, -0.685768, 0.076771, 0.495090
1.025996, -0.657349, 0.070896, 0.522003
1.026557, -0.638523, 0.061455, 0.619793
1.026946, -0.626888, 0.045834, 0.712757
1.027582, -0.626240, 0.044537, 0.705490
1.027985, -0.639305, 0.018883, 0.722713
1.028511, -0.641174, -0.008202, 0.751553
1.028864, -0.636806, -0.014629, 0.780830
1.029350, -0.641155, -0.014420, 0.805702
1.029855, -0.665321, -0.037079, 0.697269
1.030863, -0.695057, -0.028667, 0.668678
1.031363, -0.705147, -0.019951, 0.689678
1.031841, -0.699997, -0.021877, 0.725269
1.032348, -0.711727, -0.027027, 0.696449
1.032861, -0.734787, -0.026970, 0.691929
1.033304, -0.741634, -0.008907, 0.698376
1.033824, -0.740719, -0.003471, 0.664520
1.034826, -0.764294, -0.028000, 0.619736
1.035822, -0.756435, -0.007038, 0.645390
1.036277, -0.752354, -0.014801, 0.629272
1.036790, -0.752449, -0.028973, 0.597267
1.037304, -0.743198, -0.027657, 0.599174
1.037765, -0.734520, -0.023460, 0.649376
1.038267, -0.727768, -0.023136, 0.719547
1.038772, -0.738316, -0.028591, 0.741196
1.039279, -0.756550, -0.040359, 0.731659
1.039772, -0.770416, -0.045280, 0.755138
1.040277, -0.785503, -0.052204, 0.799332
1.040779, -0.805626, -0.055847, 0.858707
1.041231, -0.831356, -0.050774, 0.871201
1.041742, -0.857849, -0.067711, 0.838623
1.042241, -0.876541, -0.091076, 0.802460
1.042735, -0.886574, -0.100136, 0.762691
1.043246, -0.889454, -0.099430, 0.739098
1.043723, -0.892239, -0.105667, 0.730934
1.044255, -0.889378, -0.117035, 0.722141
1.044699, -0.889511, -0.130806, 0.733910
1.045720, -0.890102, -0.160446, 0.739269
1.046211, -0.880032, -0.165005, 0.763321
1.046713, -0.867519, -0.170364, 0.794582
1.047206, -0.849934, -0.167542, 0.816269
1.047705, -0.838566, -0.165653, 0.832329
1.048195, -0.825214, -0.160027, 0.849667
1.048697, -0.804806, -0.146217, 0.887432
1.049187, -0.788231, -0.133247, 0.927944
1.049690, -0.780239, -0.121155, 0.956249
1.050179, -0.774956, -0.111237, 0.956707
1.050684, -0.775795, -0.107613, 0.929871
1.051172, -0.779762, -0.099049, 0.907898
1.051662, -0.779896, -0.094547, 0.915794
1.052154, -0.780735, -0.085373, 0.920296
1.052653, -0.783424, -0.075397, 0.901413
1.053142, -0.789967, -0.067883, 0.857563
1.053638, -0.793610, -0.062408, 0.814514
1.054136, -0.788574, -0.059433, 0.793362
1.054618, -0.780983, -0.059319, 0.785522
1.055113, -0.766106, -0.060806, 0.790501
1.055603, -0.750237, -0.064144, 0.784435
1.056092, -0.745029, -0.060749, 0.773640
1.057113, -0.734730, -0.063572, 0.733757
1.057593, -0.728397, -0.067844, 0.734310
1.058090, -0.719433, -0.065422, 0.739822
1.058613, -0.709782, -0.066986, 0.747776
1.059096, -0.702267, -0.066452, 0.739021
1.059579, -0.695133, -0.071354, 0.724659
1.060057, -0.681992, -0.070648, 0.716877
1.060594, -0.663147, -0.072422, 0.717506
1.061084, -0.656052, -0.074749, 0.721130
1.061572, -0.639725, -0.077076, 0.720367
1.093065, -0.475006, 0.042057, 0.543022
1.093176, -0.478115, 0.046215, 0.545177
1.093255, -0.480709, 0.052471, 0.544872
1.093334, -0.482616, 0.056610, 0.551186
1.093416, -0.482616, 0.061684, 0.545864
1.093493, -0.490551, 0.069046, 0.529404
1.093571, -0.500107, 0.078049, 0.523510
1.093649, -0.505581, 0.084057, 0.525341
1.093766, -0.506973, 0.090923, 0.536957
1.093853, -0.511932, 0.093765, 0.539417
1.093932, -0.524693, 0.104237, 0.527363
1.094014, -0.528545, 0.113087, 0.520382
1.094094, -0.532284, 0.120678, 0.515919
1.094174, -0.536270, 0.128136, 0.523949
1.094252, -0.536270, 0.137577, 0.530834
1.094331, -0.542011, 0.148926, 0.522442
1.094411, -0.552521, 0.155087, 0.519104
1.094490, -0.558224, 0.165367, 0.523129
1.094567, -0.558720, 0.174713, 0.535049
1.094645, -0.561924, 0.178833, 0.537033
1.094728, -0.567741, 0.189228, 0.539227
1.094809, -0.573902, 0.196609, 0.542393
1.094888, -0.582981, 0.202961, 0.554104
1.094965, -0.583992, 0.209713, 0.571804
1.095043, -0.588055, 0.215931, 0.579243
1.095127, -0.590935, 0.220776, 0.566959
1.095205, -0.599556, 0.220566, 0.557384
1.095286, -0.604191, 0.221367, 0.562267
1.095363, -0.602531, 0.226612, 0.581379
1.095441, -0.604610, 0.229263, 0.590801
1.095517, -0.610065, 0.237751, 0.587196
1.095594, -0.616112, 0.240803, 0.568104
1.095675, -0.623837, 0.235271, 0.560856
1.095755, -0.629005, 0.238857, 0.567074
1.095833, -0.623760, 0.242367, 0.576725
1.095913, -0.625744, 0.250587, 0.584126
1.095991, -0.626602, 0.262222, 0.571861
1.096075, -0.636444, 0.268555, 0.554314
1.096264, -0.635452, 0.282154, 0.547981
1.096771, -0.634556, 0.287952, 0.558167
1.097286, -0.631828, 0.293350, 0.578117
1.097797, -0.634861, 0.299187, 0.580311
1.098204, -0.637970, 0.310574, 0.567951
1.098700, -0.645580, 0.319309, 0.552158
1.099191, -0.647144, 0.329189, 0.552120
1.099689, -0.642815, 0.343304, 0.572338
1.100731, -0.646610, 0.362892, 0.594234
1.101174, -0.644608, 0.373249, 0.578022
1.101676, -0.648327, 0.382996, 0.574017
1.102180, -0.649891, 0.394440, 0.584297
1.102685, -0.647068, 0.407505, 0.589294
1.103177, -0.654297, 0.411549, 0.582008
1.103679, -0.657215, 0.414658, 0.571613
1.104194, -0.661259, 0.419121, 0.557079
1.104644, -0.660706, 0.424423, 0.555439
1.105175, -0.659676, 0.424633, 0.559692
1.105677, -0.659313, 0.423088, 0.563965
1.106169, -0.661983, 0.426006, 0.558510
1.106671, -0.664082, 0.436096, 0.533943
1.107122, -0.661526, 0.430279, 0.513954
1.107639, -0.656776, 0.429382, 0.510216
1.108158, -0.652733, 0.423775, 0.515003
1.109141, -0.648937, 0.410004, 0.507603
1.109647, -0.646305, 0.399475, 0.498581
1.110131, -0.638447, 0.393467, 0.500813
1.110639, -0.632381, 0.388470, 0.513763
1.111087, -0.626087, 0.370102, 0.532017
1.111616, -0.620632, 0.351601, 0.545406
1.112122, -0.613804, 0.338020, 0.554771
1.112584, -0.612011, 0.323772, 0.564308
1.113089, -0.603867, 0.310593, 0.573826
1.113608, -0.592957, 0.293713, 0.586243
1.114090, -0.587673, 0.283623, 0.601006
1.115045, -0.589428, 0.261803, 0.616779
1.115556, -0.590591, 0.258369, 0.617943
1.116064, -0.594254, 0.256920, 0.614681
1.116579, -0.598736, 0.254421, 0.614986
1.117084, -0.612049, 0.246887, 0.644207
1.117533, -0.620365, 0.240765, 0.686016
1.118090, -0.627899, 0.234127, 0.689316
1.118579, -0.643101, 0.234585, 0.680714
1.119068, -0.660439, 0.227623, 0.651188
1.119566, -0.677700, 0.220490, 0.639019
1.120076, -0.697346, 0.213184, 0.653458
1.120542, -0.718479, 0.198765, 0.669880
1.121054, -0.738735, 0.196018, 0.676460
1.121654, -0.760269, 0.200119, 0.691547
1.122579, -0.805607, 0.208149, 0.736752
1.123083, -0.824604, 0.205421, 0.756302
1.123471, -1.014442, 0.205860, 0.960083
1.123987, -2.018375, 0.038929, 3.506985
1.124549, -2.772427, 0.189819, 4.012260
1.125046, -2.417526, 0.564308, 2.349567
1.125446, -1.917686, 0.378857, 0.678501
1.125946, -1.746960, 0.028400, -0.838451
1.126437, -1.201649, 0.008202, -0.742760
1.126931, -0.574417, 0.248852, -0.413513
1.127444, -0.510139, 0.160980, -0.068741
1.127941, -0.862961, -0.003700, 0.150681
1.128463, -0.999546, 0.256653, 0.663300
1.128964, -0.943546, 0.459080, 1.020851
1.129439, -0.837936, 0.387497, 1.211090
1.129941, -0.782490, 0.072594, 0.753689
1.130417, -0.762272, -0.054607, 0.099621
1.130945, -0.703583, 0.046444, 0.169086
1.131426, -0.612793, 0.186081, 0.696144
1.131927, -0.646420, 0.136833, 0.998192
1.132405, -0.770302, 0.036716, 0.688305
1.133382, -0.730247, 0.089970, 0.617409
1.133871, -0.570354, 0.215473, 0.919952
1.134363, -0.568829, 0.143070, 0.849037
1.134900, -0.648441, 0.066509, 0.398788
1.135371, -0.692043, 0.005455, 0.247726
1.135861, -0.685577, 0.004215, 0.561600
1.136346, -0.663052, 0.046463, 0.917606
1.136840, -0.651932, 0.082455, 0.896473
1.137374, -0.659657, 0.064106, 0.640278
1.137863, -0.688248, 0.021114, 0.357971
1.138361, -0.646515, 0.074348, 0.481167
1.138829, -0.600548, 0.138474, 0.663700
1.139366, -0.584831, 0.117874, 0.765285
1.139838, -0.590057, 0.112629, 0.650330
1.140315, -0.610428, 0.135078, 0.555515
1.140845, -0.599594, 0.172520, 0.632706
1.141319, -0.592480, 0.178261, 0.621071
1.141796, -0.623875, 0.163383, 0.515804
1.142311, -0.641823, 0.147400, 0.552006
1.142824, -0.666389, 0.142288, 0.699196
1.143320, -0.727978, 0.091324, 0.732040
1.143814, -0.790215, 0.055847, 0.543022
1.144283, -0.807152, 0.053825, 0.432396
1.144785, -0.779972, 0.054321, 0.522308
1.145290, -0.814457, 0.045109, 0.728149
1.145793, -0.825520, 0.088024, 0.719452
1.146297, -0.785866, 0.111179, 0.459900
1.146800, -0.799961, 0.082264, 0.367661
1.147245, -0.813770, 0.087776, 0.416813
1.147749, -0.859833, 0.084171, 0.529537
1.148255, -0.879822, 0.102463, 0.612907
1.148756, -0.914288, -0.022850, 0.436687
1.149261, -0.991821, -0.077000, 0.369720
1.149752, -0.980301, -0.082016, 0.466099
1.150223, -0.907440, -0.100021, 0.553131
1.150714, -0.851746, -0.085964, 0.593472
1.151237, -0.811806, -0.055714, 0.523872
1.151736, -0.759907, -0.034790, 0.585003
1.152226, -0.683002, 0.031700, 0.712719
1.152742, -0.644436, 0.073872, 0.734615
1.153200, -0.668507, 0.073910, 0.652790
1.153712, -0.699959, 0.054493, 0.610580
1.154225, -0.710850, 0.066872, 0.674400
1.155205, -0.726223, 0.079994, 0.606251
1.155935, -0.725269, 0.074749, 0.532131
1.156254, -0.688591, 0.073452, 0.579758
1.156690, -0.654678, 0.079632, 0.699253
1.157200, -0.688534, 0.056477, 0.687237
1.157653, -0.724354, 0.043087, 0.633240
1.158154, -0.722809, 0.050583, 0.600071
1.158695, -0.711422, 0.059013, 0.626698
1.159644, -0.732613, 0.066471, 0.617943
1.160618, -0.789032, 0.028973, 0.523510
1.161152, -0.814171, 0.041943, 0.588799
1.161634, -0.827179, 0.070972, 0.641003
1.162121, -0.845814, 0.052948, 0.574493
1.162643, -0.860176, 0.026398, 0.466728
1.163115, -0.851116, 0.037804, 0.452671
1.163618, -0.824699, 0.062618, 0.558491
1.164138, -0.815392, 0.067596, 0.636501
1.164626, -0.825958, 0.057144, 0.600872
1.165112, -0.835476, 0.052299, 0.551319
1.165648, -0.820484, 0.067272, 0.563145
1.166162, -0.788727, 0.072651, 0.609779
1.166697, -0.774097, 0.074024, 0.629139
1.167113, -0.776978, 0.060005, 0.612297
1.167633, -0.779343, 0.043049, 0.603390
1.168135, -0.794144, 0.034828, 0.618114
1.168624, -0.808601, 0.023727, 0.632439
1.169142, -0.814018, 0.010376, 0.614719
1.169646, -0.812187, -0.000229, 0.594387
1.171132, -0.789909, -0.009460, 0.639057
1.171533, -0.776730, 0.014591, 0.615368
1.172121, -0.765858, 0.021172, 0.602627
1.172592, -0.766621, 0.014534, 0.650616
1.173113, -0.755901, 0.029793, 0.713100
1.173513, -0.744553, 0.032482, 0.690937
1.174033, -0.760098, 0.006638, 0.606003
1.174492, -0.771103, 0.001926, 0.581779
1.174997, -0.762444, 0.026493, 0.645390
1.175493, -0.754681, 0.046768, 0.693913
1.175987, -0.770912, 0.031281, 0.667248
1.176478, -0.783100, 0.029469, 0.617218
1.176974, -0.778503, 0.048256, 0.598698
1.177471, -0.772591, 0.068951, 0.617657
1.177975, -0.774593, 0.080605, 0.620804
1.178476, -0.782242, 0.099239, 0.608139
1.178979, -0.785255, 0.126896, 0.594120
1.179483, -0.788364, 0.131130, 0.586662
1.179990, -0.787220, 0.139122, 0.570221
1.180490, -0.796928, 0.156116, 0.567741
1.180934, -0.811272, 0.174084, 0.555687
1.181443, -0.819035, 0.189648, 0.545788
1.181943, -0.828152, 0.209427, 0.549431
1.182446, -0.837173, 0.218163, 0.547390
1.182951, -0.832291, 0.188522, 0.542564
1.183453, -0.823021, 0.190792, 0.525208
1.183957, -0.816059, 0.152626, 0.562687
1.184401, -0.810471, 0.160789, 0.588665
1.184914, -0.813751, 0.153236, 0.619736
1.185426, -0.808792, 0.106220, 0.614777
1.185926, -0.795937, 0.088081, 0.592842
1.186431, -0.796814, 0.094471, 0.592957
1.187410, -0.834961, 0.086422, 0.569401
1.187913, -0.847816, 0.114193, 0.526810
1.188417, -0.840988, 0.158958, 0.488491
1.188861, -0.821552, 0.151882, 0.518494
1.189365, -0.799904, 0.131817, 0.563278
1.189868, -0.790539, 0.121384, 0.630798
1.190356, -0.768814, 0.115509, 0.639439
1.190855, -0.772247, 0.108147, 0.609417
1.191358, -0.821953, 0.127678, 0.558968
1.191858, -0.857410, 0.148983, 0.553780
1.192353, -0.867157, 0.164719, 0.486851
1.192860, -0.858650, 0.149937, 0.483208
1.193315, -0.818882, 0.095291, 0.560532
1.193814, -0.784264, 0.107632, 0.618534
1.194816, -0.741673, 0.122929, 0.633526
1.195304, -0.782909, 0.119476, 0.604610
1.195823, -0.834732, 0.161400, 0.569382
1.196307, -0.878906, 0.161152, 0.532799
1.196791, -0.903378, 0.132675, 0.449409
1.197320, -0.920715, 0.078583, 0.401859
1.197809, -0.956802, 0.105343, 0.328083
1.198282, -0.989857, 0.164433, 0.274811
1.198774, -0.975971, 0.137844, 0.335331
1.199275, -0.920181, 0.118237, 0.423203
1.199788, -0.860291, 0.128860, 0.440502
1.200251, -0.815182, 0.077229, 0.521164
1.200789, -0.824280, 0.020657, 0.606346
1.201274, -0.779877, 0.050755, 0.615063
1.201774, -0.690899, -0.075111, 0.815754
1.202256, -0.629082, -0.066605, 0.789471
1.202728, -0.615540, 0.055008, 0.739155
1.203259, -0.649452, 0.032845, 0.713387
1.203765, -0.715008, -0.102520, 0.661564
1.204222, -0.738716, -0.140972, 0.663185
1.204728, -0.741138, -0.059376, 0.675106
1.205231, -0.744228, 0.001488, 0.601292
1.205722, -0.753689, 0.011597, 0.575848
1.206697, -0.758533, 0.112991, 0.495129
1.207220, -0.715389, 0.133286, 0.577202
1.207689, -0.676365, 0.121498, 0.644722
1.208218, -0.653229, 0.011406, 0.798588
1.208682, -0.654793, -0.073204, 0.867481
1.209173, -0.709705, -0.110054, 0.835381
1.210169, -0.825481, -0.187721, 0.741920
1.211192, -0.853558, -0.051098, 0.492115
1.211692, -0.877819, -0.019379, 0.388050
1.212196, -0.868168, -0.013905, 0.328274
1.212654, -0.814095, 0.007095, 0.424271
1.213157, -0.742931, 0.063953, 0.526028
1.213664, -0.724926, 0.053997, 0.643787
1.214195, -0.673294, -0.077496, 0.863380
1.214697, -0.604954, -0.108891, 0.921745
1.215194, -0.584221, -0.037689, 0.950432
1.215871, -0.631886, -0.083351, 0.916557
1.216254, -0.623798, -0.188751, 0.939159
1.216848, -0.572758, -0.096817, 0.851402
1.217114, -0.567112, 0.001583, 0.817490
1.217859, -0.638618, -0.039520, 0.700111
1.218240, -0.725765, -0.119801, 0.662518
1.218595, -0.784855, -0.130043, 0.585613
1.219605, -0.818386, -0.110245, 0.554829
1.220415, -0.848808, -0.063686, 0.544262
1.220639, -0.826950, -0.035019, 0.596600
1.221069, -0.776596, -0.009613, 0.634575
1.221618, -0.753174, 0.068703, 0.667191
1.222082, -0.749092, 0.126629, 0.720730
1.222616, -0.747795, 0.145283, 0.711117
1.223072, -0.730648, 0.127029, 0.727291
1.223541, -0.699043, 0.108624, 0.691967
1.224066, -0.739269, 0.088863, 0.570412
1.224564, -0.817165, 0.043888, 0.440941
1.225059, -0.855598, 0.007572, 0.402031
1.226015, -0.861187, 0.008106, 0.469303
1.226548, -0.847969, 0.017281, 0.418510
1.227513, -0.629425, 0.070763, 0.687218
1.228000, -0.513954, 0.055294, 0.817070
1.228520, -0.477505, 0.024052, 0.893307
1.229032, -0.500107, 0.014629, 0.911770
1.229500, -0.548782, 0.012646, 0.951347
1.229988, -0.571404, -0.000038, 0.947876
1.230506, -0.630074, -0.008888, 0.796223
1.230995, -0.725117, 0.015678, 0.574322
1.231497, -0.751171, 0.005550, 0.495090
1.231956, -0.710831, -0.007191, 0.572777
1.232491, -0.636997, 0.039425, 0.684528
1.232962, -0.608406, 0.063763, 0.714169
1.233492, -0.643578, 0.042572, 0.618153
1.233957, -0.636234, 0.030422, 0.712700
1.234461, -0.566025, 0.082150, 0.863094
1.234968, -0.526772, 0.084667, 0.937405
1.235427, -0.558186, 0.055943, 0.855675
1.235940, -0.631504, 0.017776, 0.706253
1.236446, -0.711594, 0.015030, 0.631390
1.236949, -0.748253, 0.002918, 0.611649
1.237458, -0.752773, 0.000286, 0.617962
1.238437, -0.735531, 0.031052, 0.596123
1.239425, -0.698471, 0.066147, 0.676003
1.239927, -0.715141, 0.075340, 0.631428
1.240431, -0.709152, 0.041161, 0.573101
1.240876, -0.683498, 0.055447, 0.631142
1.241381, -0.666065, 0.094814, 0.771217
1.241882, -0.673828, 0.102901, 0.783005
1.242377, -0.685902, 0.066948, 0.672302
1.242873, -0.696793, 0.038986, 0.597610
1.243368, -0.687695, 0.031242, 0.630188
1.243868, -0.686874, 0.030632, 0.687962
1.244377, -0.705051, 0.000782, 0.659199
1.244850, -0.731430, -0.038719, 0.583954
1.245350, -0.744247, -0.045605, 0.541077
1.245854, -0.738144, -0.048866, 0.578365
1.246343, -0.733147, -0.055714, 0.629807
1.246847, -0.732594, -0.061951, 0.629406
1.247350, -0.716286, -0.069656, 0.580845
1.247857, -0.680618, -0.069561, 0.601292
1.248357, -0.656147, -0.068588, 0.627880
1.248802, -0.655308, -0.048504, 0.647202
1.249305, -0.647316, -0.024223, 0.620441
1.249809, -0.614014, -0.008373, 0.682240
1.250313, -0.586529, 0.014534, 0.757904
1.250816, -0.584526, 0.055561, 0.827980
1.251320, -0.603752, 0.089073, 0.807457
1.251824, -0.648327, 0.091629, 0.741348
1.252269, -0.674438, 0.076656, 0.722370
1.252772, -0.691109, 0.046787, 0.698757
1.253293, -0.713634, 0.029697, 0.685062
1.253839, -0.717907, 0.009365, 0.626945
1.254289, -0.712681, 0.021095, 0.613461
1.254787, -0.702801, 0.036640, 0.638218
1.255291, -0.698147, 0.006905, 0.680904
1.256269, -0.672112, 0.078106, 0.714779
1.256747, -0.638752, 0.082359, 0.732002
1.257250, -0.615921, 0.108547, 0.769253
1.257756, -0.601063, 0.119286, 0.762577
1.258253, -0.592670, 0.107307, 0.735798
1.259242, -0.611153, 0.101070, 0.764313
1.259715, -0.636196, 0.082111, 0.770264
1.260229, -0.654984, 0.062160, 0.753708
1.260764, -0.674095, 0.050526, 0.699577
1.261260, -0.681648, 0.078564, 0.684376
1.261757, -0.677853, 0.094242, 0.698681
1.262242, -0.678444, 0.081367, 0.706978
1.262728, -0.674725, 0.089302, 0.691681
1.263277, -0.670357, 0.102119, 0.678730
1.263768, -0.675068, 0.087814, 0.692749
1.264258, -0.664806, 0.093021, 0.721703
1.264746, -0.668659, 0.121384, 0.726166
1.265225, -0.682297, 0.127678, 0.702419
1.265653, -0.692596, 0.104256, 0.684910
1.266141, -0.701790, 0.084782, 0.666733
1.266654, -0.710735, 0.079861, 0.661831
1.267231, -0.721264, 0.070610, 0.638657
1.267735, -0.716877, 0.032787, 0.631618
1.268163, -0.702038, 0.020351, 0.640450
1.268637, -0.695286, 0.043945, 0.677261
1.269120, -0.691147, 0.063438, 0.694237
1.269616, -0.682411, 0.044003, 0.686588
1.270105, -0.665569, 0.007725, 0.684795
1.271113, -0.659618, -0.002975, 0.697651
1.271631, -0.663700, -0.004787, 0.697002
1.272104, -0.666428, -0.031719, 0.676327
1.272608, -0.674057, -0.021019, 0.674801
1.273097, -0.674973, -0.005589, 0.692673
1.273585, -0.675945, -0.002670, 0.710926
1.274593, -0.689735, 0.011692, 0.677853
1.275064, -0.688038, 0.013313, 0.669365
1.275585, -0.694103, 0.021973, 0.678654
1.276085, -0.696068, 0.022316, 0.670452
1.276552, -0.691738, 0.017643, 0.659695
1.277080, -0.682602, 0.004940, 0.670719
1.277572, -0.653439, -0.016441, 0.696926
1.278031, -0.632782, -0.053978, 0.728245
1.278549, -0.617771, -0.063610, 0.733528
1.279053, -0.603256, -0.094833, 0.729027
1.279556, -0.592823, -0.090427, 0.753441
1.280045, -0.598946, 0.015583, 0.795231
1.280534, -0.593262, 0.027695, 0.793381
1.281022, -0.571346, 0.011578, 0.761185
1.281511, -0.548992, -0.006142, 0.719318
1.282001, -0.550423, 0.026245, 0.713844
1.282504, -0.572681, 0.038891, 0.742970
1.282985, -0.589466, 0.008698, 0.761948
1.283528, -0.615425, 0.004787, 0.754242
1.284017, -0.650425, -0.005398, 0.715199
1.284522, -0.680046, -0.024662, 0.697517
1.284982, -0.707588, -0.003777, 0.665283
1.285500, -0.726509, 0.026073, 0.628586
1.285987, -0.717812, 0.017872, 0.561924
1.286469, -0.689220, 0.055408, 0.549469
1.286980, -0.677528, 0.136223, 0.617447
1.287476, -0.667076, 0.146351, 0.681782
1.287942, -0.657234, 0.133553, 0.732880
1.288477, -0.644569, 0.121422, 0.746078
1.288937, -0.616188, 0.106697, 0.715504
1.289470, -0.597172, 0.106544, 0.692749
1.289919, -0.614796, 0.131588, 0.667400
1.290446, -0.679722, 0.182419, 0.654125
1.290920, -0.725651, 0.201225, 0.630360
1.291446, -0.749474, 0.217247, 0.640984
1.291940, -0.749435, 0.290565, 0.653343
1.292435, -0.744209, 0.337639, 0.674973
1.292890, -0.744667, 0.308590, 0.717907
1.293387, -0.724525, 0.241928, 0.792713
1.293908, -0.645771, 0.273380, 0.797596
1.294416, -0.607605, 0.293198, 0.768166
1.294912, -0.592842, 0.203304, 0.736713
1.295368, -0.565834, 0.133228, 0.704212
1.295871, -0.559902, 0.126362, 0.713844
1.296391, -0.575695, 0.120888, 0.711651
1.296891, -0.598316, 0.085621, 0.711746
1.298385, -0.593452, 0.052185, 0.689106
1.298878, -0.586605, 0.064163, 0.680542
1.299869, -0.729790, 0.080986, 0.614433
1.300358, -0.850945, 0.179749, 0.525093
1.300847, -0.940895, 0.222969, 0.574722
1.301350, -0.888405, 0.304890, 0.563221
1.301844, -0.806122, 0.332470, 0.573730
1.302343, -0.764694, 0.258102, 0.628700
1.302846, -0.614929, 0.161457, 0.751057
1.303801, -0.358372, 0.156898, 0.885353
1.304296, -0.356922, 0.064487, 0.907021
1.304787, -0.444546, 0.043583, 0.963936
1.305811, -0.591698, 0.063992, 0.865669
1.306304, -0.628529, 0.065727, 0.780220
1.306800, -0.634346, 0.026321, 0.700588
1.307283, -0.650730, 0.015354, 0.702171
1.307777, -0.693436, 0.053387, 0.700779
1.308319, -0.773468, 0.124092, 0.725136
1.308796, -0.780773, 0.167217, 0.717945
1.309280, -0.706882, 0.167675, 0.701370
1.309819, -0.629635, 0.226307, 0.699749
1.310301, -0.547371, 0.336666, 0.689926
1.310787, -0.476589, 0.315762, 0.709991
1.311321, -0.470886, 0.217400, 0.717621
1.311801, -0.537548, 0.170364, 0.696087
1.312291, -0.606785, 0.198975, 0.706120
1.312786, -0.591240, 0.127354, 0.613804
1.313217, -0.621166, 0.012703, 0.635738
1.313706, -0.772362, 0.012398, 0.675564
1.314302, -0.970039, 0.100994, 0.701218
1.314786, -0.961895, 0.063419, 0.604305
1.315217, -0.929108, 0.066586, 0.544910
1.315707, -0.902157, 0.062466, 0.513458
1.316194, -0.805817, 0.087051, 0.496368
1.316683, -0.792065, 0.104733, 0.549641
1.317171, -0.908127, 0.072918, 0.558567
1.317662, -0.981407, 0.023041, 0.507355
1.318208, -0.970612, 0.041142, 0.481300
1.318697, -0.894527, 0.078449, 0.518417
1.319186, -0.793972, 0.092220, 0.595169
1.319678, -0.677509, 0.062523, 0.610371
1.320164, -0.588131, 0.050907, 0.643978
1.320654, -0.527153, 0.061245, 0.690823
1.321142, -0.456657, 0.056267, 0.740070
1.321646, -0.419121, 0.006065, 0.726318
1.322119, -0.448017, -0.049191, 0.684090
1.322617, -0.513535, -0.048027, 0.638599
1.323118, -0.612659, 0.017090, 0.616894
1.323606, -0.780964, 0.037174, 0.627804
1.324125, -0.961914, 0.057640, 0.599804
1.324627, -1.105480, 0.117264, 0.494022
1.353160, -0.767689, 0.099735, 0.620174
1.353278, -0.772057, 0.089226, 0.620861
1.353360, -0.775604, 0.088844, 0.627594
1.353452, -0.773201, 0.092659, 0.636463
1.353530, -0.770779, 0.096111, 0.636921
1.353613, -0.762138, 0.101585, 0.630608
1.353693, -0.751648, 0.101280, 0.637455
1.353819, -0.738506, 0.101185, 0.652981
1.353901, -0.732155, 0.105858, 0.665569
1.353986, -0.729046, 0.111980, 0.670185
1.354065, -0.726299, 0.115032, 0.663166
1.354143, -0.724468, 0.113201, 0.652752
1.354224, -0.718594, 0.106239, 0.660839
1.354302, -0.716915, 0.107689, 0.663891
1.354381, -0.721531, 0.105782, 0.663052
1.354457, -0.722694, 0.108376, 0.648766
1.354535, -0.724030, 0.112362, 0.638294
1.354614, -0.722866, 0.107765, 0.639191
1.354693, -0.724983, 0.104122, 0.641518
1.354775, -0.720615, 0.101414, 0.636234
1.354855, -0.723000, 0.101986, 0.632114
1.354936, -0.722942, 0.105782, 0.632248
1.355018, -0.721931, 0.106773, 0.634327
1.355098, -0.721607, 0.105019, 0.621357
1.355175, -0.726185, 0.100975, 0.614853
1.355253, -0.729408, 0.099983, 0.616722
1.355334, -0.723686, 0.099735, 0.622425
1.355412, -0.723114, 0.101128, 0.619678
1.355492, -0.726891, 0.099945, 0.610352
1.355571, -0.725403, 0.098095, 0.599689
1.355653, -0.726185, 0.101013, 0.596600
1.355734, -0.728111, 0.099850, 0.605431
1.355813, -0.727100, 0.091534, 0.605755
1.355894, -0.731983, 0.092983, 0.595226
1.356000, -0.750523, 0.108891, 0.570641
1.356086, -0.784321, 0.122852, 0.543003
1.356166, -0.804863, 0.152245, 0.507889
1.356246, -0.823402, 0.174255, 0.472984
1.356323, -0.842762, 0.171413, 0.456219
1.356825, -0.848999, 0.171566, 0.443172
1.357334, -0.846252, 0.177479, 0.441895
1.357853, -0.835705, 0.169144, 0.452938
1.358286, -0.822659, 0.147972, 0.476665
1.358833, -0.803261, 0.136299, 0.502720
1.359360, -0.799580, 0.134811, 0.527134
1.359773, -0.793056, 0.125160, 0.543327
1.360290, -0.784664, 0.120831, 0.550575
1.360817, -0.778923, 0.117626, 0.563602
1.361358, -0.775414, 0.106239, 0.569973
1.361785, -0.765572, 0.096550, 0.584049
1.362283, -0.750847, 0.094013, 0.592442
1.362772, -0.748196, 0.090389, 0.596485
1.363283, -0.740833, 0.083084, 0.614777
1.363794, -0.734406, 0.074482, 0.625916
1.364244, -0.731850, 0.061302, 0.637779
1.364743, -0.725803, 0.047913, 0.659389
1.365232, -0.720158, 0.037270, 0.660076
1.365739, -0.707264, 0.036087, 0.668106
1.366254, -0.696411, 0.026665, 0.674057
1.366713, -0.685005, 0.010605, 0.688210
1.367217, -0.672798, 0.013618, 0.694504
1.367738, -0.669632, 0.024242, 0.692215
1.368239, -0.679150, 0.044098, 0.678616
1.368706, -0.701466, 0.058784, 0.663204
1.369218, -0.723667, 0.074940, 0.645046
1.369721, -0.741234, 0.084629, 0.621414
1.370194, -0.754051, 0.089989, 0.599327
1.370684, -0.769520, 0.093327, 0.582275
1.371191, -0.794182, 0.099602, 0.568123
1.371694, -0.825176, 0.102444, 0.555000
1.372686, -0.867519, 0.114117, 0.526867
1.373194, -0.875607, 0.118561, 0.516682
1.374189, -0.892696, 0.125084, 0.510769
1.374637, -0.896530, 0.125389, 0.517025
1.375148, -0.913143, 0.125809, 0.511036
1.375647, -0.933666, 0.134811, 0.490589
1.376144, -0.955238, 0.149136, 0.465584
1.376642, -0.974598, 0.154781, 0.435963
1.377143, -0.988712, 0.164223, 0.418091
1.378152, -1.009464, 0.223637, 0.371895
1.378595, -1.040783, 0.236721, 0.348034
1.379114, -1.066456, 0.256481, 0.297050
1.379618, -1.088924, 0.281410, 0.240288
1.380106, -1.091728, 0.291767, 0.177212
1.380600, -1.091022, 0.298748, 0.104427
1.381100, -1.072350, 0.267544, 0.086956
1.381602, -1.011009, 0.190830, 0.156918
1.382072, -0.925903, 0.123787, 0.335999
1.382589, -0.832481, 0.110836, 0.554867
1.383096, -0.774574, 0.163727, 0.732365
1.383552, -0.726643, 0.222149, 0.819035
1.384068, -0.659504, 0.223064, 0.870438
1.384545, -0.622807, 0.221558, 0.894756
1.385037, -0.626926, 0.175610, 1.001053
1.385576, -0.645065, 0.149555, 1.009464
1.386068, -0.631523, 0.186920, 0.917568
1.386551, -0.648251, 0.205021, 0.799160
1.387033, -0.645905, 0.104809, 0.862904
1.387539, -0.625477, 0.042953, 0.941181
1.388007, -0.664749, 0.122643, 0.905018
1.388544, -0.804100, 0.144405, 0.718517
1.389027, -0.942631, 0.100880, 0.535164
1.389496, -1.021576, 0.093441, 0.381126
1.390019, -1.007938, 0.106716, 0.314426
1.390493, -0.946522, -0.014839, 0.448647
1.391016, -0.901165, -0.034351, 0.500927
1.391485, -0.869141, -0.089359, 0.671577
1.392008, -0.892754, -0.049667, 0.692749
1.392472, -0.961838, 0.013523, 0.658264
1.392989, -0.996456, 0.126991, 0.467339
1.393454, -0.973644, 0.173378, 0.296268
1.393986, -0.885410, 0.122452, 0.308437
1.394470, -0.812836, 0.134983, 0.433102
1.394944, -0.827942, 0.162029, 0.582371
1.395443, -0.879402, 0.153732, 0.564251
1.395940, -0.958271, 0.045338, 0.530281
1.396475, -0.966511, -0.018902, 0.603085
1.396949, -0.938683, 0.113564, 0.501976
1.397420, -0.924664, 0.217419, 0.355568
1.397955, -0.834045, 0.103321, 0.501823
1.398425, -0.659733, 0.030098, 0.714283
1.398934, -0.614471, 0.140495, 0.780430
1.399926, -0.907612, -0.057716, 0.564842
1.400430, -0.983963, -0.039406, 0.434914
1.400912, -0.876465, 0.088654, 0.284901
1.401408, -0.689697, 0.069332, 0.571518
1.401911, -0.613556, 0.082016, 0.762997
1.402408, -0.820923, 0.041485, 0.779552
1.402896, -0.961914, -0.068169, 0.560207
1.403387, -0.924435, -0.017986, 0.354767
1.403897, -0.807858, -0.030651, 0.361538
1.404401, -0.704632, 0.093994, 0.451355
1.404897, -0.687046, 0.241985, 0.531044
1.405393, -0.792294, 0.227680, 0.453968
1.405897, -0.867329, 0.166111, 0.633068
1.406390, -0.878239, 0.150566, 0.653629
1.406988, -0.851345, 0.212784, 0.613060
1.407948, -0.776787, -0.007572, 0.581207
1.408322, -0.711613, -0.042706, 0.559349
1.408968, -0.650311, 0.034237, 0.711956
1.409311, -0.596867, 0.019684, 0.888481
1.409814, -0.628395, -0.022259, 0.744228
1.410823, -0.822239, 0.031624, 0.688610
1.411322, -0.707302, -0.214748, 0.847244
1.412316, -0.748253, -0.181332, 0.712757
1.412818, -1.025009, -0.181885, 0.490379
1.413275, -1.197815, -0.137672, 0.147533
1.413845, -1.189690, -0.087509, -0.002804
1.414282, -1.112328, -0.018787, -0.152073
1.414786, -0.924606, -0.005264, 0.009251
1.415260, -0.730610, 0.160294, 0.234852
1.415785, -0.724373, 0.240345, 0.638065
1.416253, -0.773621, -0.013771, 0.992889
1.416773, -0.738182, -0.216026, 0.916824
1.417239, -0.678635, -0.370731, 0.872498
1.417757, -0.727539, -0.270119, 0.608082
1.418742, -0.630970, -0.038700, 0.135345
1.419233, -0.552711, -0.030842, 0.256767
1.419734, -0.596752, 0.017319, 0.586147
1.420211, -0.617714, 0.013790, 1.002617
1.420729, -0.473213, -0.045624, 1.338253
1.421246, -0.407276, -0.066509, 1.563568
1.422193, -0.689182, 0.242500, 0.978031
1.422697, -0.770130, 0.115280, 0.721664
1.423212, -0.758781, -0.069008, 0.671425
1.423679, -0.721931, -0.187683, 0.418797
1.424196, -0.771275, -0.260487, 0.500355
1.424707, -0.888577, -0.196667, 0.394382
1.425208, -0.987663, -0.100822, 0.323639
1.425669, -0.987339, -0.055752, 0.183048
1.426170, -0.923729, 0.036488, 0.195427
1.426682, -0.779819, 0.056305, 0.413456
1.427190, -0.682812, 0.194283, 0.510159
1.427651, -0.722122, 0.348396, 0.629425
1.428159, -0.824604, 0.266228, 0.722141
1.429176, -0.745087, 0.169849, 0.486183
1.429651, -0.693665, 0.214558, 0.445614
1.430152, -0.741501, 0.079861, 0.366783
1.430611, -0.704365, 0.129852, 0.331879
1.431607, -0.630112, 0.370712, 0.376816
1.432106, -0.635719, 0.524902, 0.414906
1.432598, -0.587730, 0.607281, 0.667057
1.433098, -0.539112, 0.609436, 0.947742
1.433591, -0.563946, 0.563660, 1.029854
1.434124, -0.568771, 0.325336, 1.056042
1.434580, -0.547276, 0.034714, 0.873928
1.435114, -0.540161, -0.156498, 0.762730
1.436584, -0.294857, -0.031071, 1.308384
1.437101, -0.396729, 0.057869, 1.338959
1.437554, -0.643997, 0.059128, 1.002064
1.438061, -0.870056, -0.012360, 0.731678
1.438566, -0.885639, -0.031719, 0.555229
1.439068, -0.720043, -0.051613, 0.495281
1.439573, -0.631371, -0.043163, 0.427952
1.440551, -0.804234, 0.082951, 0.603409
1.441053, -0.939751, 0.204506, 0.453930
1.441561, -0.921211, 0.210991, 0.615444
1.442527, -0.483456, 0.108662, 0.773983
1.443017, -0.386372, 0.133514, 0.753403
1.443506, -0.542545, 0.183144, 0.798531
1.444020, -0.793781, 0.088043, 0.702267
1.444520, -0.901966, -0.039825, 0.496140
1.444980, -0.836143, -0.051346, 0.530128
1.445483, -0.679817, 0.054359, 0.623283
1.445987, -0.570717, 0.097980, 0.636272
1.446491, -0.569515, 0.105038, 0.635986
1.446994, -0.681877, 0.170517, 0.517998
1.447498, -0.823154, 0.234623, 0.499287
1.448001, -0.870934, 0.190029, 0.518894
1.448463, -0.813713, 0.141888, 0.506039
1.448968, -0.766106, 0.141792, 0.402451
1.449487, -0.742035, 0.083656, 0.403786
1.449988, -0.711002, 0.057220, 0.384445
1.450447, -0.680599, 0.168152, 0.515213
1.450974, -0.637798, 0.206909, 0.693684
1.451541, -0.553169, 0.071125, 0.914478
1.451973, -0.458698, 0.054474, 0.942993
1.452503, -0.456085, 0.110855, 0.934734
1.452981, -0.517178, 0.165710, 0.792522
1.453398, -0.584545, 0.160789, 0.711346
1.453898, -0.641251, 0.160961, 0.642452
1.454506, -0.690842, 0.193958, 0.580883
1.454993, -0.723534, 0.223427, 0.470219
1.455456, -0.741081, 0.173988, 0.409737
1.455899, -0.752373, 0.161705, 0.346317
1.456429, -0.765781, 0.224419, 0.302029
1.456865, -0.749741, 0.286369, 0.322227
1.457394, -0.700836, 0.297623, 0.354919
1.457856, -0.617027, 0.296459, 0.415154
1.458395, -0.505371, 0.289345, 0.736561
1.458895, -0.321388, 0.295811, 1.186066
1.459346, -0.195484, 0.403690, 1.532745
1.459855, -0.162754, 0.423012, 1.734848
1.460360, -0.217171, 0.336990, 1.615715
1.460829, -0.313683, 0.286827, 1.352272
1.461328, -0.420876, 0.235786, 1.050549
1.461824, -0.527344, 0.171375, 0.728512
1.462344, -0.613480, 0.124874, 0.500603
1.462822, -0.669308, 0.164261, 0.446529
1.463348, -0.720367, 0.241947, 0.497971
1.463856, -0.768127, 0.234871, 0.605450
1.464341, -0.766258, 0.250797, 0.651608
1.464827, -0.742111, 0.277767, 0.616322
1.465295, -0.702152, 0.220108, 0.667992
1.465822, -0.669403, 0.212078, 0.626507
1.466281, -0.630074, 0.200596, 0.651302
1.466801, -0.620003, 0.194302, 0.618649
1.467275, -0.633774, 0.194893, 0.633163
1.467780, -0.652237, 0.129871, 0.748768
1.468297, -0.666847, 0.046139, 0.772285
1.468801, -0.677567, 0.052929, 0.710697
1.469276, -0.685158, 0.033054, 0.692921
1.469778, -0.684547, -0.039101, 0.684929
1.470267, -0.672970, -0.029278, 0.697765
1.470756, -0.684814, 0.002651, 0.654926
1.471245, -0.728207, 0.002918, 0.618401
1.471780, -0.743904, 0.030689, 0.633278
1.472223, -0.747948, 0.095825, 0.600834
1.472726, -0.737877, 0.087166, 0.600491
1.473232, -0.723972, 0.099201, 0.594292
1.473773, -0.734043, 0.112057, 0.589638
1.474242, -0.735645, 0.134296, 0.601807
1.474701, -0.726986, 0.152092, 0.592327
1.475229, -0.716705, 0.170746, 0.609016
1.475744, -0.711784, 0.171299, 0.615768
1.476193, -0.718784, 0.177555, 0.599937
1.476701, -0.716305, 0.199299, 0.604553
1.477218, -0.716496, 0.205231, 0.601673
1.477722, -0.720558, 0.217094, 0.597763
1.478195, -0.724201, 0.245590, 0.580902
1.478688, -0.729218, 0.285339, 0.581417
1.479207, -0.719738, 0.285492, 0.599556
1.479690, -0.721684, 0.251770, 0.583725
1.480159, -0.717087, 0.265160, 0.589333
1.481190, -0.659199, 0.283966, 0.565434
1.481639, -0.679035, 0.246162, 0.598850
1.482163, -0.701637, 0.258904, 0.616589
1.482673, -0.686798, 0.253143, 0.646763
1.483171, -0.656471, 0.194397, 0.649929
1.483649, -0.650005, 0.242329, 0.635796
1.484155, -0.650654, 0.231342, 0.652485
1.484624, -0.648251, 0.178280, 0.674152
1.485145, -0.649281, 0.135651, 0.695515
1.485621, -0.658321, 0.168800, 0.692997
1.486625, -0.751514, 0.010300, 0.713730
1.487111, -0.730858, 0.105648, 0.689259
1.487616, -0.659485, 0.105572, 0.667953
1.488106, -0.627880, 0.157833, 0.655346
1.488611, -0.695934, 0.165386, 0.662708
1.489112, -0.782299, 0.102921, 0.688305
1.489601, -0.813942, 0.040283, 0.631065
1.490063, -0.820942, 0.054512, 0.619869
1.490582, -0.800972, 0.147552, 0.601559
1.491059, -0.788231, 0.125027, 0.650978
1.491585, -0.712242, 0.278683, 0.699940
1.493052, -0.722160, 0.358887, 0.660210
1.493545, -0.674267, 0.468826, 0.632706
1.494077, -0.681057, 0.360432, 0.669193
1.494535, -0.724449, 0.245895, 0.627842
1.495059, -0.781536, 0.196114, 0.582161
1.495533, -0.710754, 0.196171, 0.531673
1.496049, -0.598564, 0.069599, 0.613384
1.496566, -0.642643, -0.075054, 0.771580
1.497024, -0.730209, -0.058804, 0.936260
1.497530, -0.728149, 0.094719, 0.890217
1.498030, -0.744057, 0.110931, 0.851364
1.498521, -0.828114, -0.031033, 0.983868
1.499022, -0.816307, 0.012512, 0.953503
1.499517, -0.653820, 0.122261, 0.824642
1.500016, -0.502739, 0.122547, 0.771828
1.500519, -0.405121, 0.123596, 0.788708
1.501016, -0.332317, 0.218964, 0.858746
1.501515, -0.342674, 0.198612, 0.887871
1.502016, -0.398369, 0.118179, 0.889149
1.502518, -0.427189, 0.155411, 0.845013
1.502935, -0.447159, 0.228481, 0.740738
1.503438, -0.441151, 0.254993, 0.636921
1.504021, -0.433502, 0.265102, 0.633316
1.504432, -0.421638, 0.367985, 0.635052
1.504950, -0.387249, 0.443459, 0.584106
1.505455, -0.406952, 0.388088, 0.545959
1.505956, -0.508213, 0.332699, 0.537930
1.506447, -0.607643, 0.375690, 0.501575
1.506950, -0.713139, 0.339222, 0.478230
1.507396, -0.810680, 0.224838, 0.494041
1.507898, -0.849438, 0.122566, 0.573807
1.508388, -0.864315, 0.054321, 0.615520
1.508910, -0.795212, 0.152225, 0.519428
1.509407, -0.608406, 0.199795, 0.478497
1.509897, -0.463886, 0.238781, 0.418224
1.510389, -0.394306, 0.233688, 0.452557
1.510876, -0.357723, 0.139294, 0.631695
1.511365, -0.342884, -0.011730, 0.760822
1.511868, -0.359192, -0.184727, 0.896206
1.512372, -0.452480, -0.291138, 0.991955
1.512876, -0.570908, -0.286865, 1.023102
1.513365, -0.709915, -0.328979, 1.068420
1.513871, -0.872192, -0.349064, 0.885315
1.514343, -0.975494, -0.389080, 0.750923
1.514862, -1.070061, -0.278301, 0.740776
1.515370, -1.105862, -0.188446, 0.630207
1.515868, -1.068535, -0.148373, 0.435696
1.516313, -1.017780, 0.025425, 0.288048
1.516817, -0.879688, 0.214310, 0.274849
1.517308, -0.689926, 0.222511, 0.425930
1.517814, -0.520401, 0.191784, 0.494518
1.518317, -0.411663, 0.148640, 0.496655
1.518815, -0.366383, 0.075359, 0.543156
1.519315, -0.427036, -0.017490, 0.686836
1.520273, -0.660133, -0.100574, 0.808506
1.520808, -0.716152, -0.176296, 0.717010
1.521291, -0.662174, -0.233135, 0.768070
1.521775, -0.599499, -0.314999, 0.821877
1.522254, -0.613022, -0.318699, 0.768948
1.522800, -0.666695, -0.261993, 0.623302
1.523276, -0.701504, -0.213966, 0.575562
1.523800, -0.583572, -0.164089, 0.656891
1.524251, -0.513992, -0.194302, 0.690727
1.524735, -0.626564, -0.175018, 0.754662
1.525259, -0.700226, -0.219040, 0.671349
1.525721, -0.655804, -0.252953, 0.626183
1.526241, -0.609379, -0.242710, 0.671368
1.526751, -0.602818, -0.134125, 0.700169
1.527216, -0.636292, 0.091171, 0.652714
1.527719, -0.740376, 0.203590, 0.616264
1.528239, -0.862274, 0.191383, 0.601082
1.528728, -0.902634, 0.169716, 0.628128
1.529215, -1.045132, 0.033245, 0.668659
1.529702, -1.263828, -0.106926, 0.607471
1.530195, -1.292286, -0.153217, 0.513630
1.530699, -1.161156, -0.164318, 0.537434
1.531199, -0.929260, -0.196514, 0.527325
1.531678, -0.699730, -0.189419, 0.515823
1.532667, -0.556793, -0.216293, 0.597019
1.533202, -0.510082, -0.168934, 0.711174
1.533674, -0.469379, -0.060692, 0.783844
1.534145, -0.470219, -0.001354, 0.848503
1.534683, -0.510292, 0.076294, 0.780964
1.535160, -0.600109, 0.093517, 0.760460
1.535676, -0.738258, 0.039749, 0.778408
1.536171, -0.815773, 0.026646, 0.741425
1.536667, -0.767059, -0.013733, 0.607109
1.537117, -0.673943, 0.001202, 0.499535
1.537631, -0.663242, 0.089226, 0.481052
1.538135, -0.820198, 0.091915, 0.598888
1.538638, -1.174011, 0.106564, 0.743752
1.539142, -1.384678, -0.015526, 0.758190
1.539645, -1.233711, -0.082283, 0.556965
1.540138, -0.935917, -0.109806, 0.428085
1.540628, -0.685673, -0.167522, 0.419941
1.541117, -0.586758, -0.145302, 0.487480
1.541617, -0.553074, -0.141678, 0.572739
1.542108, -0.622902, -0.135155, 0.644379
1.542602, -0.803337, -0.154724, 0.713902
1.543072, -0.936031, -0.190754, 0.835629
1.543861, -0.982113, -0.171928, 0.762920
1.544062, -0.977859, -0.167809, 0.623264
1.544639, -0.958443, -0.117588, 0.582676
1.545219, -0.887871, -0.050144, 0.608273
1.545662, -0.699196, -0.013523, 0.639572
1.546154, -0.523472, 0.032043, 0.616589
1.546657, -0.497360, -0.003567, 0.642929
1.547208, -0.506496, -0.048313, 0.611134
1.547642, -0.523987, 0.057278, 0.726547
1.548018, -0.635376, 0.145493, 0.838375
1.548647, -0.723171, -0.040016, 0.755501
1.549114, -0.782146, -0.179157, 0.660210
1.550030, -0.778065, -0.228920, 0.536785
1.550524, -0.625668, -0.300312, 0.477180
1.550994, -0.684242, -0.255089, 0.518742
1.552020, -0.878792, 0.027599, 0.706043
1.552485, -0.823689, -0.030270, 0.712376
1.552991, -0.969810, 0.075741, 0.704956
1.553499, -1.170788, 0.107040, 0.639992
1.553977, -1.192722, 0.093613, 0.637856
1.554500, -1.073265, 0.078430, 0.687180
1.554996, -1.012020, 0.115776, 0.686722
1.555463, -0.933247, -0.030918, 0.513287
1.555981, -0.863628, -0.071430, 0.502071
1.556447, -0.766335, -0.154133, 0.555153
1.556945, -0.619202, -0.283432, 0.512066
1.557464, -0.493584, -0.276451, 0.491524
1.557965, -0.458584, -0.291424, 0.521088
1.558423, -0.459385, -0.190525, 0.589199
1.558919, -0.521545, -0.025864, 0.753498
1.559414, -0.675507, -0.036373, 0.930195
1.559911, -0.774479, -0.043907, 0.953751
1.560407, -0.729256, -0.063953, 0.829430
1.560905, -0.642567, -0.122757, 0.656815
1.561396, -0.640945, -0.137062, 0.471916
1.561899, -0.715828, -0.080318, 0.505371
1.562404, -0.847816, -0.005665, 0.587788
1.562905, -1.019745, 0.025177, 0.750389
1.563396, -1.204128, 0.036545, 0.832481
1.563901, -1.278286, -0.046082, 0.797844
1.564402, -1.139431, -0.044804, 0.572205
1.564892, -0.849113, -0.051250, 0.330677
1.565396, -0.668793, -0.010757, 0.310402
1.565902, -0.591736, -0.094242, 0.393429
1.566345, -0.543613, -0.109768, 0.597248
1.566846, -0.633793, 0.148678, 0.800457
1.567350, -0.870190, 0.217094, 0.889378
1.567839, -1.064510, 0.107136, 0.850010
1.568343, -1.030121, 0.016365, 0.772457
1.568846, -0.834446, 0.001106, 0.599976
1.569335, -0.590820, -0.102386, 0.470028
1.569839, -0.457020, -0.291920, 0.370350
1.570342, -0.490170, -0.378742, 0.371513
1.570832, -0.627518, -0.260983, 0.478783
1.571321, -0.742016, -0.179901, 0.676308
1.571812, -0.784817, -0.192661, 0.803967
1.572298, -0.823612, -0.048923, 0.786304
1.572787, -0.895767, 0.043659, 0.678177
1.573292, -0.889969, -0.003738, 0.589027
1.573807, -0.738888, -0.057735, 0.382423
1.574313, -0.637970, -0.036392, 0.439854
1.574816, -0.653038, 0.044403, 0.497952
1.575297, -0.700493, 0.015831, 0.655918
1.575785, -0.749226, -0.004330, 0.805416
1.576260, -0.862675, 0.126305, 0.859566
1.576750, -0.908661, 0.243034, 0.841370
1.577247, -0.928593, 0.151539, 0.893250
1.577750, -0.905323, -0.108185, 0.749168
1.578253, -0.797691, -0.119038, 0.444736
1.578750, -0.704880, -0.169697, 0.213223
1.579236, -0.586243, -0.327702, 0.016212
1.579736, -0.512257, -0.222301, 0.297947
1.580742, -0.751591, -0.044041, 0.893955
1.581221, -0.801735, -0.254860, 0.820637
1.581720, -0.747242, -0.147610, 0.376663
1.582198, -0.771370, -0.023308, 0.191631
1.582737, -0.775757, -0.196571, 0.320110
1.583231, -0.724373, -0.139179, 0.538654
1.583689, -0.846214, 0.249538, 0.901852
1.584219, -1.134548, 0.327797, 1.209183
1.584708, -1.232147, -0.038738, 1.013660
1.585171, -0.983238, -0.203037, 0.544624
1.585684, -0.735111, -0.102253, 0.002193
1.586697, -0.599022, -0.328236, -0.017414
1.587172, -0.562191, -0.252228, 0.255547
1.587676, -0.694313, -0.001163, 0.627823
1.588652, -1.072884, 0.344543, 1.206131
1.589175, -0.945225, 0.227528, 1.139393
1.589641, -0.885735, 0.239468, 0.813198
1.617133, -0.688114, 0.117378, 0.274963
1.617266, -0.651436, 0.140343, 0.367661
1.617349, -0.576172, 0.179996, 0.708218
1.617428, -0.599499, 0.266590, 0.813847
1.617507, -0.683327, 0.235825, 0.729885
1.617586, -0.727501, 0.197525, 0.517006
1.617663, -0.721798, 0.237617, 0.580044
1.617767, -0.680676, 0.270786, 0.716724
1.617853, -0.670586, 0.276585, 0.692921
1.617930, -0.680370, 0.243797, 0.525723
1.618015, -0.672894, 0.207920, 0.430508
1.618094, -0.654736, 0.247116, 0.470562
1.618171, -0.651512, 0.297775, 0.601749
1.618248, -0.676422, 0.284939, 0.605850
1.618327, -0.723343, 0.339985, 0.630035
1.618404, -0.774918, 0.331287, 0.686054
1.618480, -0.798321, 0.331554, 0.712795
1.618560, -0.777092, 0.319328, 0.633125
1.618637, -0.765476, 0.297203, 0.569801
1.618713, -0.749969, 0.316429, 0.567322
1.618790, -0.706997, 0.342484, 0.656376
1.618875, -0.676346, 0.357094, 0.673923
1.618953, -0.687122, 0.323238, 0.543880
1.619037, -0.707703, 0.345974, 0.437908
1.619118, -0.729923, 0.412769, 0.493774
1.619197, -0.761967, 0.372219, 0.769711
1.619276, -0.797672, 0.347099, 0.870018
1.619354, -0.812550, 0.366631, 0.717525
1.619439, -0.803509, 0.377846, 0.567722
1.619530, -0.776672, 0.383053, 0.576782
1.619616, -0.742989, 0.368938, 0.676212
1.619695, -0.709686, 0.359688, 0.620136
1.619777, -0.712471, 0.339661, 0.519695
1.619857, -0.711861, 0.320721, 0.510902
1.619943, -0.685883, 0.350857, 0.612240
1.620052, -0.677261, 0.377216, 0.685387
1.620150, -0.693665, 0.361538, 0.622158
1.620241, -0.696735, 0.331802, 0.573730
1.620453, -0.675964, 0.335636, 0.576916
1.620905, -0.652218, 0.355091, 0.609379
1.621350, -0.646725, 0.357819, 0.611706
1.621913, -0.668221, 0.374775, 0.599079
1.622358, -0.695038, 0.393295, 0.616035
1.622920, -0.719967, 0.420647, 0.688896
1.623343, -0.742931, 0.433502, 0.763969
1.623833, -0.754356, 0.399761, 0.745411
1.624393, -0.752850, 0.351429, 0.641708
1.624817, -0.729294, 0.335464, 0.563393
1.625348, -0.697651, 0.336494, 0.566578
1.625869, -0.679474, 0.320263, 0.595360
1.626379, -0.675659, 0.292645, 0.586510
1.626797, -0.679893, 0.289459, 0.578022
1.627292, -0.671768, 0.290527, 0.614834
1.627809, -0.652466, 0.284500, 0.676117
1.628313, -0.635891, 0.273418, 0.687218
1.628818, -0.627651, 0.254707, 0.634460
1.629261, -0.611935, 0.243034, 0.627956
1.629766, -0.600262, 0.234509, 0.664425
1.630269, -0.593014, 0.222092, 0.700359
1.630787, -0.604115, 0.213833, 0.699558
1.631292, -0.635834, 0.204334, 0.672245
1.632269, -0.691757, 0.224857, 0.724163
1.632774, -0.729675, 0.236015, 0.737667
1.633235, -0.761948, 0.244884, 0.702400
1.633780, -0.764713, 0.234051, 0.641117
1.634238, -0.753803, 0.236320, 0.627880
1.634761, -0.738220, 0.242348, 0.665741
1.635216, -0.721149, 0.234699, 0.646572
1.635721, -0.706177, 0.219460, 0.603561
1.636225, -0.699596, 0.218258, 0.597439
1.636720, -0.683136, 0.234909, 0.649300
1.637231, -0.666714, 0.231056, 0.703030
1.637742, -0.665684, 0.219669, 0.689373
1.638237, -0.654182, 0.204487, 0.638046
1.638744, -0.632191, 0.199127, 0.621700
1.639249, -0.605621, 0.201874, 0.654068
1.639706, -0.584984, 0.197906, 0.671177
1.640224, -0.592213, 0.183487, 0.655689
1.640729, -0.601883, 0.176716, 0.645447
1.641247, -0.608673, 0.172138, 0.685520
1.641706, -0.612106, 0.175552, 0.721836
1.642210, -0.611839, 0.188522, 0.704842
1.642698, -0.607624, 0.176373, 0.672092
1.643204, -0.610580, 0.166073, 0.649223
1.643696, -0.668526, 0.164471, 0.689030
1.644126, -0.755577, 0.177517, 0.727520
1.644620, -0.802460, 0.158310, 0.686665
1.645118, -0.811348, 0.138206, 0.659523
1.645635, -0.789623, 0.133648, 0.618591
1.646121, -0.759888, 0.133152, 0.633373
1.646713, -0.742455, 0.129986, 0.661449
1.647097, -0.746593, 0.128937, 0.626965
1.647603, -0.747986, 0.134106, 0.591488
1.648084, -0.747604, 0.152721, 0.589314
1.648623, -0.750523, 0.160885, 0.651093
1.649123, -0.785904, 0.167770, 0.686741
1.649612, -0.819492, 0.154896, 0.623474
1.650097, -0.819817, 0.143528, 0.557594
1.650567, -0.779057, 0.137730, 0.543842
1.651059, -0.715027, 0.122852, 0.588036
1.651602, -0.652809, 0.116901, 0.610580
1.652093, -0.617085, 0.110111, 0.610638
1.652563, -0.606785, 0.092545, 0.612850
1.653042, -0.609760, 0.084076, 0.655518
1.653561, -0.601425, 0.085316, 0.677338
1.654041, -0.599918, 0.093956, 0.684795
1.654533, -0.609112, 0.089912, 0.638943
1.655042, -0.668316, 0.055828, 0.637836
1.655541, -0.744133, 0.033512, 0.643864
1.656054, -0.788078, 0.030594, 0.626163
1.656506, -0.812263, 0.016804, 0.585938
1.657022, -0.838566, -0.014362, 0.572872
1.657533, -0.869045, -0.037746, 0.564423
1.658009, -0.886383, -0.015450, 0.559025
1.658514, -0.890713, -0.001297, 0.503807
1.659022, -0.860996, -0.000706, 0.461864
1.659980, -0.768356, 0.021763, 0.531406
1.660475, -0.778828, 0.060253, 0.575829
1.660997, -0.798512, 0.078526, 0.554962
1.661482, -0.827999, 0.072536, 0.522652
1.661972, -0.854187, 0.077610, 0.532761
1.662475, -0.884571, 0.100441, 0.541668
1.662964, -0.922203, 0.112495, 0.532112
1.663467, -0.957623, 0.121155, 0.497131
1.663957, -0.958080, 0.129814, 0.471191
1.664475, -0.923939, 0.133686, 0.469894
1.664978, -0.879593, 0.136852, 0.474701
1.665467, -0.857525, 0.125256, 0.489178
1.665942, -0.845222, 0.112343, 0.515366
1.666430, -0.834255, 0.111065, 0.549850
1.666919, -0.821362, 0.109711, 0.595455
1.667438, -0.817165, 0.103779, 0.603848
1.667908, -0.802555, 0.100460, 0.585518
1.668418, -0.767574, 0.093670, 0.577183
1.668921, -0.741100, 0.087051, 0.614338
1.669414, -0.730629, 0.089493, 0.666370
1.669884, -0.727100, 0.090656, 0.681019
1.670422, -0.732994, 0.083961, 0.652218
1.670910, -0.746441, 0.084553, 0.634365
1.671890, -0.738201, 0.089855, 0.654354
1.672388, -0.743103, 0.094452, 0.649338
1.672861, -0.767708, 0.088615, 0.629749
1.673354, -0.788879, 0.087662, 0.613022
1.673848, -0.781860, 0.088120, 0.609303
1.674343, -0.763454, 0.088673, 0.613174
1.674850, -0.754623, 0.088615, 0.627747
1.675350, -0.753670, 0.083923, 0.642662
1.675857, -0.756168, 0.086803, 0.649071
1.676359, -0.757332, 0.084019, 0.645981
1.676862, -0.767288, 0.080166, 0.624886
1.677310, -0.770912, 0.081863, 0.612087
1.677834, -0.767517, 0.080051, 0.618114
1.678348, -0.765495, 0.082283, 0.633068
1.678800, -0.764523, 0.081425, 0.633144
1.679319, -0.766239, 0.077763, 0.618324
1.679824, -0.768471, 0.070000, 0.608463
1.680329, -0.760422, 0.076008, 0.628223
1.681302, -0.740433, 0.087852, 0.652962
1.681769, -0.731964, 0.080070, 0.639477
1.682267, -0.729904, 0.070953, 0.635147
1.682793, -0.720024, 0.061417, 0.667133
1.683266, -0.713787, 0.060310, 0.683727
1.683826, -0.711727, 0.061302, 0.687294
1.684267, -0.712376, 0.066166, 0.667553
1.684789, -0.715656, 0.065422, 0.663052
1.685276, -0.715103, 0.071964, 0.662594
1.685782, -0.715618, 0.070724, 0.663567
1.686254, -0.714531, 0.069275, 0.652447
1.686757, -0.717220, 0.071049, 0.650063
1.687248, -0.717411, 0.074081, 0.652695
1.687771, -0.712662, 0.080509, 0.657234
1.688271, -0.712795, 0.073166, 0.644073
1.688728, -0.716019, 0.065422, 0.641079
1.689247, -0.713425, 0.063591, 0.644035
1.689764, -0.709362, 0.073662, 0.651035
1.690238, -0.715065, 0.074387, 0.649376
1.690760, -0.717926, 0.068874, 0.638409
1.691262, -0.719852, 0.072193, 0.631733
1.691683, -0.718536, 0.072994, 0.633888
1.692192, -0.716648, 0.067883, 0.641079
1.692705, -0.713310, 0.067272, 0.644970
1.693185, -0.714626, 0.069046, 0.635185
1.693706, -0.714779, 0.073261, 0.628452
1.694195, -0.717869, 0.077057, 0.630474
1.694699, -0.713634, 0.075645, 0.630493
1.695696, -0.718498, 0.061207, 0.619488
1.696639, -0.716114, 0.066414, 0.629673
1.697143, -0.715675, 0.071526, 0.622692
1.697647, -0.720406, 0.072193, 0.616760
1.698171, -0.722809, 0.071964, 0.609093
1.698617, -0.731010, 0.069866, 0.606117
1.699150, -0.728798, 0.068798, 0.608044
1.699619, -0.734806, 0.075436, 0.607529
1.700135, -0.761509, 0.086765, 0.594082
1.700625, -0.780392, 0.085258, 0.579185
1.701129, -0.774994, 0.089111, 0.563564
1.701593, -0.759029, 0.086727, 0.563717
1.702097, -0.755424, 0.069809, 0.559540
1.702597, -0.774193, 0.059376, 0.557957
1.703587, -0.776215, 0.069752, 0.561848
1.704091, -0.758095, 0.074024, 0.571270
1.704594, -0.746002, 0.076771, 0.582142
1.705083, -0.736179, 0.081654, 0.598049
1.705587, -0.732632, 0.079842, 0.613861
1.706091, -0.731392, 0.079498, 0.613880
1.707038, -0.733051, 0.082855, 0.615559
1.708031, -0.734501, 0.079250, 0.611324
1.708565, -0.743160, 0.081997, 0.612450
1.709054, -0.747547, 0.080891, 0.609436
1.709542, -0.759068, 0.076942, 0.600529
1.710029, -0.767956, 0.079880, 0.595055
1.710521, -0.774708, 0.076008, 0.583038
1.711024, -0.781384, 0.076141, 0.575161
1.711523, -0.789700, 0.077209, 0.577087
1.712019, -0.793343, 0.084400, 0.588207
1.712525, -0.782967, 0.089569, 0.596275
1.713000, -0.777912, 0.088673, 0.593872
1.713486, -0.780163, 0.082321, 0.583286
1.714014, -0.787220, 0.083046, 0.592499
1.714471, -0.775108, 0.090733, 0.605850
1.714979, -0.773544, 0.096684, 0.615044
1.715497, -0.783024, 0.095215, 0.606079
1.715971, -0.802174, 0.096245, 0.587845
1.716489, -0.820961, 0.094891, 0.575027
1.716945, -0.846786, 0.089016, 0.552673
1.717482, -0.869026, 0.081310, 0.529785
1.717952, -0.875587, 0.077076, 0.500717
1.718445, -0.872555, 0.080433, 0.489960
1.718953, -0.881233, 0.081615, 0.500126
1.719951, -0.888767, 0.091228, 0.526390
1.720935, -0.964870, 0.103893, 0.498657
1.721409, -1.008663, 0.101948, 0.431213
1.722427, -1.058502, 0.116959, 0.365505
1.722904, -1.088257, 0.159931, 0.352669
1.723435, -1.084385, 0.200405, 0.338917
1.723882, -1.035709, 0.220680, 0.335617
1.724416, -0.972157, 0.229549, 0.327950
1.724887, -0.926857, 0.215816, 0.369854
1.725393, -0.917015, 0.209293, 0.452518
1.725860, -0.940704, 0.243530, 0.484066
1.726404, -0.966492, 0.181274, 0.500031
1.726899, -0.965672, 0.088425, 0.461731
1.727352, -0.902481, -0.005989, 0.501041
1.727852, -0.794029, -0.061874, 0.594215
1.728371, -0.717945, -0.072231, 0.750237
1.729368, -0.688076, 0.094795, 0.829449
1.729842, -0.727520, 0.120907, 0.699921
1.730369, -0.775814, 0.108395, 0.596447
1.730840, -0.807285, 0.085335, 0.527573
1.731334, -0.790958, 0.146313, 0.597420
1.731808, -0.723667, 0.204525, 0.709705
1.732311, -0.695858, 0.292969, 0.708656
1.732799, -0.721512, 0.347481, 0.729465
1.733305, -0.735912, 0.300636, 0.841198
1.733844, -0.760880, 0.258999, 0.777912
1.734312, -0.789623, 0.169888, 0.807247
1.734800, -0.821838, 0.046749, 0.716610
1.735286, -0.877419, -0.001087, 0.581703
1.735796, -0.969143, 0.010567, 0.426331
1.736293, -1.005306, 0.043640, 0.434265
1.737315, -0.971413, 0.226974, 0.323677
1.737808, -0.935230, 0.187950, 0.335331
1.738381, -0.909672, 0.187244, 0.483856
1.738759, -0.849056, 0.184898, 0.713253
1.739351, -0.736656, 0.201740, 0.850677
1.739739, -0.704384, 0.305138, 0.734386
1.740356, -0.733566, 0.125065, 0.744896
1.740762, -0.734787, 0.038490, 0.733204
1.741262, -0.632401, -0.122700, 0.897865
1.741858, -0.514946, -0.132599, 0.873108
1.742234, -0.561714, -0.105762, 0.879765
1.742748, -0.661850, -0.007362, 0.750351
1.743252, -0.793915, 0.031929, 0.585098
1.743858, -0.883999, 0.113602, 0.566750
1.744241, -0.856266, 0.166073, 0.619888
1.744713, -0.822487, 0.124664, 0.564499
1.745233, -0.882835, 0.068340, 0.482388
1.745712, -0.971031, 0.136757, 0.366669
1.746184, -1.047897, 0.202961, 0.233326
1.746731, -1.030025, 0.163555, 0.267754
1.747178, -0.874081, 0.125065, 0.251293
1.747664, -0.696125, 0.159111, 0.359249
1.748194, -0.636158, 0.226860, 0.592327
1.749153, -0.565281, 0.155201, 0.836372
1.749686, -0.467472, 0.140743, 0.865288
1.750166, -0.407276, 0.082664, 1.187229
1.750654, -0.377216, -0.009727, 1.396008
1.751158, -0.483665, -0.037956, 1.255360
1.751632, -0.645390, -0.046272, 0.892487
1.752127, -0.790977, -0.090904, 0.408840
1.752668, -0.859051, -0.267410, 0.351353
1.753156, -0.787964, -0.138035, 0.478592
1.753648, -0.635471, -0.045967, 0.747795
1.754128, -0.607758, 0.081577, 0.644531
1.754607, -0.746307, 0.158997, 0.481186
1.755141, -0.823345, 0.110493, 0.564880
1.755601, -0.793819, 0.063076, 0.641403
1.756126, -0.732098, 0.050240, 0.819111
1.756582, -0.620689, 0.117722, 0.725880
1.757087, -0.586720, 0.024109, 0.658321
1.757618, -0.691071, 0.067883, 0.515480
1.758067, -0.808430, 0.207767, 0.398235
1.758600, -0.781689, 0.097523, 0.470715
1.759576, -0.506210, -0.073166, 0.733356
1.760089, -0.432854, -0.025444, 0.858650
1.760594, -0.562572, -0.005627, 0.849915
1.761039, -0.733986, -0.049725, 0.861092
1.761547, -0.816803, -0.024166, 0.715923
1.762061, -0.752506, 0.002441, 0.653400
1.762564, -0.566254, 0.001545, 0.792732
1.763068, -0.526142, -0.005875, 0.666866
1.763514, -0.620289, 0.025635, 0.603619
1.764049, -0.726662, 0.055523, 0.495319
1.764510, -0.782337, 0.085735, 0.565071
1.765015, -0.722866, 0.160542, 0.699120
1.765519, -0.643787, 0.174999, 0.718803
1.766016, -0.573978, 0.153484, 0.657711
1.766523, -0.513210, 0.171261, 0.661201
1.766980, -0.528221, 0.247307, 0.657921
1.767484, -0.587807, 0.225449, 0.721378
1.767987, -0.592785, 0.174007, 0.733871
1.768491, -0.572262, 0.101013, 0.800171
1.768980, -0.434303, -0.031357, 1.005878
1.769487, -0.389442, -0.032043, 0.944424
1.769987, -0.472336, -0.023022, 0.829144
1.770491, -0.518322, -0.067482, 0.654869
1.770994, -0.551491, -0.061188, 0.698681
1.771440, -0.540104, 0.009003, 0.801277
1.771943, -0.543270, 0.079174, 0.789700
1.772448, -0.588417, 0.064945, 0.769558
1.772952, -0.589371, 0.068588, 0.739937
1.773456, -0.584755, 0.125866, 0.695133
1.773959, -0.599365, 0.144825, 0.724239
1.774462, -0.663166, 0.124264, 0.631886
1.774920, -0.752163, 0.140533, 0.484238
1.775423, -0.797348, 0.171547, 0.457134
1.775911, -0.850010, 0.194759, 0.430870
1.776408, -0.842037, 0.190163, 0.502224
1.776894, -0.828953, 0.192356, 0.444145
1.777396, -0.846634, 0.149193, 0.426025
1.777898, -0.829411, 0.145473, 0.466843
1.778402, -0.800800, 0.135612, 0.504074
1.778905, -0.745525, 0.052433, 0.488186
1.779407, -0.690842, 0.005646, 0.471687
1.779870, -0.646439, 0.051365, 0.590210
1.780435, -0.547466, 0.072880, 0.913296
1.780886, -0.428677, 0.062065, 1.100788
1.781381, -0.411835, 0.077667, 1.052475
1.781897, -0.507183, 0.042973, 0.897408
1.782430, -0.634060, 0.010681, 0.700321
1.782910, -0.721684, 0.042973, 0.624924
1.783384, -0.745106, 0.091591, 0.587826
1.783935, -0.713997, 0.111122, 0.600529
1.784423, -0.655499, 0.127220, 0.661621
1.784905, -0.617638, 0.133858, 0.745354
1.785383, -0.631351, 0.087109, 0.803013
1.785882, -0.680408, 0.055428, 0.752258
1.786411, -0.667419, 0.018749, 0.722809
1.786886, -0.612049, -0.003510, 0.738468
1.787306, -0.540600, -0.017834, 0.833435
1.787794, -0.489750, -0.014572, 0.885448
1.788316, -0.481014, -0.033150, 0.888577
1.788815, -0.481358, -0.041218, 0.889244
1.789294, -0.478268, -0.022163, 0.923405
1.789770, -0.478573, 0.005417, 0.945721
1.790263, -0.507374, 0.020142, 0.902233
1.791274, -0.620136, 0.037880, 0.712013
1.791756, -0.672207, 0.045891, 0.682755
1.792287, -0.719528, 0.068932, 0.664520
1.792760, -0.755692, 0.083427, 0.637226
1.793282, -0.770493, 0.090828, 0.612965
1.793785, -0.768166, 0.088139, 0.603237
1.794264, -0.771675, 0.082417, 0.600071
1.794728, -0.775719, 0.082626, 0.583134
1.795245, -0.773220, 0.084381, 0.583382
1.795720, -0.759010, 0.084438, 0.598927
1.796753, -0.731888, 0.085831, 0.653133
1.797226, -0.716705, 0.085945, 0.661640
1.797703, -0.696697, 0.077229, 0.649567
1.798239, -0.681114, 0.067539, 0.652866
1.799217, -0.655861, 0.074635, 0.699596
1.799691, -0.647030, 0.073872, 0.700283
1.800210, -0.639992, 0.069714, 0.709267
1.800683, -0.634308, 0.063229, 0.719833
1.801187, -0.631886, 0.065250, 0.731239
1.801704, -0.640049, 0.072594, 0.727978
1.802193, -0.637245, 0.080833, 0.712414
1.802697, -0.638008, 0.086384, 0.715199
1.803675, -0.652294, 0.079918, 0.702858
1.804652, -0.684299, 0.088005, 0.683460
1.805142, -0.691528, 0.085163, 0.674019
1.805655, -0.700684, 0.089226, 0.663128
1.806135, -0.706615, 0.086212, 0.655651
1.806623, -0.713615, 0.082417, 0.651550
1.807128, -0.719585, 0.075111, 0.649414
1.807632, -0.724010, 0.074253, 0.646458
1.808646, -0.730877, 0.087242, 0.650082
1.809119, -0.734768, 0.076790, 0.638599
1.809635, -0.737152, 0.074692, 0.628853
1.810092, -0.733871, 0.073261, 0.639458
1.810594, -0.731049, 0.078621, 0.647583
1.811083, -0.723934, 0.085983, 0.650444
1.811603, -0.721283, 0.086250, 0.643406
1.812081, -0.708828, 0.080643, 0.650539
1.812581, -0.684528, 0.069008, 0.659504
1.813063, -0.667610, 0.064240, 0.673046
1.813586, -0.679073, 0.070992, 0.688438
1.814052, -0.708332, 0.080547, 0.687351
1.814555, -0.747223, 0.083370, 0.657940
1.815059, -0.776539, 0.079651, 0.625114
1.815563, -0.781212, 0.072403, 0.606594
1.816074, -0.763550, 0.076675, 0.607891
1.816520, -0.751743, 0.082798, 0.623722
1.817038, -0.757027, 0.082703, 0.630722
1.817549, -0.757847, 0.083351, 0.639381
1.818011, -0.751400, 0.084457, 0.648308
1.818512, -0.743847, 0.070267, 0.653419
1.819031, -0.731869, 0.064030, 0.651283
1.819536, -0.706024, 0.071239, 0.664158
1.819991, -0.678406, 0.080566, 0.683289
1.820496, -0.649147, 0.078506, 0.702057
1.821000, -0.628452, 0.067997, 0.713921
1.821505, -0.628815, 0.056515, 0.726414
1.822008, -0.635548, 0.049915, 0.730686
1.822494, -0.646572, 0.047722, 0.735168
1.822981, -0.654335, 0.058861, 0.732288
1.823483, -0.658779, 0.073414, 0.717411
1.824001, -0.665283, 0.083904, 0.696507
1.824491, -0.661163, 0.078335, 0.683174
1.824983, -0.638294, 0.063629, 0.692062
1.825464, -0.613365, 0.063477, 0.728130
1.825942, -0.610294, 0.074520, 0.763702
1.826428, -0.621338, 0.079346, 0.769844
1.826965, -0.616798, 0.074196, 0.751076
1.827454, -0.607224, 0.066433, 0.731277
1.827952, -0.615330, 0.062237, 0.715160
1.828437, -0.640144, 0.061188, 0.720253
1.828936, -0.650482, 0.070801, 0.723343
1.829482, -0.654564, 0.089436, 0.710430
1.829972, -0.688629, 0.097523, 0.684319
1.830460, -0.683537, 0.105095, 0.669041
1.830957, -0.593567, 0.102711, 0.680256
1.831445, -0.554390, 0.103283, 0.721378
1.831943, -0.614166, 0.114861, 0.757408
1.832943, -0.639496, 0.082207, 0.733471
1.833430, -0.589867, 0.062199, 0.727558
1.833873, -0.582371, 0.059357, 0.736580
1.834372, -0.584908, 0.045395, 0.755444
1.834862, -0.561352, 0.017471, 0.787258
1.835350, -0.565186, -0.010910, 0.799599
1.836357, -0.591583, -0.014687, 0.759354
1.836846, -0.601444, -0.040569, 0.765934
1.837335, -0.522156, -0.086193, 0.779915
1.837824, -0.475674, -0.084057, 0.823650
1.838372, -0.503845, -0.071602, 0.852032
1.838862, -0.574188, -0.046520, 0.852032
1.839350, -0.638790, -0.028610, 0.800381
1.839854, -0.689621, 0.005302, 0.713081
1.840344, -0.744781, 0.061913, 0.635738
1.840831, -0.847378, 0.141182, 0.585403
1.841305, -0.857735, 0.152912, 0.558586
1.841798, -0.740490, 0.176849, 0.524483
1.842333, -0.576725, 0.136833, 0.577106
1.842808, -0.483780, 0.123234, 0.700836
1.843808, -0.352974, 0.051498, 0.860691
1.844268, -0.375118, 0.003223, 0.840740
1.844762, -0.436420, -0.066357, 0.789337
1.845268, -0.503120, -0.087662, 0.775394
1.845758, -0.565987, -0.031300, 0.764160
1.846258, -0.594482, 0.022984, 0.716991
1.846760, -0.618324, 0.073166, 0.644665
1.847271, -0.696259, 0.125084, 0.596752
1.847741, -0.665379, 0.071297, 0.577946
1.848251, -0.708199, 0.090618, 0.583019
1.848761, -0.812988, 0.105782, 0.615654
1.850253, -0.697422, -0.007267, 0.654469
1.850722, -0.598106, 0.064545, 0.588055
1.851239, -0.620289, 0.128536, 0.578194
1.851712, -0.702419, 0.164223, 0.578709
1.852219, -0.716572, 0.120277, 0.585918
1.852730, -0.675774, 0.123100, 0.613499
1.853179, -0.734158, 0.140934, 0.691490
2.104009, -0.735798, 0.088329, 0.631084
2.104126, -0.736885, 0.092373, 0.631580
2.104210, -0.738811, 0.093384, 0.628529
2.104293, -0.736637, 0.093422, 0.625916
2.104376, -0.737152, 0.090790, 0.625706
2.104459, -0.737629, 0.093174, 0.629978
2.104540, -0.738697, 0.097046, 0.630703
2.104623, -0.739765, 0.098934, 0.630913
2.104713, -0.736160, 0.097179, 0.628014
2.104802, -0.734177, 0.096130, 0.630741
2.104886, -0.734463, 0.097504, 0.633526
2.104969, -0.728703, 0.099125, 0.632858
2.105052, -0.730953, 0.098896, 0.632973
2.105133, -0.729637, 0.103092, 0.632515
2.105217, -0.727901, 0.103130, 0.629349
2.105304, -0.730515, 0.103855, 0.626354
2.105388, -0.734024, 0.102329, 0.628109
2.105473, -0.738106, 0.100231, 0.627441
2.105569, -0.740261, 0.099049, 0.624161
2.105660, -0.740986, 0.096474, 0.624866
2.105750, -0.743427, 0.098438, 0.623016
2.105835, -0.745049, 0.101509, 0.621758
2.105929, -0.743427, 0.100765, 0.624523
2.106016, -0.743465, 0.098476, 0.628433
2.106097, -0.740871, 0.101013, 0.628185
2.106179, -0.739689, 0.102177, 0.624847
2.106268, -0.738487, 0.102520, 0.621662
2.106351, -0.740547, 0.101814, 0.624523
2.106435, -0.736065, 0.103607, 0.621071
2.106522, -0.735474, 0.103931, 0.620003
2.106608, -0.736637, 0.103245, 0.620537
2.106698, -0.735626, 0.104313, 0.622883
2.106780, -0.733166, 0.105000, 0.622482
2.106871, -0.732708, 0.104313, 0.621967
2.106965, -0.738983, 0.104370, 0.625401
2.107045, -0.739803, 0.107956, 0.624447
2.107126, -0.741501, 0.108032, 0.619698
2.107246, -0.741177, 0.103474, 0.620747
2.107335, -0.738029, 0.102806, 0.621853
2.107900, -0.741062, 0.102100, 0.622540
2.108331, -0.739250, 0.105305, 0.622387
2.108843, -0.739937, 0.104771, 0.621758
2.109352, -0.741348, 0.107327, 0.619488
2.109860, -0.735435, 0.105381, 0.623665
2.110358, -0.740280, 0.107937, 0.624008
2.110868, -0.735741, 0.107822, 0.622616
2.111286, -0.735168, 0.106850, 0.618744
2.111799, -0.737514, 0.108852, 0.613632
2.112319, -0.735130, 0.110149, 0.612392
2.112821, -0.737629, 0.107288, 0.618439
2.113285, -0.734768, 0.105610, 0.622444
2.113898, -0.731831, 0.106678, 0.624886
2.114317, -0.733070, 0.107899, 0.623474
2.114780, -0.736332, 0.107327, 0.618801
2.115335, -0.735054, 0.108871, 0.620251
2.115830, -0.734844, 0.113983, 0.623894
2.116319, -0.734653, 0.114670, 0.623741
2.116791, -0.738602, 0.112801, 0.622826
2.117334, -0.737648, 0.111942, 0.621243
2.117814, -0.731583, 0.113049, 0.617161
2.118314, -0.732613, 0.113430, 0.620155
2.118815, -0.737171, 0.113869, 0.620441
2.119221, -0.738335, 0.117264, 0.620956
2.119705, -0.737896, 0.115585, 0.619907
2.120209, -0.740128, 0.113010, 0.616913
2.120712, -0.740681, 0.111217, 0.623131
2.121217, -0.743637, 0.113239, 0.624390
2.121720, -0.740204, 0.116081, 0.618458
2.122224, -0.739594, 0.116596, 0.616760
2.122686, -0.735226, 0.116081, 0.617676
2.123202, -0.738049, 0.121250, 0.619984
2.123677, -0.737038, 0.122204, 0.623283
2.124209, -0.740814, 0.125179, 0.625458
2.124654, -0.744514, 0.131588, 0.625019
2.125168, -0.743618, 0.136509, 0.620689
2.125650, -0.741673, 0.139942, 0.619411
2.126182, -0.739956, 0.146255, 0.618095
2.126661, -0.740948, 0.147533, 0.622501
2.127165, -0.742607, 0.154762, 0.626926
2.127677, -0.738239, 0.156708, 0.625839
2.128125, -0.735416, 0.160923, 0.625534
2.128674, -0.733624, 0.162697, 0.624218
2.129142, -0.731869, 0.166225, 0.619373
2.129621, -0.733929, 0.169849, 0.623817
2.130141, -0.736828, 0.170822, 0.625896
2.130645, -0.744419, 0.173683, 0.627899
2.131131, -0.745773, 0.179119, 0.629158
2.131624, -0.750332, 0.184078, 0.629005
2.132095, -0.759830, 0.189400, 0.625019
2.132629, -0.761719, 0.186615, 0.622959
2.133100, -0.769062, 0.186825, 0.616055
2.133606, -0.773849, 0.181847, 0.611458
2.134565, -0.781250, 0.181103, 0.608368
2.135096, -0.781536, 0.176888, 0.612431
2.135579, -0.778389, 0.169353, 0.614700
2.136091, -0.777702, 0.165310, 0.619793
2.136569, -0.782776, 0.158653, 0.625172
2.137084, -0.785103, 0.150852, 0.639648
2.137560, -0.790348, 0.140285, 0.653648
2.138076, -0.800724, 0.132637, 0.675087
2.138543, -0.816212, 0.121937, 0.705757
2.139019, -0.822048, 0.116005, 0.724583
2.139543, -0.831928, 0.116138, 0.738697
2.140012, -0.845528, 0.115528, 0.744648
2.140534, -0.854473, 0.106239, 0.748997
2.142033, -0.893288, 0.099297, 0.759850
2.142499, -0.897102, 0.093479, 0.767441
2.143003, -0.901947, 0.089302, 0.770130
2.143508, -0.904655, 0.086346, 0.762577
2.143982, -0.906315, 0.084591, 0.753021
2.144475, -0.907440, 0.080948, 0.743542
2.145015, -0.909958, 0.079479, 0.741425
2.145483, -0.906067, 0.082073, 0.742588
2.146002, -0.909061, 0.084057, 0.754585
2.146506, -0.909252, 0.081615, 0.768375
2.146950, -0.909195, 0.077286, 0.769501
2.147456, -0.902290, 0.077572, 0.759106
2.147958, -0.901871, 0.074596, 0.752316
2.148461, -0.905762, 0.072327, 0.748119
2.148965, -0.907269, 0.075722, 0.757122
2.149476, -0.906792, 0.075092, 0.776157
2.149930, -0.907822, 0.075302, 0.786419
2.150434, -0.909996, 0.074100, 0.790920
2.150937, -0.913258, 0.074444, 0.785484
2.151440, -0.918922, 0.070763, 0.780296
2.151943, -0.923061, 0.067997, 0.780716
2.152446, -0.920639, 0.064621, 0.769501
2.152892, -0.922699, 0.060844, 0.751781
2.153396, -0.927830, 0.053806, 0.740185
2.153902, -0.931301, 0.054245, 0.733757
2.154403, -0.926762, 0.053139, 0.729332
2.154907, -0.920448, 0.048256, 0.729046
2.155411, -0.922279, 0.049324, 0.729828
2.155902, -0.921879, 0.053768, 0.733318
2.156403, -0.921860, 0.057926, 0.733910
2.156906, -0.918331, 0.055733, 0.732861
2.157350, -0.919132, 0.055237, 0.728531
2.157854, -0.915833, 0.056343, 0.727463
2.158358, -0.914860, 0.055733, 0.730839
2.158847, -0.908279, 0.061378, 0.733814
2.159393, -0.903587, 0.057621, 0.731144
2.159883, -0.900288, 0.056438, 0.723476
2.160372, -0.898056, 0.047245, 0.711613
2.160876, -0.887852, 0.035210, 0.697823
2.161381, -0.883560, 0.022488, 0.690708
2.161884, -0.881786, 0.009365, 0.686607
2.162388, -0.871086, -0.002460, 0.679932
2.162878, -0.861778, -0.012379, 0.677547
2.163395, -0.850296, -0.021210, 0.679665
2.163799, -0.839195, -0.022831, 0.689316
2.164372, -0.829449, -0.024223, 0.696793
2.164878, -0.822334, -0.025311, 0.699539
2.165381, -0.812492, -0.027752, 0.702610
2.165780, -0.810242, -0.023994, 0.704842
2.166358, -0.812130, -0.015602, 0.712776
2.167260, -0.808258, -0.005684, 0.730438
2.167785, -0.811024, 0.002499, 0.731277
2.168295, -0.822926, 0.011597, 0.725517
2.168763, -0.827408, 0.011997, 0.716667
2.169267, -0.835133, 0.017509, 0.716724
2.169779, -0.842133, 0.031776, 0.715065
2.170246, -0.846214, 0.039406, 0.710449
2.170757, -0.853405, 0.039673, 0.699463
2.171262, -0.858135, 0.043926, 0.688896
2.171765, -0.859737, 0.054626, 0.683327
2.172744, -0.856552, 0.067272, 0.682335
2.173767, -0.854397, 0.080853, 0.673714
2.174213, -0.849438, 0.087509, 0.671692
2.174699, -0.842152, 0.089970, 0.669155
2.175194, -0.836849, 0.090561, 0.667667
2.175695, -0.829754, 0.097065, 0.664654
2.176203, -0.823498, 0.101604, 0.663242
2.176701, -0.816669, 0.099506, 0.661964
2.177187, -0.812225, 0.100956, 0.663033
2.177691, -0.804825, 0.103436, 0.657043
2.178194, -0.796547, 0.103970, 0.652390
2.178697, -0.791645, 0.109215, 0.650024
2.179191, -0.784760, 0.108337, 0.649700
2.179674, -0.779781, 0.105572, 0.650902
2.180148, -0.777264, 0.107918, 0.647144
2.180671, -0.771332, 0.109177, 0.642376
2.181156, -0.764236, 0.106449, 0.631676
2.181623, -0.762539, 0.100784, 0.628147
2.182163, -0.756016, 0.099773, 0.623798
2.182638, -0.750446, 0.097923, 0.625076
2.183112, -0.745277, 0.096989, 0.624409
2.183634, -0.741253, 0.098476, 0.617275
2.184134, -0.739117, 0.097332, 0.610256
2.184608, -0.737724, 0.097046, 0.607815
2.185135, -0.734253, 0.095367, 0.608616
2.185611, -0.728168, 0.089378, 0.612869
2.186086, -0.727177, 0.085926, 0.610619
2.186593, -0.720291, 0.085583, 0.606728
2.187097, -0.717640, 0.082874, 0.593491
2.187616, -0.716362, 0.081005, 0.587196
2.188593, -0.702133, 0.079346, 0.595036
2.189097, -0.699139, 0.077324, 0.598450
2.189556, -0.697308, 0.072613, 0.594273
2.190060, -0.696354, 0.071621, 0.578499
2.190564, -0.689602, 0.068550, 0.571480
2.191068, -0.686131, 0.067558, 0.570107
2.191574, -0.679417, 0.071659, 0.576038
2.192060, -0.676250, 0.069828, 0.573902
2.192576, -0.676556, 0.069237, 0.569859
2.193043, -0.673714, 0.067577, 0.558777
2.193545, -0.670109, 0.071163, 0.559731
2.194553, -0.664864, 0.068893, 0.562191
2.195013, -0.660400, 0.058994, 0.554123
2.195503, -0.658798, 0.048981, 0.534382
2.196542, -0.655346, 0.025234, 0.497913
2.197485, -0.654602, -0.011864, 0.495319
2.198004, -0.654716, -0.027905, 0.490685
2.199003, -0.650597, -0.043697, 0.478802
2.199594, -0.641861, -0.043640, 0.497646
2.200002, -0.631142, -0.036316, 0.516644
2.200490, -0.618896, -0.031471, 0.531158
2.200988, -0.611115, -0.023270, 0.523472
2.201456, -0.604229, -0.017185, 0.524330
2.201980, -0.604668, -0.009060, 0.535145
2.202441, -0.603695, 0.001698, 0.564384
2.202967, -0.605793, 0.015507, 0.578575
2.203447, -0.612965, 0.027332, 0.577183
2.203971, -0.618629, 0.037689, 0.564442
2.204431, -0.618553, 0.046425, 0.563412
2.204944, -0.625782, 0.060711, 0.567856
2.205438, -0.633068, 0.074730, 0.578270
2.205904, -0.636749, 0.081120, 0.576515
2.206431, -0.644035, 0.086651, 0.566540
2.206895, -0.649281, 0.085659, 0.545940
2.207423, -0.654850, 0.095329, 0.532856
2.207957, -0.654068, 0.102596, 0.538712
2.208426, -0.656776, 0.105877, 0.547886
2.208935, -0.655518, 0.114574, 0.546722
2.209452, -0.657806, 0.116863, 0.530834
2.209908, -0.661926, 0.116730, 0.513554
2.210465, -0.660877, 0.123138, 0.514603
2.210969, -0.655994, 0.127907, 0.531406
2.211439, -0.651894, 0.128632, 0.545502
2.211942, -0.649376, 0.129852, 0.547581
2.212446, -0.645523, 0.134239, 0.534954
2.213425, -0.637379, 0.143051, 0.542183
2.213944, -0.631752, 0.144672, 0.568390
2.214341, -0.629292, 0.145741, 0.579872
2.214847, -0.627270, 0.152264, 0.570831
2.215321, -0.631142, 0.150146, 0.555134
2.215827, -0.629539, 0.148048, 0.555820
2.216329, -0.626659, 0.146770, 0.573406
2.216830, -0.622845, 0.150013, 0.585690
2.217324, -0.617847, 0.148277, 0.581436
2.217794, -0.623417, 0.141411, 0.574875
2.218305, -0.626850, 0.138187, 0.568428
2.218803, -0.621281, 0.140972, 0.573425
2.219308, -0.620174, 0.143852, 0.583668
2.219810, -0.618992, 0.142307, 0.593414
2.220271, -0.616646, 0.139027, 0.589199
2.220787, -0.616150, 0.138817, 0.576839
2.221260, -0.615025, 0.136089, 0.569401
2.221795, -0.614319, 0.133934, 0.580578
2.222788, -0.605450, 0.137539, 0.598431
2.223266, -0.603886, 0.137405, 0.589104
2.223786, -0.607815, 0.128212, 0.579433
2.224240, -0.602303, 0.124207, 0.580559
2.224748, -0.598183, 0.126972, 0.589237
2.225251, -0.593281, 0.127506, 0.598392
2.225756, -0.594234, 0.125809, 0.594921
2.226261, -0.592785, 0.121727, 0.585842
2.226710, -0.590668, 0.125084, 0.577297
2.227205, -0.588589, 0.128288, 0.581951
2.227727, -0.588741, 0.129242, 0.591354
2.228246, -0.586338, 0.129089, 0.595169
2.228698, -0.585918, 0.130310, 0.591068
2.229206, -0.586872, 0.130329, 0.585155
2.229715, -0.585232, 0.132675, 0.588284
2.230210, -0.583401, 0.139236, 0.598602
2.230701, -0.581379, 0.142384, 0.606518
2.231192, -0.578346, 0.143986, 0.609398
2.231692, -0.579948, 0.143757, 0.604858
2.232187, -0.580845, 0.150127, 0.595322
2.232692, -0.580254, 0.150127, 0.598125
2.233191, -0.580635, 0.151100, 0.608292
2.233650, -0.578461, 0.152531, 0.610332
2.234245, -0.582047, 0.152359, 0.605240
2.234683, -0.585403, 0.152435, 0.599060
2.235657, -0.591297, 0.161171, 0.607052
2.236160, -0.589828, 0.159035, 0.612068
2.236659, -0.586281, 0.160351, 0.608940
2.237108, -0.590496, 0.161018, 0.597782
2.237631, -0.594196, 0.162621, 0.598221
2.239123, -0.595016, 0.161572, 0.608482
2.239615, -0.598793, 0.164890, 0.602245
2.240105, -0.597553, 0.169296, 0.597038
2.240582, -0.598068, 0.167561, 0.606880
2.241079, -0.595646, 0.164547, 0.611935
2.241568, -0.597973, 0.168552, 0.614948
2.242095, -0.599232, 0.171413, 0.612411
2.242558, -0.597267, 0.177269, 0.612125
2.243076, -0.597572, 0.180893, 0.611553
2.243574, -0.595150, 0.179195, 0.616169
2.244074, -0.597267, 0.176315, 0.616302
2.244553, -0.599632, 0.178833, 0.618992
2.245078, -0.601177, 0.178947, 0.621548
2.245555, -0.601540, 0.179691, 0.629673
2.246036, -0.607185, 0.184155, 0.629597
2.246568, -0.607300, 0.193329, 0.625076
2.247053, -0.613174, 0.197544, 0.621529
2.247527, -0.610561, 0.194645, 0.634899
2.248013, -0.611858, 0.200500, 0.640793
2.248550, -0.614853, 0.201817, 0.645161
2.249019, -0.620651, 0.205956, 0.642624
2.249498, -0.622196, 0.213032, 0.636692
2.250030, -0.623741, 0.218906, 0.634556
2.250499, -0.626965, 0.217876, 0.641365
2.251526, -0.634804, 0.216770, 0.646286
2.252012, -0.635872, 0.220470, 0.649071
2.252494, -0.636387, 0.227833, 0.651169
2.252983, -0.640221, 0.234814, 0.642719
2.253501, -0.644760, 0.233917, 0.640392
2.254025, -0.642204, 0.230598, 0.641766
2.254486, -0.644665, 0.231953, 0.645084
2.254979, -0.650597, 0.234814, 0.643787
2.255481, -0.652428, 0.238037, 0.639381
2.255967, -0.652447, 0.232658, 0.639763
2.256456, -0.654411, 0.237408, 0.634270
2.256948, -0.658951, 0.238419, 0.629177
2.257468, -0.662632, 0.231705, 0.630684
2.257971, -0.657692, 0.235062, 0.636311
2.258450, -0.658112, 0.229073, 0.638523
2.258973, -0.661469, 0.229511, 0.640697
2.259549, -0.662937, 0.231991, 0.639648
2.259992, -0.662403, 0.230141, 0.634785
2.260545, -0.664101, 0.226021, 0.637836
2.261004, -0.663643, 0.223274, 0.640450
2.261899, -0.662918, 0.220661, 0.640717
2.262909, -0.666828, 0.217285, 0.641842
2.263403, -0.666943, 0.218525, 0.640144
2.263886, -0.665760, 0.224895, 0.641994
2.264409, -0.667381, 0.219650, 0.640926
2.264863, -0.665512, 0.215149, 0.641060
2.265365, -0.668716, 0.216389, 0.640984
2.265856, -0.668049, 0.213223, 0.641899
2.266388, -0.669594, 0.205212, 0.639687
2.266836, -0.671310, 0.202370, 0.638828
2.267382, -0.671978, 0.204086, 0.640545
2.267839, -0.672703, 0.208321, 0.636864
2.268357, -0.672550, 0.209026, 0.635166
2.268835, -0.675182, 0.205193, 0.635567
2.269354, -0.671482, 0.200386, 0.639057
2.269811, -0.670319, 0.199947, 0.637589
2.270314, -0.670452, 0.197964, 0.639286
2.270815, -0.670567, 0.202503, 0.638065
2.271807, -0.675468, 0.205784, 0.631294
2.272299, -0.676136, 0.205402, 0.632229
2.272786, -0.677948, 0.200329, 0.631676
2.273305, -0.678711, 0.199814, 0.632362
2.273808, -0.681477, 0.200253, 0.633984
2.274279, -0.678825, 0.200348, 0.636005
2.274789, -0.680180, 0.196877, 0.638752
2.275300, -0.682449, 0.195618, 0.641785
2.275794, -0.686321, 0.199432, 0.643158
2.276291, -0.686359, 0.194740, 0.644054
2.276785, -0.685329, 0.193615, 0.646133
2.277245, -0.686092, 0.193748, 0.645485
2.277740, -0.686703, 0.194454, 0.645485
2.278284, -0.689640, 0.186329, 0.645981
2.278722, -0.686436, 0.185146, 0.648785
2.279236, -0.689545, 0.187092, 0.650921
2.279739, -0.690765, 0.188694, 0.645313
2.280259, -0.687256, 0.185928, 0.645618
2.280729, -0.688496, 0.179863, 0.646439
2.281239, -0.693779, 0.176125, 0.648232
2.281719, -0.688820, 0.178013, 0.651093
2.282226, -0.688343, 0.174198, 0.653915
2.282732, -0.689507, 0.174217, 0.648460
2.283231, -0.691967, 0.176163, 0.644207
2.283680, -0.693378, 0.176487, 0.641155
2.284672, -0.697365, 0.167732, 0.646915
2.285194, -0.694256, 0.165672, 0.651112
2.285717, -0.693245, 0.164471, 0.648098
2.286195, -0.693607, 0.168400, 0.643883
2.286658, -0.696850, 0.169754, 0.643005
2.287179, -0.698833, 0.170250, 0.646210
2.287682, -0.693703, 0.166912, 0.645752
2.288145, -0.692787, 0.162811, 0.641689
2.288637, -0.695496, 0.169315, 0.640163
2.289146, -0.696754, 0.171871, 0.640221
2.289667, -0.692081, 0.176544, 0.638924
2.290179, -0.692673, 0.175819, 0.635071
2.290624, -0.692863, 0.174122, 0.630741
2.291129, -0.695133, 0.175514, 0.631771
2.291632, -0.695724, 0.173740, 0.636578
2.292127, -0.695019, 0.175629, 0.635834
2.292592, -0.699368, 0.176449, 0.628433
2.293091, -0.703621, 0.174580, 0.623550
2.293601, -0.707092, 0.166836, 0.627613
2.294119, -0.707550, 0.160122, 0.627823
2.294608, -0.708447, 0.158138, 0.635147
2.295099, -0.712318, 0.156155, 0.637760
2.295602, -0.709019, 0.157223, 0.636921
2.296076, -0.708122, 0.164032, 0.639820
2.296580, -0.708923, 0.166321, 0.637608
2.297083, -0.708256, 0.167561, 0.640831
2.297588, -0.709972, 0.159187, 0.646763
2.298091, -0.708752, 0.156326, 0.647945
2.298594, -0.707970, 0.151691, 0.653019
2.299083, -0.708313, 0.141907, 0.654259
2.300031, -0.706215, 0.149117, 0.654087
2.300569, -0.709515, 0.152969, 0.644760
2.301024, -0.709267, 0.148602, 0.640335
2.301528, -0.710735, 0.141354, 0.647736
2.302025, -0.710144, 0.134792, 0.654621
2.302520, -0.709686, 0.133247, 0.655708
2.303022, -0.709152, 0.136776, 0.646706
2.303506, -0.709877, 0.140343, 0.644665
2.304022, -0.713863, 0.138626, 0.641346
2.304513, -0.713615, 0.140228, 0.640755
2.305002, -0.713501, 0.143986, 0.641518
2.306031, -0.711842, 0.129337, 0.648441
2.306506, -0.713882, 0.131931, 0.647221
2.307004, -0.714130, 0.138302, 0.647507
2.307527, -0.713120, 0.139332, 0.645237
2.307963, -0.712280, 0.133057, 0.643806
2.308515, -0.711727, 0.128765, 0.649586
2.308956, -0.709095, 0.121403, 0.653172
2.309444, -0.711594, 0.117741, 0.659370
2.309967, -0.712471, 0.114365, 0.661545
2.310436, -0.709457, 0.118542, 0.661755
2.311466, -0.705814, 0.127888, 0.651512
2.312408, -0.700722, 0.127430, 0.656090
2.312948, -0.700932, 0.120869, 0.654774
2.313427, -0.700703, 0.121422, 0.649223
2.313934, -0.698872, 0.122967, 0.644646
2.314418, -0.702305, 0.126171, 0.642319
2.314904, -0.701618, 0.125904, 0.646839
2.315428, -0.701618, 0.123005, 0.649700
2.315927, -0.701008, 0.124035, 0.645924
2.316401, -0.700016, 0.119953, 0.639706
2.316876, -0.703030, 0.115242, 0.636578
2.317410, -0.703621, 0.116653, 0.640945
2.317892, -0.703430, 0.117741, 0.644283
2.318372, -0.705433, 0.112801, 0.643234
2.319361, -0.704021, 0.116196, 0.638561
2.319847, -0.704803, 0.112553, 0.638027
2.320385, -0.707550, 0.109158, 0.644035
2.320867, -0.704918, 0.104942, 0.645676
2.321345, -0.705452, 0.103951, 0.645752
2.321819, -0.707512, 0.104313, 0.644417
2.322356, -0.706406, 0.103188, 0.645905
2.322860, -0.705948, 0.102901, 0.646152
2.323854, -0.707359, 0.098553, 0.651569
2.324833, -0.704288, 0.098515, 0.652313
2.325292, -0.703850, 0.099926, 0.661335
2.325798, -0.700092, 0.101109, 0.668049
2.326286, -0.697308, 0.102444, 0.670414
2.327278, -0.697861, 0.102024, 0.672913
2.327794, -0.698509, 0.100327, 0.673828
2.328268, -0.694447, 0.097046, 0.674820
2.328786, -0.696392, 0.096931, 0.675392
2.329293, -0.699043, 0.092602, 0.671349
2.329870, -0.702286, 0.090294, 0.668678
2.330255, -0.699120, 0.091457, 0.667515
2.330810, -0.704479, 0.092869, 0.660648
2.331239, -0.707741, 0.091419, 0.657253
2.331766, -0.704536, 0.092468, 0.655022
2.332244, -0.712490, 0.088081, 0.656071
2.332730, -0.713520, 0.089836, 0.657845
2.333238, -0.714054, 0.092869, 0.654831
2.333721, -0.712013, 0.095119, 0.650768
2.334231, -0.712509, 0.100403, 0.648136
2.334735, -0.710850, 0.104790, 0.647507
2.335217, -0.711327, 0.110836, 0.646400
2.335707, -0.707169, 0.116863, 0.640564
2.336865, -0.705910, 0.122490, 0.636005
2.337218, -0.704784, 0.125618, 0.636196
2.337730, -0.707150, 0.126724, 0.634766
2.338209, -0.707684, 0.126896, 0.635357
2.338683, -0.707817, 0.128708, 0.636864
2.339691, -0.707493, 0.126190, 0.639629
2.341187, -0.704155, 0.125179, 0.647583
2.341677, -0.706921, 0.125313, 0.650826
2.342152, -0.704193, 0.124683, 0.652390
2.343216, -0.702343, 0.118790, 0.660419
2.343632, -0.696983, 0.118694, 0.659389
2.344161, -0.695953, 0.120811, 0.661526
2.344624, -0.696220, 0.119877, 0.662689
2.345144, -0.692406, 0.119781, 0.663834
2.345627, -0.692062, 0.119743, 0.665035
2.346103, -0.692425, 0.119286, 0.667801
2.346623, -0.692348, 0.118961, 0.670376
2.347087, -0.690479, 0.116577, 0.669060
2.347625, -0.689640, 0.111160, 0.667400
2.348149, -0.689125, 0.115032, 0.665054
2.348580, -0.689316, 0.114861, 0.666676
2.349132, -0.684872, 0.114594, 0.668297
2.349633, -0.687733, 0.113811, 0.667324
2.350124, -0.687695, 0.112038, 0.667496
2.350625, -0.690422, 0.110683, 0.666695
2.351098, -0.690403, 0.109673, 0.667019
2.351601, -0.686779, 0.111065, 0.664749
2.352091, -0.687542, 0.113926, 0.664978
2.352593, -0.690498, 0.111675, 0.662746
2.353097, -0.692959, 0.110989, 0.658607
2.353587, -0.696239, 0.110970, 0.657253
2.354111, -0.690155, 0.108089, 0.655861
2.354521, -0.693283, 0.108662, 0.652161
2.355024, -0.697060, 0.110416, 0.649204
2.355528, -0.697365, 0.115318, 0.646954
2.356031, -0.697174, 0.113106, 0.645714
2.356628, -0.700245, 0.111561, 0.646744
2.357010, -0.699730, 0.113163, 0.646362
2.357528, -0.702744, 0.112171, 0.644608
2.358032, -0.704517, 0.111904, 0.645542
2.358998, -0.704365, 0.113926, 0.647354
2.359500, -0.704575, 0.111961, 0.648689
2.359996, -0.705700, 0.116119, 0.649700
2.360491, -0.706635, 0.114899, 0.653057
2.360994, -0.705280, 0.115147, 0.655460
2.361499, -0.707550, 0.114555, 0.656147
2.362002, -0.708866, 0.115395, 0.658493
2.362446, -0.707207, 0.115395, 0.664387
2.362950, -0.707951, 0.115204, 0.669346
2.363457, -0.706463, 0.119553, 0.668240
2.363957, -0.705700, 0.118084, 0.670738
2.364461, -0.708332, 0.117874, 0.674934
2.364968, -0.705013, 0.121040, 0.674152
2.365944, -0.710011, 0.123920, 0.676785
2.366448, -0.710888, 0.127392, 0.678387
2.366950, -0.712433, 0.129166, 0.677738
2.367929, -0.709743, 0.133953, 0.675945
2.368432, -0.710621, 0.135574, 0.676098
2.368936, -0.713577, 0.137005, 0.677681
2.369382, -0.719776, 0.138741, 0.677242
2.369885, -0.716324, 0.133705, 0.674171
2.370416, -0.715981, 0.134296, 0.677795
2.371908, -0.725040, 0.137253, 0.680218
2.372368, -0.726891, 0.140114, 0.680141
2.372890, -0.726280, 0.141106, 0.679016
2.373380, -0.726891, 0.138493, 0.678711
2.373883, -0.728760, 0.135956, 0.678501
2.374372, -0.728664, 0.136795, 0.683041
2.374868, -0.726986, 0.141678, 0.683994
2.375369, -0.729198, 0.140343, 0.684643
2.375847, -0.726070, 0.138683, 0.688267
2.376362, -0.728226, 0.138588, 0.689564
2.376834, -0.724010, 0.140476, 0.689602
2.377307, -0.725956, 0.136909, 0.688915
2.377810, -0.727921, 0.135670, 0.693111
2.378343, -0.726528, 0.138073, 0.693951
2.378846, -0.726776, 0.137310, 0.692501
2.379292, -0.725460, 0.138741, 0.692387
2.379812, -0.728340, 0.138645, 0.691090
2.380314, -0.723038, 0.139599, 0.692005
2.380802, -0.720482, 0.137806, 0.690670
2.381306, -0.724411, 0.138187, 0.689564
2.381795, -0.726891, 0.136566, 0.688667
2.382280, -0.724735, 0.133610, 0.690117
2.382753, -0.725021, 0.131378, 0.686359
2.383294, -0.722008, 0.134106, 0.685596
2.383785, -0.725327, 0.130100, 0.685921
2.384242, -0.724049, 0.130291, 0.687351
2.384757, -0.724850, 0.132561, 0.682220
2.385275, -0.724087, 0.131626, 0.680370
2.385779, -0.720387, 0.130062, 0.677280
2.386224, -0.719757, 0.127354, 0.678005
2.386728, -0.716095, 0.130787, 0.677719
2.387220, -0.719223, 0.129700, 0.672302
2.387706, -0.716629, 0.128574, 0.670223
2.388229, -0.718193, 0.127525, 0.667877
2.388746, -0.718174, 0.127525, 0.666332
2.389211, -0.716896, 0.128231, 0.662708
2.389705, -0.716934, 0.125313, 0.662975
2.390223, -0.715561, 0.123100, 0.660477
2.390730, -0.712147, 0.124912, 0.659027
2.391230, -0.710850, 0.122471, 0.661163
2.391679, -0.709457, 0.120640, 0.658245
2.392214, -0.708771, 0.119305, 0.657387
2.392696, -0.704460, 0.115471, 0.656681
2.393177, -0.704441, 0.116863, 0.657139
2.393666, -0.704403, 0.115757, 0.656166
2.394171, -0.703125, 0.117378, 0.655231
2.394685, -0.695934, 0.116463, 0.655937
2.395344, -0.694771, 0.115166, 0.657368
2.395773, -0.697651, 0.115929, 0.656796
2.396274, -0.696907, 0.115681, 0.658569
2.396799, -0.697079, 0.117950, 0.655632
2.397240, -0.694637, 0.116329, 0.655575
2.397787, -0.694294, 0.120335, 0.655155
2.398246, -0.695934, 0.122814, 0.657940
2.398730, -0.696640, 0.122395, 0.659046
2.399300, -0.698624, 0.121212, 0.655136
2.399755, -0.699539, 0.120525, 0.652637
2.400272, -0.699787, 0.123005, 0.649738
2.400763, -0.698719, 0.122890, 0.652618
2.401311, -0.694275, 0.125217, 0.648403
2.401753, -0.700054, 0.129471, 0.649128
2.403187, -0.702934, 0.130825, 0.651875
2.403630, -0.701370, 0.132885, 0.652962
2.404089, -0.705280, 0.133343, 0.652962
2.404585, -0.702858, 0.134850, 0.649490
2.405050, -0.703354, 0.137653, 0.650959
2.405560, -0.702133, 0.142384, 0.651512
2.406061, -0.703239, 0.141869, 0.653629
2.406567, -0.702534, 0.143394, 0.650921
2.407031, -0.701103, 0.140038, 0.650196
2.407537, -0.702515, 0.142956, 0.649967
2.408029, -0.704308, 0.142345, 0.648899
2.408529, -0.702419, 0.146599, 0.653381
2.409035, -0.702629, 0.145569, 0.651112
2.409551, -0.706539, 0.141068, 0.652294
2.410007, -0.703640, 0.139599, 0.651550
2.410505, -0.706196, 0.141563, 0.649605
2.411030, -0.703449, 0.144405, 0.651760
2.411493, -0.704079, 0.146351, 0.653896
2.412004, -0.702057, 0.145950, 0.649204
2.412520, -0.701447, 0.147858, 0.647240
2.412998, -0.696297, 0.146770, 0.648518
2.413499, -0.697899, 0.150928, 0.648651
2.414020, -0.696392, 0.149422, 0.645924
2.414477, -0.694122, 0.149136, 0.646114
2.414980, -0.691910, 0.153351, 0.647144
2.415485, -0.691471, 0.151615, 0.645599
2.415988, -0.694141, 0.150185, 0.644989
2.416495, -0.696163, 0.153561, 0.645161
2.416941, -0.691605, 0.153790, 0.644970
2.417474, -0.691948, 0.153313, 0.647888
2.417976, -0.691528, 0.154800, 0.647755
2.418951, -0.690212, 0.156231, 0.645542
2.419470, -0.688934, 0.156784, 0.644379
2.419948, -0.686073, 0.153370, 0.645542
2.420418, -0.684853, 0.155201, 0.643635
2.420963, -0.686779, 0.157051, 0.641479
2.421414, -0.680504, 0.155811, 0.641994
2.421926, -0.682411, 0.158806, 0.641994
2.422436, -0.683422, 0.158253, 0.644283
2.422894, -0.682449, 0.159264, 0.643196
2.423415, -0.683422, 0.158997, 0.642109
2.423874, -0.684605, 0.160465, 0.641727
2.424403, -0.681362, 0.158958, 0.645084
2.424922, -0.680962, 0.159683, 0.644665
2.425373, -0.680943, 0.159664, 0.640583
2.425865, -0.679245, 0.160770, 0.637550
2.426368, -0.680428, 0.160980, 0.638561
2.426866, -0.678120, 0.160542, 0.637360
2.427370, -0.680294, 0.157623, 0.639572
2.427839, -0.678177, 0.161114, 0.637627
2.428345, -0.676842, 0.161037, 0.636482
2.428847, -0.679798, 0.161858, 0.635681
2.429355, -0.679970, 0.160046, 0.634251
2.429855, -0.678043, 0.160141, 0.632362
2.430348, -0.679665, 0.162735, 0.630226
2.430849, -0.679951, 0.163765, 0.627880
2.431341, -0.682030, 0.164165, 0.626373
2.432301, -0.677528, 0.163689, 0.622139
2.432811, -0.682240, 0.164795, 0.621605
2.433337, -0.682678, 0.165119, 0.619831
2.433811, -0.681591, 0.165520, 0.616798
2.434329, -0.677738, 0.166492, 0.614548
2.434772, -0.683613, 0.165653, 0.611572
2.435278, -0.680885, 0.165253, 0.612278
2.435780, -0.681362, 0.167313, 0.612583
2.436270, -0.682240, 0.167198, 0.611420
2.436772, -0.678177, 0.170002, 0.613575
2.437267, -0.677872, 0.168724, 0.613194
2.437781, -0.677242, 0.167961, 0.617599
2.438302, -0.676785, 0.164719, 0.618820
2.438749, -0.675621, 0.167904, 0.619259
2.439250, -0.676136, 0.166149, 0.623493
2.439776, -0.669308, 0.168438, 0.623436
2.440239, -0.669079, 0.167103, 0.624561
2.440730, -0.667171, 0.163860, 0.625954
2.441221, -0.667171, 0.166759, 0.624542
2.441751, -0.670414, 0.164337, 0.627441
2.442216, -0.671978, 0.164604, 0.631332
2.442739, -0.670242, 0.165291, 0.628948
2.443217, -0.670166, 0.161343, 0.628414
2.443755, -0.667572, 0.161114, 0.628643
2.444238, -0.669022, 0.160961, 0.629902
2.444757, -0.668316, 0.162697, 0.628796
2.445238, -0.669613, 0.163593, 0.626888
2.445734, -0.670280, 0.165310, 0.625687
2.446223, -0.670204, 0.164623, 0.628834
2.446758, -0.668545, 0.164452, 0.632305
2.447228, -0.672665, 0.167370, 0.629978
2.447720, -0.672569, 0.164318, 0.629005
2.448712, -0.672169, 0.164986, 0.628662
2.449143, -0.670242, 0.168438, 0.631332
2.449735, -0.672417, 0.168228, 0.630932
2.450210, -0.671978, 0.168972, 0.632000
2.451726, -0.670147, 0.163078, 0.633068
2.452151, -0.670090, 0.165596, 0.637245
2.452618, -0.671234, 0.168705, 0.639114
2.453152, -0.672703, 0.172348, 0.630169
2.453617, -0.677185, 0.170307, 0.626583
2.454119, -0.679169, 0.164299, 0.629616
2.454591, -0.675354, 0.163231, 0.635223
2.455124, -0.673046, 0.162945, 0.641346
2.455587, -0.672398, 0.165768, 0.639553
2.456090, -0.676937, 0.163574, 0.639362
2.456593, -0.674896, 0.167484, 0.637035
2.457097, -0.679855, 0.168800, 0.636921
2.457602, -0.677910, 0.167465, 0.643177
2.458106, -0.674973, 0.165634, 0.643940
2.458599, -0.673008, 0.166588, 0.645332
2.459094, -0.677814, 0.165157, 0.641155
2.459544, -0.679264, 0.162449, 0.639763
2.460050, -0.680027, 0.163345, 0.641613
2.460535, -0.677147, 0.161018, 0.647068
2.461038, -0.678539, 0.156593, 0.646858
2.461547, -0.680065, 0.158386, 0.641747
2.462151, -0.684967, 0.159988, 0.641747
2.462571, -0.681171, 0.164642, 0.645504
2.463027, -0.677719, 0.163269, 0.651684
2.463547, -0.682259, 0.163555, 0.650539
2.464538, -0.687332, 0.161972, 0.645809
2.465045, -0.683689, 0.158482, 0.644836
2.466038, -0.685482, 0.163231, 0.647774
2.466476, -0.686016, 0.165768, 0.643711
2.467031, -0.685234, 0.159416, 0.641365
2.467519, -0.688686, 0.153217, 0.639935
2.467990, -0.688229, 0.152760, 0.643139
2.468497, -0.687332, 0.155449, 0.647202
2.468994, -0.687542, 0.159645, 0.649071
2.469516, -0.686531, 0.155697, 0.646896
2.469959, -0.688705, 0.152206, 0.642338
2.470475, -0.691166, 0.151958, 0.635376
2.471467, -0.690594, 0.144444, 0.644608
2.472435, -0.688286, 0.142899, 0.641422
2.472924, -0.690479, 0.139790, 0.639954
2.473441, -0.691624, 0.136776, 0.643539
2.473924, -0.691566, 0.133991, 0.650558
2.474431, -0.690498, 0.133343, 0.651875
2.474936, -0.689526, 0.132217, 0.651054
2.475431, -0.692139, 0.130196, 0.651970
2.475928, -0.689335, 0.135136, 0.652981
2.476391, -0.687923, 0.132179, 0.652943
2.476902, -0.687714, 0.129738, 0.655270
2.477379, -0.690746, 0.124855, 0.652962
2.477913, -0.690594, 0.123386, 0.658245
2.478386, -0.695839, 0.125942, 0.659504
2.478878, -0.693626, 0.129337, 0.661182
2.479384, -0.694180, 0.125809, 0.660686
2.479902, -0.692883, 0.127430, 0.663052
2.480376, -0.698242, 0.124912, 0.663776
2.480877, -0.699158, 0.128670, 0.667496
2.481381, -0.703735, 0.126438, 0.667591
2.481884, -0.704956, 0.126915, 0.670929
2.482331, -0.703907, 0.129280, 0.670242
2.482847, -0.705605, 0.130310, 0.665474
2.483352, -0.712528, 0.130672, 0.665188
2.483826, -0.712757, 0.132103, 0.670509
2.484352, -0.711861, 0.128880, 0.671406
2.485322, -0.715866, 0.131073, 0.672874
2.485830, -0.715637, 0.131893, 0.674744
2.486349, -0.713215, 0.129719, 0.675964
2.486803, -0.713692, 0.126495, 0.676785
2.487327, -0.713310, 0.126019, 0.678806
2.487784, -0.715561, 0.123672, 0.679092
2.488289, -0.718670, 0.124969, 0.675411
2.488792, -0.718899, 0.125847, 0.677242
2.489284, -0.720558, 0.126438, 0.676003
2.489803, -0.717201, 0.127602, 0.676613
2.490299, -0.720406, 0.125771, 0.676346
2.490807, -0.726013, 0.128422, 0.676689
2.491321, -0.721359, 0.128994, 0.678234
2.491778, -0.721436, 0.122223, 0.679665
2.492275, -0.723419, 0.119209, 0.683002
2.492831, -0.723629, 0.122280, 0.683632
2.493270, -0.725460, 0.124226, 0.682869
2.493775, -0.724525, 0.123997, 0.684490
2.494269, -0.726471, 0.124588, 0.683937
2.495323, -0.721645, 0.124626, 0.686092
2.495706, -0.724258, 0.126171, 0.681210
2.496211, -0.725517, 0.129204, 0.684338
2.496713, -0.728359, 0.128956, 0.688667
2.497276, -0.724659, 0.125160, 0.689220
2.497780, -0.724945, 0.126152, 0.688038
2.498284, -0.723419, 0.128784, 0.688171
2.498787, -0.720921, 0.128670, 0.686855
2.499707, -0.726280, 0.126324, 0.688858
2.500209, -0.727940, 0.126743, 0.691471
2.500714, -0.721779, 0.128632, 0.689526
2.501158, -0.721169, 0.127048, 0.687122
2.501665, -0.725574, 0.124931, 0.685139
2.502165, -0.725822, 0.122795, 0.690117
2.502670, -0.729313, 0.121536, 0.691204
2.503164, -0.724125, 0.124454, 0.687218
2.503675, -0.723152, 0.124722, 0.684013
2.504164, -0.722790, 0.125713, 0.686760
2.504653, -0.722313, 0.126534, 0.689754
2.505148, -0.720100, 0.123806, 0.686207
2.506613, -0.717163, 0.126095, 0.682869
2.507104, -0.716915, 0.123825, 0.681915
2.507601, -0.719872, 0.118160, 0.684433
2.508136, -0.719337, 0.115757, 0.683155
2.508608, -0.716877, 0.113087, 0.681362
2.509126, -0.715408, 0.113487, 0.677509
2.509592, -0.714092, 0.112247, 0.674839
2.510116, -0.715675, 0.116405, 0.675240
2.510591, -0.719261, 0.119953, 0.674648
2.511069, -0.718803, 0.119743, 0.669155
2.511601, -0.722427, 0.121994, 0.661259
2.512080, -0.726032, 0.119152, 0.660381
2.512565, -0.721722, 0.117035, 0.659046
2.513048, -0.722046, 0.116386, 0.659199
2.513580, -0.721245, 0.117989, 0.655136
2.514064, -0.723743, 0.118923, 0.655022
2.514553, -0.724602, 0.123482, 0.656891
2.515025, -0.721321, 0.127144, 0.653248
2.515568, -0.718861, 0.121784, 0.652065
2.516062, -0.720520, 0.116539, 0.655022
2.516535, -0.719109, 0.116711, 0.659065
2.517023, -0.715065, 0.121117, 0.658627
2.517513, -0.719872, 0.119076, 0.656700
2.518007, -0.715561, 0.120144, 0.653610
2.518537, -0.715809, 0.121098, 0.653114
2.519004, -0.717030, 0.118446, 0.651474
2.519490, -0.715351, 0.117149, 0.650253
2.520024, -0.714779, 0.113544, 0.658970
2.520497, -0.710163, 0.114212, 0.662746
2.520979, -0.708332, 0.114384, 0.662746
2.521517, -0.708618, 0.113754, 0.655422
2.521973, -0.707874, 0.112762, 0.654087
2.522475, -0.711594, 0.112724, 0.653687
2.522980, -0.707245, 0.112705, 0.662079
2.523483, -0.705090, 0.117664, 0.662994
2.523944, -0.702820, 0.116692, 0.662670
2.524965, -0.703220, 0.114746, 0.658588
2.525458, -0.702267, 0.110970, 0.663013
2.525940, -0.703316, 0.113239, 0.668430
2.526427, -0.702801, 0.121708, 0.666351
2.526924, -0.699844, 0.122719, 0.660667
2.527426, -0.700359, 0.118008, 0.654469
2.527918, -0.703926, 0.114079, 0.658798
2.528436, -0.701656, 0.117855, 0.663548
2.528910, -0.698891, 0.119438, 0.667915
2.529477, -0.700359, 0.123959, 0.669041
2.529993, -0.698318, 0.125103, 0.664654
2.530460, -0.701714, 0.124493, 0.658913
2.530907, -0.696831, 0.124397, 0.655174
2.531438, -0.694351, 0.128860, 0.656662
2.532030, -0.700550, 0.132256, 0.664024
2.532453, -0.700874, 0.132027, 0.663490
2.532878, -0.697498, 0.134087, 0.661736
2.533457, -0.696144, 0.127163, 0.660801
2.534024, -0.698223, 0.122528, 0.661907
2.534378, -0.697174, 0.124836, 0.665722
2.534983, -0.697517, 0.129642, 0.662994
2.535448, -0.697269, 0.136700, 0.664425
2.535974, -0.697689, 0.142117, 0.658855
2.536387, -0.697479, 0.139866, 0.650520
2.536846, -0.698395, 0.136261, 0.652409
2.537367, -0.698795, 0.131779, 0.657158
2.537827, -0.701427, 0.133228, 0.658073
2.538372, -0.698853, 0.141964, 0.658588
2.538832, -0.698872, 0.143433, 0.655136
2.539349, -0.695400, 0.144978, 0.651188
2.539875, -0.695133, 0.141258, 0.640469
2.540329, -0.697117, 0.140991, 0.647125
2.540943, -0.698681, 0.144386, 0.654545
2.541330, -0.696354, 0.147972, 0.657063
2.541877, -0.696678, 0.150928, 0.657864
2.542343, -0.697803, 0.147057, 0.649261
2.542849, -0.696201, 0.143108, 0.643635
2.543360, -0.697002, 0.140724, 0.644474
2.543794, -0.697651, 0.143375, 0.655155
2.544330, -0.689487, 0.153618, 0.661755
2.544846, -0.694714, 0.156136, 0.650959
2.545253, -0.695438, 0.152149, 0.640106
2.545834, -0.691395, 0.146999, 0.638790
2.546249, -0.693607, 0.141907, 0.649242
2.546739, -0.692921, 0.144901, 0.655041
2.547232, -0.693035, 0.149384, 0.654583
2.547770, -0.692463, 0.153084, 0.650387
2.548269, -0.693054, 0.153675, 0.640602
2.549246, -0.689278, 0.148315, 0.645275
2.549753, -0.686531, 0.148869, 0.647812
2.550731, -0.688953, 0.154057, 0.639458
2.551233, -0.686378, 0.155487, 0.633602
2.551737, -0.684147, 0.154457, 0.637875
2.552713, -0.683575, 0.151978, 0.642262
2.553216, -0.682316, 0.146751, 0.642662
2.553721, -0.683804, 0.146255, 0.643368
2.554210, -0.679436, 0.149708, 0.640945
2.554713, -0.678902, 0.155106, 0.647030
2.555158, -0.681973, 0.157509, 0.642776
2.555664, -0.684280, 0.156841, 0.641441
2.556166, -0.682201, 0.156021, 0.642395
2.556669, -0.682011, 0.152283, 0.645752
2.557172, -0.682602, 0.152683, 0.647392
2.557679, -0.681725, 0.157433, 0.644016
2.558169, -0.680065, 0.163803, 0.641136
2.558669, -0.680523, 0.162239, 0.639706
2.559159, -0.682793, 0.159206, 0.641022
2.559649, -0.682297, 0.158920, 0.644112
2.560144, -0.683098, 0.154686, 0.651588
2.560642, -0.679779, 0.152874, 0.653706
2.561143, -0.683327, 0.158539, 0.649109
2.562120, -0.682793, 0.166893, 0.642147
2.562639, -0.684013, 0.163155, 0.642853
2.563084, -0.684471, 0.162868, 0.642738
2.563590, -0.684662, 0.163116, 0.643692
2.564107, -0.682926, 0.158958, 0.649338
2.564612, -0.683746, 0.160618, 0.650864
2.565114, -0.686398, 0.164795, 0.650196
2.565562, -0.684242, 0.165920, 0.648041
2.566061, -0.686207, 0.163155, 0.647068
2.566567, -0.686302, 0.163460, 0.649300
2.567069, -0.686760, 0.164261, 0.651951
2.567572, -0.688038, 0.160370, 0.655727
2.568076, -0.688286, 0.158005, 0.659866
2.568579, -0.689507, 0.157204, 0.655804
2.569061, -0.689983, 0.160561, 0.658627
2.569567, -0.686703, 0.157661, 0.658970
2.570025, -0.687885, 0.155220, 0.660324
2.570534, -0.685825, 0.155296, 0.661106
2.571048, -0.688324, 0.151443, 0.660839
2.571520, -0.692749, 0.148716, 0.659733
2.572004, -0.693588, 0.151691, 0.661640
2.573043, -0.690174, 0.149345, 0.666294
2.573514, -0.693302, 0.150986, 0.661869
2.574506, -0.692310, 0.146942, 0.658894
2.574984, -0.694256, 0.146179, 0.660343
2.575997, -0.693779, 0.142994, 0.662231
2.576487, -0.691586, 0.143299, 0.663376
2.576951, -0.690689, 0.142632, 0.658398
2.577498, -0.693455, 0.143032, 0.661011
2.577943, -0.693607, 0.142307, 0.659981
2.578447, -0.690708, 0.139771, 0.655632
2.578940, -0.693378, 0.139942, 0.653496
2.579438, -0.692959, 0.141182, 0.651646
2.579931, -0.690289, 0.141430, 0.650539
2.580423, -0.691395, 0.143528, 0.653152
2.580964, -0.698013, 0.143509, 0.651970
2.581438, -0.696602, 0.142746, 0.651283
2.581927, -0.693417, 0.140877, 0.649529
2.582445, -0.697594, 0.137978, 0.648651
2.582919, -0.695381, 0.141258, 0.642509
2.583438, -0.696564, 0.143795, 0.642166
2.583938, -0.696030, 0.144558, 0.642300
2.584432, -0.700569, 0.141525, 0.637817
2.584938, -0.700169, 0.141335, 0.637646
2.585441, -0.701180, 0.143318, 0.640774
2.585992, -0.701752, 0.146275, 0.642319
2.586405, -0.702114, 0.146198, 0.638695
2.586924, -0.702801, 0.148029, 0.634670
2.587397, -0.704041, 0.148888, 0.639095
2.587926, -0.700111, 0.149536, 0.643692
2.588417, -0.704403, 0.150890, 0.646152
2.588921, -0.700054, 0.152645, 0.645123
2.589430, -0.702381, 0.155449, 0.647049
2.589912, -0.702915, 0.152817, 0.645199
2.590327, -0.704403, 0.151501, 0.645046
2.590901, -0.701599, 0.155277, 0.645123
2.591387, -0.702019, 0.155411, 0.647278
2.591867, -0.701771, 0.153751, 0.648537
2.592312, -0.702839, 0.154953, 0.648632
2.592864, -0.702610, 0.153580, 0.648613
2.593308, -0.702324, 0.152988, 0.648499
2.593798, -0.704708, 0.152836, 0.651245
2.594301, -0.704937, 0.153904, 0.656414
2.594835, -0.699329, 0.153141, 0.656033
2.595321, -0.701637, 0.149994, 0.654831
2.595797, -0.704098, 0.152283, 0.650749
2.596284, -0.701351, 0.152721, 0.650616
2.596805, -0.700855, 0.151596, 0.652561
2.597292, -0.699387, 0.149879, 0.648975
2.597808, -0.700626, 0.149899, 0.649509
2.598257, -0.700874, 0.152016, 0.646210
2.598802, -0.700474, 0.153141, 0.648746
2.599292, -0.700665, 0.155277, 0.647774
2.599740, -0.698719, 0.154324, 0.650501
2.600287, -0.699329, 0.154266, 0.648823
2.600760, -0.700474, 0.156078, 0.648556
2.601231, -0.696201, 0.156384, 0.651989
2.601741, -0.698032, 0.152035, 0.652237
2.602268, -0.697155, 0.150280, 0.650349
2.602713, -0.696735, 0.146694, 0.652103
2.603247, -0.695724, 0.149937, 0.652561
2.603707, -0.697346, 0.151615, 0.647812
2.604220, -0.700722, 0.153694, 0.643902
2.604734, -0.696335, 0.152760, 0.644417
2.605202, -0.696812, 0.147820, 0.643749
2.605736, -0.694256, 0.145798, 0.643578
2.606209, -0.697823, 0.145054, 0.644550
2.606683, -0.702229, 0.148087, 0.640106
2.607210, -0.701180, 0.151749, 0.636234
2.607676, -0.700436, 0.146465, 0.636253
2.608209, -0.700722, 0.147057, 0.637932
2.608673, -0.701275, 0.147552, 0.638771
2.609185, -0.697575, 0.146523, 0.638618
2.609684, -0.698242, 0.146255, 0.636501
2.610153, -0.699596, 0.151806, 0.637836
2.610657, -0.693588, 0.153427, 0.639629
2.611138, -0.693760, 0.154057, 0.636673
2.611676, -0.692749, 0.153198, 0.637321
2.612165, -0.692787, 0.155869, 0.639381
2.612655, -0.689945, 0.155888, 0.640068
2.613162, -0.685406, 0.155411, 0.638275
2.613618, -0.683136, 0.155201, 0.640945
2.614138, -0.683537, 0.154114, 0.640678
2.614654, -0.686054, 0.155849, 0.642529
2.615099, -0.681744, 0.155945, 0.643597
2.615608, -0.680618, 0.156155, 0.643883
2.616114, -0.681477, 0.157871, 0.634384
2.616640, -0.681362, 0.159721, 0.634575
2.617084, -0.687256, 0.159531, 0.636082
2.617605, -0.684052, 0.160027, 0.638103
2.618112, -0.680962, 0.153923, 0.635986
2.619563, -0.684376, 0.160770, 0.639687
2.620069, -0.679016, 0.159664, 0.642414
2.620582, -0.684166, 0.154533, 0.641232
2.621087, -0.680351, 0.151215, 0.644112
2.621543, -0.682125, 0.155125, 0.642185
2.622047, -0.676327, 0.156116, 0.639515
2.622570, -0.678043, 0.159016, 0.639076
2.623083, -0.682793, 0.158253, 0.640354
2.623544, -0.682430, 0.153866, 0.642910
2.624050, -0.681648, 0.150681, 0.644588
2.624515, -0.682297, 0.150318, 0.648861
2.625025, -0.684109, 0.153351, 0.653114
2.625513, -0.682755, 0.150280, 0.649147
2.626020, -0.681667, 0.153599, 0.648556
2.626519, -0.680580, 0.155582, 0.648918
2.627033, -0.681801, 0.152340, 0.647411
2.627532, -0.684128, 0.149422, 0.649414
2.628033, -0.686569, 0.148716, 0.650902
2.628477, -0.682507, 0.150433, 0.651073
2.628980, -0.678520, 0.152359, 0.649395
2.629469, -0.685463, 0.150986, 0.650558
2.630490, -0.685463, 0.154514, 0.651722
2.630997, -0.685825, 0.156479, 0.654583
2.631453, -0.683632, 0.155220, 0.652962
2.631967, -0.683861, 0.151634, 0.657139
2.632491, -0.687027, 0.151863, 0.656319
2.633039, -0.687199, 0.155830, 0.655022
2.633928, -0.686417, 0.155430, 0.653534
2.634433, -0.686378, 0.153732, 0.656090
2.634933, -0.684395, 0.154667, 0.655308
2.635425, -0.689659, 0.155563, 0.655994
2.635926, -0.690784, 0.151234, 0.657711
2.636472, -0.686665, 0.154915, 0.657387
2.636956, -0.687389, 0.152683, 0.657005
2.637389, -0.688553, 0.152473, 0.660305
2.637938, -0.691624, 0.150700, 0.658760
2.638431, -0.692806, 0.150280, 0.658741
2.638925, -0.690765, 0.150433, 0.655575
2.639420, -0.693111, 0.150013, 0.653706
2.639942, -0.695267, 0.149822, 0.655079
2.640371, -0.695820, 0.149288, 0.658207
2.640925, -0.697441, 0.151711, 0.660000
2.641363, -0.693340, 0.149536, 0.658436
2.641882, -0.698109, 0.147057, 0.662041
2.642388, -0.696869, 0.148907, 0.660172
2.642840, -0.697041, 0.150719, 0.659351
2.643342, -0.692654, 0.147724, 0.659885
2.643866, -0.694084, 0.148354, 0.661907
2.644342, -0.696049, 0.148506, 0.660248
2.644872, -0.697479, 0.150452, 0.662041
2.645324, -0.699024, 0.154018, 0.663280
2.645853, -0.700397, 0.153065, 0.664864
2.646314, -0.692940, 0.153198, 0.667133
2.646841, -0.695953, 0.148106, 0.665874
2.647349, -0.695534, 0.146847, 0.664940
2.647816, -0.695972, 0.149841, 0.667267
2.648326, -0.694237, 0.149288, 0.665932
2.649292, -0.696640, 0.148067, 0.665226
2.649813, -0.698757, 0.147171, 0.664692
2.650281, -0.700722, 0.147896, 0.665798
2.650793, -0.698910, 0.145569, 0.665569
2.651775, -0.703011, 0.151310, 0.662117
2.652293, -0.703583, 0.150757, 0.662575
2.652756, -0.706120, 0.152321, 0.662594
2.653276, -0.705395, 0.147896, 0.660820
2.653810, -0.704727, 0.151615, 0.658092
2.654753, -0.707130, 0.153141, 0.660381
2.655239, -0.704918, 0.151615, 0.661697
2.656224, -0.705585, 0.148735, 0.665512
2.656728, -0.704060, 0.151844, 0.668106
2.657231, -0.703564, 0.151672, 0.670624
2.657734, -0.702248, 0.147686, 0.667591
2.658224, -0.705624, 0.146637, 0.669746
2.658701, -0.702782, 0.147877, 0.667839
2.659226, -0.703602, 0.146713, 0.669708
2.659699, -0.704918, 0.147972, 0.667458
2.660200, -0.702286, 0.144215, 0.666962
2.660712, -0.705242, 0.142212, 0.666485
2.661201, -0.704269, 0.143204, 0.666962
2.662165, -0.703697, 0.138798, 0.667629
2.662692, -0.703697, 0.137444, 0.668125
2.663164, -0.708828, 0.136890, 0.664272
2.663666, -0.708122, 0.137539, 0.665646
2.664144, -0.707912, 0.138664, 0.663967
2.664661, -0.702896, 0.136013, 0.664139
2.665152, -0.702419, 0.132046, 0.664520
2.665632, -0.704632, 0.134525, 0.665512
2.666149, -0.702705, 0.133915, 0.664215
2.666657, -0.702744, 0.133781, 0.661221
2.667133, -0.702896, 0.137215, 0.659256
2.667621, -0.703259, 0.133190, 0.660572
2.668121, -0.702744, 0.132694, 0.660229
2.668627, -0.704212, 0.133190, 0.658779
2.669123, -0.704174, 0.133934, 0.659580
2.669618, -0.703602, 0.135880, 0.657864
2.670093, -0.701942, 0.137482, 0.656376
2.670600, -0.703869, 0.135441, 0.657902
2.671127, -0.701408, 0.135612, 0.658360
2.671576, -0.701447, 0.137253, 0.657463
2.672111, -0.701141, 0.134010, 0.659752
2.672610, -0.704460, 0.133629, 0.661430
2.673097, -0.703030, 0.134506, 0.659313
2.673563, -0.701141, 0.133133, 0.661392
2.674091, -0.701141, 0.132656, 0.660744
2.674549, -0.701046, 0.130634, 0.663357
2.675053, -0.703335, 0.127258, 0.661926
2.675568, -0.699539, 0.128822, 0.662041
2.676076, -0.700550, 0.129471, 0.662689
2.676532, -0.700417, 0.129604, 0.664330
2.677057, -0.699692, 0.131531, 0.661869
2.677528, -0.702438, 0.126667, 0.661030
2.678031, -0.700340, 0.131912, 0.663319
2.678536, -0.697231, 0.127373, 0.661259
2.679039, -0.699043, 0.128212, 0.659904
2.679536, -0.696907, 0.128288, 0.660954
2.680033, -0.695343, 0.130920, 0.660191
2.680507, -0.702343, 0.132065, 0.659351
2.681499, -0.700417, 0.133419, 0.656147
2.682007, -0.702591, 0.135117, 0.655003
2.682506, -0.700741, 0.138035, 0.657196
2.683009, -0.699558, 0.140438, 0.652142
2.683516, -0.704269, 0.141544, 0.652218
2.684033, -0.703297, 0.143566, 0.651340
2.684535, -0.700436, 0.144920, 0.651112
2.684951, -0.700378, 0.145569, 0.651150
2.685483, -0.699253, 0.148621, 0.650234
2.685988, -0.701809, 0.152416, 0.649586
2.687046, -0.701008, 0.152645, 0.646286
2.687439, -0.702972, 0.152378, 0.645885
2.687943, -0.700245, 0.155506, 0.648041
2.688446, -0.701656, 0.155182, 0.647697
2.688950, -0.705185, 0.154705, 0.646477
2.689460, -0.705509, 0.161171, 0.645924
2.690433, -0.704670, 0.158272, 0.649223
2.691429, -0.701122, 0.159321, 0.649338
2.691928, -0.700760, 0.160065, 0.649433
2.692429, -0.702152, 0.161839, 0.647564
2.692919, -0.699558, 0.158844, 0.649834
2.693407, -0.697594, 0.158749, 0.650043
2.693918, -0.700054, 0.156784, 0.650921
2.694374, -0.700626, 0.158901, 0.652924
2.694877, -0.698757, 0.156250, 0.651188
2.695381, -0.696754, 0.153160, 0.649853
2.695885, -0.695953, 0.154362, 0.652885
2.696388, -0.694504, 0.156116, 0.652504
2.696891, -0.693264, 0.154552, 0.649605
2.697336, -0.692692, 0.151329, 0.650253
2.697840, -0.690460, 0.152493, 0.650368
2.698343, -0.689888, 0.154209, 0.647717
2.698847, -0.690975, 0.150833, 0.646152
2.699350, -0.688114, 0.148544, 0.647831
2.699855, -0.685883, 0.146313, 0.650501
2.700357, -0.685101, 0.143509, 0.650768
2.700802, -0.688343, 0.144444, 0.652599
2.701306, -0.685863, 0.144253, 0.654182
2.701809, -0.685558, 0.146103, 0.653591
2.702313, -0.683327, 0.147171, 0.656338
2.702817, -0.686493, 0.146618, 0.656624
2.703321, -0.694542, 0.148582, 0.654736
2.703809, -0.690765, 0.152435, 0.654297
2.704278, -0.690594, 0.150566, 0.654850
2.704783, -0.690708, 0.152493, 0.654316
2.705293, -0.690441, 0.154457, 0.653782
2.705789, -0.691719, 0.152416, 0.653610
2.706282, -0.695400, 0.153408, 0.652256
2.706756, -0.696964, 0.153294, 0.651474
2.707261, -0.694199, 0.158482, 0.650291
2.707766, -0.697441, 0.160904, 0.650368
2.708283, -0.697803, 0.158710, 0.652580
2.708744, -0.696106, 0.159626, 0.650787
2.709264, -0.696487, 0.159225, 0.647621
2.709741, -0.692062, 0.161228, 0.643692
2.710254, -0.694866, 0.160446, 0.642529
2.710738, -0.698414, 0.160351, 0.645046
2.711212, -0.698643, 0.159416, 0.646687
2.711704, -0.694466, 0.158596, 0.645561
2.712208, -0.693130, 0.160408, 0.649796
2.712693, -0.697708, 0.160255, 0.647011
2.713705, -0.696201, 0.158844, 0.650711
2.714193, -0.692730, 0.157223, 0.652313
2.714713, -0.693169, 0.159988, 0.652752
2.715183, -0.695896, 0.165539, 0.652618
2.715660, -0.692348, 0.166168, 0.654202
2.716209, -0.697384, 0.158501, 0.656815
2.716685, -0.697765, 0.163002, 0.658360
2.717186, -0.699215, 0.161896, 0.656376
2.717671, -0.695229, 0.163002, 0.657997
2.718144, -0.693970, 0.162945, 0.659599
2.718674, -0.696831, 0.167313, 0.660343
2.719145, -0.694618, 0.167770, 0.661449
2.719646, -0.693531, 0.171471, 0.660992
2.720139, -0.694447, 0.170517, 0.660534
2.720667, -0.696411, 0.170002, 0.659637
2.721153, -0.694466, 0.166855, 0.657864
2.721631, -0.692539, 0.166168, 0.658722
2.722121, -0.690765, 0.167561, 0.657349
2.722623, -0.690899, 0.163345, 0.660572
2.723102, -0.691509, 0.160446, 0.659733
2.723601, -0.692043, 0.163498, 0.657864
2.724120, -0.690937, 0.163612, 0.656471
2.724583, -0.692577, 0.164375, 0.654869
2.725100, -0.693302, 0.166092, 0.654888
2.725581, -0.688057, 0.163059, 0.653954
2.726117, -0.688171, 0.160694, 0.654869
2.726618, -0.689754, 0.159893, 0.653629
2.727125, -0.686703, 0.161438, 0.654774
2.727577, -0.688457, 0.157928, 0.655212
2.728092, -0.688992, 0.162182, 0.653343
2.728613, -0.688095, 0.162716, 0.653305
2.729113, -0.685921, 0.163383, 0.653820
2.729617, -0.687428, 0.160656, 0.655708
2.730380, -0.685654, 0.161953, 0.656223
2.730599, -0.687561, 0.164032, 0.652008
2.731112, -0.684795, 0.165672, 0.651016
2.731755, -0.685806, 0.165100, 0.651970
2.732150, -0.685730, 0.166817, 0.650043
2.732761, -0.682011, 0.168743, 0.650158
2.733127, -0.684338, 0.168514, 0.651054
2.733707, -0.686874, 0.171471, 0.653572
2.734826, -0.687599, 0.170155, 0.654202
2.735058, -0.687370, 0.169468, 0.653820
2.735637, -0.688972, 0.167656, 0.651989
2.735977, -0.689545, 0.168495, 0.651207
2.736489, -0.689468, 0.168285, 0.654068
2.736971, -0.689678, 0.169239, 0.655537
2.737473, -0.691452, 0.168610, 0.657482
2.737989, -0.690269, 0.170002, 0.657883
2.738456, -0.690022, 0.171719, 0.658264
2.738982, -0.690479, 0.170822, 0.659561
2.739956, -0.693684, 0.164719, 0.651131
2.740453, -0.692253, 0.161438, 0.655632
2.741423, -0.691700, 0.165386, 0.658474
2.741951, -0.695953, 0.166550, 0.658684
2.742455, -0.695267, 0.166798, 0.656967
2.743441, -0.694389, 0.163383, 0.658417
2.743922, -0.688019, 0.164700, 0.659866
2.744401, -0.691700, 0.160160, 0.662022
2.744921, -0.692062, 0.160542, 0.661583
2.745886, -0.695076, 0.162487, 0.656414
2.746405, -0.697327, 0.160370, 0.657616
2.746921, -0.694923, 0.157852, 0.661602
2.747380, -0.694218, 0.149555, 0.663395
2.747869, -0.693092, 0.150986, 0.665493
2.748374, -0.690041, 0.155144, 0.665073
2.748891, -0.690765, 0.152283, 0.665836
2.749397, -0.692253, 0.153160, 0.661640
2.749854, -0.693207, 0.151711, 0.661716
2.750358, -0.693264, 0.148411, 0.662422
2.750862, -0.693779, 0.143833, 0.660362
2.751366, -0.696297, 0.141983, 0.659943
2.751868, -0.692253, 0.143414, 0.659981
2.752372, -0.695400, 0.145340, 0.660038
2.752817, -0.692940, 0.145168, 0.661755
2.753321, -0.693874, 0.143147, 0.662384
2.753854, -0.695152, 0.145130, 0.660305
2.754832, -0.699444, 0.141754, 0.656853
2.755335, -0.700798, 0.138664, 0.661182
2.755795, -0.699558, 0.138569, 0.663204
2.756830, -0.696831, 0.142384, 0.661259
2.757277, -0.694580, 0.141659, 0.660744
2.757786, -0.694313, 0.141678, 0.663452
2.758300, -0.697880, 0.141525, 0.660591
2.758789, -0.694885, 0.138817, 0.661240
2.759275, -0.694160, 0.137177, 0.661812
2.759767, -0.697517, 0.139065, 0.661106
2.760262, -0.700321, 0.143089, 0.656834
2.760758, -0.697479, 0.139217, 0.660038
2.761264, -0.697689, 0.137539, 0.663834
2.761766, -0.697403, 0.133648, 0.664787
2.762269, -0.693970, 0.131073, 0.661659
2.762772, -0.695457, 0.132484, 0.657253
2.763264, -0.696297, 0.133839, 0.659199
2.763782, -0.698357, 0.131245, 0.662670
2.764226, -0.698051, 0.130024, 0.662479
2.764728, -0.697632, 0.128193, 0.663795
2.765233, -0.698547, 0.127945, 0.659370
2.766240, -0.699711, 0.126648, 0.662632
2.766700, -0.698395, 0.125732, 0.664558
2.767203, -0.697327, 0.122147, 0.660915
2.767706, -0.693035, 0.122757, 0.660210
2.768227, -0.696220, 0.119896, 0.660267
2.768684, -0.696735, 0.118256, 0.661545
2.769206, -0.702724, 0.112591, 0.658360
2.769709, -0.703735, 0.113487, 0.659351
2.770210, -0.699883, 0.111790, 0.658379
2.770654, -0.704250, 0.111084, 0.658798
2.771175, -0.702038, 0.110569, 0.655994
2.771687, -0.699825, 0.107059, 0.653973
2.772144, -0.700016, 0.106621, 0.653954
2.772649, -0.697212, 0.103455, 0.654144
2.773128, -0.698109, 0.104847, 0.655003
2.773691, -0.699387, 0.106544, 0.655403
2.774153, -0.695953, 0.104809, 0.655556
2.774650, -0.696716, 0.106373, 0.652218
2.775140, -0.695820, 0.104656, 0.649796
2.775681, -0.696087, 0.110397, 0.649776
2.776143, -0.696220, 0.109825, 0.649242
2.776675, -0.697727, 0.105782, 0.651894
2.777123, -0.693855, 0.108833, 0.650883
2.777651, -0.693512, 0.110455, 0.650635
2.778143, -0.694180, 0.112267, 0.650234
2.778673, -0.695610, 0.111752, 0.650349
2.779160, -0.692787, 0.113144, 0.648365
2.779663, -0.694008, 0.111752, 0.648880
2.780164, -0.695381, 0.113201, 0.650883
2.780670, -0.692902, 0.114403, 0.650234
2.781570, -0.694866, 0.120583, 0.653114
2.782146, -0.696411, 0.120182, 0.654430
2.782566, -0.692215, 0.124416, 0.653954
2.783038, -0.693398, 0.122547, 0.656166
2.783557, -0.691586, 0.122871, 0.652351
2.784054, -0.691376, 0.122108, 0.652161
2.784534, -0.691319, 0.123100, 0.654316
2.785019, -0.693264, 0.125217, 0.651512
2.786018, -0.693665, 0.126171, 0.652771
2.786546, -0.692329, 0.127544, 0.651779
2.787011, -0.693722, 0.127354, 0.653248
2.787497, -0.695076, 0.131855, 0.652962
2.788030, -0.697308, 0.130043, 0.654678
2.788499, -0.694866, 0.130978, 0.654697
2.789028, -0.695763, 0.130424, 0.649624
2.789512, -0.696793, 0.131474, 0.651989
2.790001, -0.696201, 0.131435, 0.654049
2.790505, -0.700054, 0.130444, 0.653744
2.790994, -0.700493, 0.132523, 0.653324
2.791497, -0.700760, 0.132179, 0.653343
2.791971, -0.699673, 0.129948, 0.651455
2.792493, -0.698624, 0.133553, 0.655518
2.792966, -0.696812, 0.135384, 0.655842
2.793986, -0.696125, 0.135212, 0.655174
2.794430, -0.698071, 0.135746, 0.656281
2.794935, -0.698605, 0.135727, 0.655994
2.795443, -0.701199, 0.137463, 0.658283
2.795965, -0.700226, 0.135555, 0.663033
2.796462, -0.699062, 0.135689, 0.665951
2.796909, -0.699005, 0.134125, 0.665836
2.797446, -0.697193, 0.133801, 0.665359
2.797900, -0.699406, 0.138931, 0.662899
2.798408, -0.694275, 0.141354, 0.660610
2.798935, -0.691433, 0.143204, 0.657063
2.799412, -0.690365, 0.152626, 0.654888
2.799915, -0.688190, 0.157280, 0.650520
2.800389, -0.690117, 0.160961, 0.642681
2.801890, -0.691948, 0.163670, 0.632286
2.802405, -0.697250, 0.164871, 0.632839
2.802877, -0.699444, 0.165176, 0.634708
2.803369, -0.700569, 0.162773, 0.634918
2.803883, -0.701523, 0.166988, 0.635777
2.804374, -0.700455, 0.165100, 0.637913
2.804860, -0.704155, 0.159893, 0.641193
2.805366, -0.705299, 0.157967, 0.645313
2.805825, -0.708294, 0.159073, 0.644817
2.806327, -0.711536, 0.161819, 0.647697
2.806838, -0.706902, 0.162106, 0.655766
2.807342, -0.705605, 0.161400, 0.658035
2.807812, -0.706806, 0.160656, 0.655079
2.808322, -0.708027, 0.160828, 0.651951
2.808823, -0.706234, 0.158539, 0.655117
2.809323, -0.706615, 0.158901, 0.657349
2.809825, -0.702667, 0.159893, 0.657578
2.810323, -0.700417, 0.159645, 0.657883
2.810814, -0.701561, 0.160465, 0.659866
2.811290, -0.699806, 0.157928, 0.658340
2.811796, -0.698280, 0.160656, 0.657845
2.812264, -0.697765, 0.158634, 0.656490
2.812802, -0.698872, 0.155563, 0.654430
2.813292, -0.698910, 0.157566, 0.653572
2.813827, -0.693741, 0.159416, 0.656834
2.814254, -0.692825, 0.158443, 0.655308
2.814759, -0.694218, 0.155258, 0.657806
2.815236, -0.691376, 0.160503, 0.655594
2.815755, -0.695076, 0.159283, 0.653610
2.816259, -0.691547, 0.165882, 0.656643
2.816774, -0.693665, 0.166454, 0.652218
2.817227, -0.691586, 0.165005, 0.653400
2.817763, -0.691853, 0.166798, 0.657482
2.818211, -0.693550, 0.168514, 0.655937
2.818712, -0.693684, 0.168190, 0.657330
2.819217, -0.694065, 0.167828, 0.656643
2.819725, -0.697651, 0.169983, 0.656700
2.820240, -0.696564, 0.168152, 0.656033
2.821202, -0.695438, 0.169926, 0.653992
2.821725, -0.693417, 0.168991, 0.657768
2.822195, -0.694027, 0.169315, 0.658035
2.822706, -0.694885, 0.166492, 0.657711
2.823163, -0.693722, 0.168362, 0.655098
2.823676, -0.695686, 0.166130, 0.655880
2.824240, -0.696640, 0.168800, 0.654659
2.824705, -0.692997, 0.167942, 0.654926
2.825205, -0.691853, 0.164413, 0.653591
2.825661, -0.693836, 0.162716, 0.652237
2.826167, -0.689068, 0.163269, 0.651760
2.826669, -0.687561, 0.162163, 0.654774
2.827173, -0.693245, 0.162792, 0.654984
2.827674, -0.689774, 0.159130, 0.652733
2.828165, -0.690212, 0.160847, 0.652409
2.828669, -0.689316, 0.158062, 0.653458
2.829130, -0.687733, 0.156212, 0.656586
2.829680, -0.684280, 0.159245, 0.654640
2.830113, -0.683517, 0.154362, 0.653515
2.830626, -0.681591, 0.154343, 0.654583
2.831619, -0.683079, 0.157051, 0.652866
2.832121, -0.679512, 0.156937, 0.654488
2.832625, -0.677643, 0.156765, 0.655098
2.833084, -0.679893, 0.153542, 0.655708
2.833592, -0.683498, 0.157528, 0.653076
2.834092, -0.684643, 0.155506, 0.655727
2.834565, -0.685387, 0.155163, 0.653667
2.835069, -0.684605, 0.157261, 0.653858
2.835573, -0.685997, 0.155773, 0.650845
2.836076, -0.686970, 0.156021, 0.648365
2.836581, -0.688877, 0.157204, 0.648117
2.837083, -0.688477, 0.156136, 0.649414
2.837528, -0.688839, 0.154228, 0.647125
2.838031, -0.685139, 0.158215, 0.648975
2.838522, -0.691395, 0.153999, 0.651035
2.839069, -0.688839, 0.153904, 0.651112
2.839558, -0.686970, 0.154648, 0.649567
2.840019, -0.688477, 0.149879, 0.650330
2.840508, -0.687809, 0.146923, 0.651360
2.841504, -0.689468, 0.149765, 0.650501
2.842000, -0.683880, 0.146980, 0.654106
2.842493, -0.684414, 0.145111, 0.654564
2.842991, -0.684586, 0.140800, 0.655136
2.843500, -0.685482, 0.138836, 0.653744
2.843991, -0.682316, 0.133553, 0.653324
2.844474, -0.683041, 0.130062, 0.653019
2.845001, -0.683784, 0.127411, 0.654221
2.845469, -0.683575, 0.126190, 0.653381
2.845987, -0.684109, 0.121708, 0.654430
2.846450, -0.683384, 0.120106, 0.658207
2.846980, -0.682163, 0.121136, 0.657368
2.847483, -0.684280, 0.118122, 0.655575
2.847942, -0.683212, 0.113144, 0.657997
2.848453, -0.686455, 0.113964, 0.659313
2.848964, -0.689011, 0.113754, 0.660324
2.849427, -0.690022, 0.108986, 0.660591
2.849942, -0.686817, 0.107975, 0.660629
2.850460, -0.688133, 0.106659, 0.663261
2.850919, -0.691376, 0.106030, 0.663033
2.851436, -0.692177, 0.107098, 0.662289
2.851897, -0.687408, 0.110016, 0.662651
2.852430, -0.692940, 0.105858, 0.667534
2.852890, -0.693150, 0.101891, 0.668316
2.853424, -0.690250, 0.101547, 0.666351
2.853914, -0.690231, 0.103970, 0.669041
2.854401, -0.696945, 0.104542, 0.668526
2.854868, -0.693989, 0.105762, 0.668449
2.855395, -0.694981, 0.103550, 0.671215
2.856392, -0.695400, 0.103283, 0.671768
2.856890, -0.697098, 0.101891, 0.672588
2.857348, -0.700073, 0.104561, 0.673523
2.858359, -0.696392, 0.102386, 0.676937
2.858878, -0.702171, 0.099983, 0.678024
2.859348, -0.703773, 0.100975, 0.675182
2.859826, -0.701733, 0.101681, 0.675907
2.860354, -0.705013, 0.103073, 0.674763
2.860862, -0.705338, 0.101490, 0.677586
2.861809, -0.701656, 0.098038, 0.676041
2.862313, -0.705147, 0.101986, 0.676861
2.862816, -0.706120, 0.100384, 0.677090
2.863320, -0.708694, 0.101528, 0.679531
2.863819, -0.708752, 0.104561, 0.679569
2.864283, -0.706043, 0.107517, 0.677433
2.864788, -0.707130, 0.107002, 0.676174
2.865290, -0.710278, 0.106544, 0.679455
2.865786, -0.708904, 0.106926, 0.681534
2.866269, -0.711002, 0.109978, 0.679264
2.866877, -0.708179, 0.109024, 0.682278
2.867423, -0.709667, 0.107288, 0.680904
2.867802, -0.710754, 0.112324, 0.681343
2.868434, -0.712090, 0.109634, 0.680313
2.868789, -0.714474, 0.111961, 0.680504
2.869341, -0.712357, 0.114613, 0.679264
2.869966, -0.713501, 0.114613, 0.678921
2.870359, -0.712757, 0.119839, 0.677624
2.870909, -0.708961, 0.121059, 0.678520
2.871342, -0.711136, 0.119762, 0.678139
2.871945, -0.715313, 0.118389, 0.677738
2.872360, -0.713596, 0.121975, 0.679989
2.872865, -0.712662, 0.123940, 0.677166
2.873252, -0.711994, 0.127716, 0.675735
2.873884, -0.712528, 0.128384, 0.677223
2.874261, -0.709324, 0.125694, 0.675087
2.874750, -0.711193, 0.128365, 0.673847
2.875182, -0.712624, 0.129547, 0.674953
2.875759, -0.709076, 0.129833, 0.674496
2.876260, -0.708694, 0.125332, 0.674057
2.876667, -0.710049, 0.127277, 0.672512
2.877167, -0.714169, 0.127945, 0.671024
2.877690, -0.707130, 0.130081, 0.672073
2.878692, -0.705738, 0.129700, 0.668678
2.879158, -0.702648, 0.130081, 0.666676
2.879654, -0.704918, 0.131741, 0.667915
2.880166, -0.704632, 0.131893, 0.664730
2.880654, -0.703259, 0.130863, 0.661373
2.881126, -0.704079, 0.133057, 0.661354
2.881650, -0.705700, 0.133858, 0.656891
2.882126, -0.702267, 0.133572, 0.653057
2.882648, -0.702000, 0.133438, 0.651627
2.883119, -0.703068, 0.134926, 0.647392
2.883645, -0.705376, 0.134640, 0.641975
2.884105, -0.703888, 0.136337, 0.639725
2.884609, -0.703354, 0.135365, 0.637894
2.885114, -0.704002, 0.132580, 0.634270
2.885634, -0.703506, 0.136318, 0.636520
2.886077, -0.702782, 0.142040, 0.638485
2.886581, -0.702610, 0.139523, 0.636444
2.887084, -0.701046, 0.140133, 0.635509
2.887591, -0.699539, 0.140781, 0.637684
2.888106, -0.697193, 0.141220, 0.639038
2.888596, -0.696869, 0.145779, 0.642452
2.889099, -0.696926, 0.145988, 0.641136
2.889549, -0.694542, 0.148792, 0.644970
2.890061, -0.688591, 0.149498, 0.646725
2.890566, -0.690842, 0.150070, 0.646229
2.891069, -0.690670, 0.148144, 0.648003
2.891573, -0.692539, 0.150967, 0.647144
2.892063, -0.690422, 0.147877, 0.651741
2.892557, -0.688305, 0.150356, 0.653114
2.893052, -0.691090, 0.151730, 0.652122
2.893558, -0.685081, 0.150967, 0.653362
2.894017, -0.685558, 0.151291, 0.651245
2.894531, -0.684948, 0.151520, 0.652046
2.894996, -0.685005, 0.150566, 0.649643
2.895499, -0.684452, 0.152111, 0.646248
2.896003, -0.683079, 0.154896, 0.644722
2.896505, -0.683994, 0.155830, 0.645714
2.897010, -0.682297, 0.151634, 0.647583
2.897517, -0.678940, 0.151348, 0.644341
2.898017, -0.681305, 0.154762, 0.641403
2.898995, -0.681438, 0.155907, 0.643406
2.899455, -0.683956, 0.152435, 0.646458
2.899957, -0.684071, 0.152340, 0.643139
2.900465, -0.684261, 0.152454, 0.646057
2.900965, -0.682316, 0.152836, 0.645351
2.901477, -0.681858, 0.150928, 0.645847
2.901973, -0.678425, 0.152874, 0.646782
2.902966, -0.680161, 0.154190, 0.647774
2.903965, -0.678921, 0.151958, 0.645695
2.904951, -0.680046, 0.152702, 0.647202
2.905929, -0.679817, 0.154095, 0.645180
2.906427, -0.676765, 0.155697, 0.647850
2.906888, -0.677528, 0.154152, 0.648346
2.907388, -0.680084, 0.153770, 0.649395
2.907876, -0.679455, 0.152969, 0.649357
2.908370, -0.680389, 0.153580, 0.647602
2.908876, -0.680351, 0.150757, 0.648117
2.909391, -0.681477, 0.151157, 0.650406
2.909884, -0.678902, 0.153618, 0.649643
2.910358, -0.678406, 0.153084, 0.651512
2.910847, -0.679379, 0.151730, 0.652180
2.911396, -0.680618, 0.152931, 0.653591
2.911843, -0.684090, 0.150223, 0.654678
2.912360, -0.681820, 0.148449, 0.653477
2.912856, -0.681553, 0.153122, 0.654430
2.913353, -0.681458, 0.154438, 0.657139
2.913883, -0.683975, 0.150967, 0.657406
2.914323, -0.681744, 0.152550, 0.656414
2.914862, -0.681171, 0.151291, 0.657806
2.915309, -0.683784, 0.153408, 0.660324
2.915808, -0.685940, 0.149918, 0.658684
2.916361, -0.684223, 0.149841, 0.658131
2.916803, -0.685024, 0.153179, 0.660934
2.917305, -0.683975, 0.153732, 0.658951
2.917810, -0.686398, 0.152283, 0.659370
2.918349, -0.683689, 0.155125, 0.661201
2.918837, -0.687809, 0.155201, 0.660744
2.919321, -0.686512, 0.153580, 0.660019
2.919824, -0.683136, 0.151443, 0.660305
2.920371, -0.685692, 0.153255, 0.661068
2.920851, -0.685673, 0.155945, 0.659523
2.921316, -0.686092, 0.156555, 0.657177
2.921843, -0.686474, 0.154419, 0.659485
2.922308, -0.687046, 0.154514, 0.658474
2.922820, -0.686932, 0.153332, 0.660477
2.923854, -0.687256, 0.153522, 0.661602
2.924816, -0.689278, 0.157280, 0.660896
2.925250, -0.689602, 0.156918, 0.660381
2.925711, -0.688629, 0.158253, 0.659275
2.926227, -0.687332, 0.153923, 0.658607
2.926706, -0.688667, 0.155907, 0.657196
2.927720, -0.690231, 0.161896, 0.657749
2.928223, -0.692081, 0.158710, 0.658131
2.928720, -0.693359, 0.161095, 0.654736
2.929231, -0.692196, 0.162716, 0.654545
2.929675, -0.690117, 0.162125, 0.654793
2.930179, -0.691338, 0.159798, 0.651035
2.930682, -0.689869, 0.164051, 0.655384
2.931186, -0.692501, 0.162392, 0.657845
2.931690, -0.694542, 0.160637, 0.653744
2.932197, -0.692310, 0.159206, 0.652161
2.932691, -0.695438, 0.162621, 0.649471
2.933161, -0.695915, 0.163574, 0.653267
2.934166, -0.692348, 0.159435, 0.649643
2.934684, -0.691051, 0.158653, 0.651398
2.935161, -0.692482, 0.159264, 0.651913
2.935678, -0.691547, 0.155735, 0.656300
2.936166, -0.689774, 0.153179, 0.652237
2.936612, -0.693474, 0.153770, 0.653095
2.937607, -0.690174, 0.152550, 0.655270
2.938138, -0.689278, 0.154533, 0.655594
2.938611, -0.692577, 0.153751, 0.655975
2.939133, -0.684338, 0.150337, 0.658283
2.939590, -0.686054, 0.149612, 0.658283
2.940121, -0.690918, 0.146828, 0.658169
2.940605, -0.694141, 0.148220, 0.657806
2.941078, -0.690346, 0.148754, 0.659294
2.941611, -0.689049, 0.149288, 0.660286
2.942081, -0.693531, 0.146198, 0.660400
2.942594, -0.691051, 0.142155, 0.658512
2.943047, -0.692806, 0.138779, 0.658474
2.943555, -0.693455, 0.135822, 0.657501
2.944080, -0.693188, 0.138264, 0.659218
2.945033, -0.695190, 0.134811, 0.660400
2.945533, -0.691376, 0.136585, 0.660801
2.946063, -0.693035, 0.134087, 0.663052
2.946543, -0.693970, 0.129509, 0.664101
2.947017, -0.691376, 0.130291, 0.662231
2.947543, -0.688152, 0.131130, 0.662479
2.948016, -0.692158, 0.130787, 0.661182
2.948520, -0.690727, 0.131626, 0.662746
2.949038, -0.689564, 0.130825, 0.662022
2.949510, -0.692978, 0.129318, 0.661278
2.950011, -0.690632, 0.127831, 0.664673
2.950507, -0.692959, 0.129013, 0.664959
2.951026, -0.690994, 0.124989, 0.663528
2.951470, -0.689182, 0.122814, 0.665607
2.951995, -0.690708, 0.124264, 0.664501
2.952507, -0.690117, 0.124607, 0.664120
2.952965, -0.690460, 0.124550, 0.666885
2.953457, -0.689716, 0.123901, 0.663319
2.954496, -0.694447, 0.123367, 0.662422
2.954939, -0.692558, 0.119915, 0.664806
2.955441, -0.693741, 0.119648, 0.664959
2.955944, -0.698433, 0.119247, 0.665913
2.956447, -0.693893, 0.121651, 0.665436
2.956952, -0.694370, 0.120659, 0.667515
2.957425, -0.692444, 0.119534, 0.669117
2.957929, -0.695629, 0.121536, 0.668049
2.958440, -0.693398, 0.120373, 0.667973
2.958929, -0.694771, 0.121078, 0.666866
2.959423, -0.696030, 0.123539, 0.665474
2.959920, -0.700893, 0.121174, 0.666733
2.960413, -0.696659, 0.121803, 0.667076
2.960906, -0.696430, 0.121078, 0.669212
2.961410, -0.699387, 0.122433, 0.667210
2.961913, -0.697231, 0.123672, 0.666103
2.962417, -0.693836, 0.124245, 0.665092
2.962906, -0.697174, 0.124435, 0.665607
2.963396, -0.696125, 0.123787, 0.665131
2.963928, -0.694160, 0.125732, 0.666847
2.964372, -0.694523, 0.126610, 0.664616
2.964877, -0.697823, 0.126991, 0.663280
2.965396, -0.698242, 0.126171, 0.663242
2.965899, -0.697117, 0.132275, 0.663357
2.966402, -0.696125, 0.128193, 0.665131
2.966906, -0.698643, 0.128059, 0.663147
2.967411, -0.699997, 0.131054, 0.663261
2.967873, -0.697708, 0.130806, 0.664158
2.968392, -0.698948, 0.131073, 0.664730
2.968898, -0.698032, 0.131092, 0.663319
2.969397, -0.697441, 0.130463, 0.662651
2.969901, -0.696373, 0.132465, 0.662193
2.970393, -0.695972, 0.133858, 0.663929
2.970896, -0.699883, 0.132103, 0.664120
2.971394, -0.697365, 0.135059, 0.660496
2.971781, -0.699234, 0.134907, 0.661125
2.972287, -0.698452, 0.135365, 0.661945
2.972820, -0.696259, 0.132122, 0.662746
2.973374, -0.697117, 0.133152, 0.661640
2.973889, -0.692978, 0.136261, 0.661392
2.974274, -0.695248, 0.135574, 0.663242
2.974793, -0.694942, 0.130424, 0.662060
2.975282, -0.696297, 0.134220, 0.663395
2.975752, -0.697327, 0.132065, 0.663433
2.976253, -0.697269, 0.135555, 0.658989
2.976750, -0.695934, 0.135288, 0.656548
2.977233, -0.694942, 0.133133, 0.659046
2.977736, -0.698566, 0.132980, 0.658550
2.978224, -0.700245, 0.135765, 0.656586
2.978728, -0.699673, 0.131168, 0.655937
2.979220, -0.697289, 0.127468, 0.656281
2.979756, -0.698586, 0.128860, 0.653706
2.980257, -0.700169, 0.129547, 0.653858
2.980705, -0.701370, 0.126839, 0.652809
2.981223, -0.701637, 0.128403, 0.652256
2.981718, -0.703201, 0.127583, 0.652332
2.982188, -0.701599, 0.129642, 0.652485
2.982684, -0.702286, 0.129089, 0.649185
2.983706, -0.700779, 0.122871, 0.649490
2.984179, -0.699062, 0.125942, 0.649166
2.984668, -0.699730, 0.123634, 0.647984
2.985157, -0.697651, 0.124245, 0.652714
2.985676, -0.698776, 0.125809, 0.652313
2.986149, -0.697365, 0.123100, 0.649567
2.986677, -0.695171, 0.123863, 0.653706
2.987150, -0.696163, 0.124931, 0.655460
2.987675, -0.696983, 0.120564, 0.654087
2.988159, -0.695820, 0.121746, 0.656548
2.988629, -0.695705, 0.118942, 0.654945
2.989164, -0.694065, 0.122261, 0.657768
2.989635, -0.696907, 0.123024, 0.659294
2.990161, -0.697613, 0.125809, 0.659542
2.990629, -0.697174, 0.123463, 0.659275
2.991113, -0.695992, 0.123940, 0.659637
2.991631, -0.693340, 0.121441, 0.659008
2.992098, -0.695896, 0.120544, 0.661888
2.992610, -0.694714, 0.122566, 0.661068
2.993126, -0.695648, 0.124340, 0.660629
2.993615, -0.694141, 0.128078, 0.662441
2.994105, -0.693340, 0.128632, 0.662022
2.994608, -0.693626, 0.126438, 0.662804
2.995113, -0.698338, 0.129395, 0.664005
2.996090, -0.696030, 0.129471, 0.664158
2.996593, -0.698261, 0.129585, 0.663605
2.997098, -0.697193, 0.126686, 0.664463
2.997542, -0.700722, 0.128613, 0.663757
2.998045, -0.703392, 0.132294, 0.663242
2.998549, -0.702610, 0.133667, 0.663834
2.999075, -0.700207, 0.132885, 0.664768
2.999559, -0.701256, 0.135784, 0.665398
3.000038, -0.703087, 0.134735, 0.663261
0.003263, -0.986633, 0.033302, 0.967941
0.003369, -0.938530, 0.045910, 1.062737
0.003559, -0.634346, 0.066528, 0.963249
0.003666, -0.708694, -0.016518, 0.513821
0.003799, -0.771484, -0.072708, 0.712585
0.003986, -0.888519, -0.037746, 0.814533
0.004090, -1.058521, 0.068569, 0.954094
0.004195, -1.141453, 0.064621, 1.101685
0.004304, -0.966263, -0.106487, 0.934639
0.004488, -0.643673, -0.146942, 0.779572
0.004592, -0.429192, -0.114346, 0.831947
0.004700, -0.574589, -0.127869, 0.646782
0.004805, -0.854034, 0.043888, 0.812378
0.004988, -1.097603, 0.109310, 1.121368
0.005093, -1.164379, 0.107975, 1.270027
0.005197, -0.997639, -0.072632, 1.096935
0.005303, -0.749874, 0.033760, 0.813007
0.005485, -0.611229, 0.092106, 0.817757
0.005590, -0.583267, 0.064697, 0.719471
0.005695, -0.765610, -0.058498, 0.861759
0.005800, -1.092796, -0.074215, 0.976276
0.005983, -1.333027, 0.041714, 1.009521
0.006087, -1.396961, 0.125275, 1.114922
0.006192, -1.175575, 0.183945, 0.940742
0.006296, -0.813713, -0.011368, 0.592613
0.006480, -0.623913, -0.151978, 0.572948
0.006585, -0.555515, -0.184555, 0.863609
0.006690, -0.518360, -0.056953, 1.056919
0.006795, -0.490913, -0.049725, 1.104431
0.006978, -0.492420, -0.092793, 1.239319
0.007082, -0.478363, -0.108166, 1.078339
0.007187, -0.443497, -0.097141, 0.882263
0.007292, -0.470715, -0.039825, 0.914249
0.007477, -0.575542, -0.051384, 0.829163
0.007582, -0.802040, -0.052299, 0.934486
0.007687, -0.868320, -0.052643, 1.041317
0.007792, -0.870075, 0.041943, 1.019516
0.007975, -0.945892, -0.022144, 0.837364
0.008080, -0.933952, -0.072346, 0.864925
0.008184, -0.918045, -0.098305, 0.809135
0.008575, -0.943394, -0.084801, 0.674706
0.009068, -1.181221, -0.044880, 0.873165
0.009561, -1.234970, 0.010262, 0.870514
0.010053, -1.128674, 0.065384, 0.733280
0.011091, -0.729313, -0.104294, 0.719280
0.011588, -0.776176, -0.125790, 0.887280
0.012082, -0.780087, -0.104771, 0.822506
0.012573, -0.798874, 0.044880, 0.866089
0.013066, -0.776157, 0.029488, 0.902786
0.013557, -0.730247, -0.043259, 0.783005
0.014056, -0.668011, -0.077572, 0.779552
0.014597, -0.660706, -0.074425, 0.734367
0.015059, -0.717373, -0.039845, 0.809669
0.015555, -0.738583, 0.003147, 0.846844
0.016599, -0.715122, -0.063000, 0.775719
0.017056, -0.701981, -0.110931, 0.793552
0.017562, -0.698853, -0.068607, 0.812416
0.018059, -0.675087, -0.069160, 0.722790
0.018603, -0.697002, -0.018654, 0.705280
0.019069, -0.765648, -0.026016, 0.746899
0.019563, -0.824146, -0.040798, 0.688019
0.020106, -0.808773, -0.050468, 0.711384
0.020579, -0.790577, -0.040245, 0.657310
0.021106, -0.799942, -0.019436, 0.623627
0.021568, -0.792580, -0.009422, 0.684128
0.022079, -0.788116, 0.014915, 0.631733
0.022589, -0.778141, -0.004539, 0.584507
0.023080, -0.771084, -0.034294, 0.621071
0.023569, -0.779953, -0.050449, 0.677643
0.024070, -0.765705, -0.017910, 0.616531
0.024567, -0.747700, 0.001717, 0.590992
0.025608, -0.730972, 0.005417, 0.564442
0.026104, -0.721951, -0.018272, 0.571308
0.026600, -0.717468, -0.025616, 0.620117
0.027090, -0.724525, -0.028076, 0.579605
0.027581, -0.709820, -0.031643, 0.604973
0.028076, -0.705681, -0.023041, 0.609245
0.028577, -0.706425, -0.009708, 0.568943
0.029081, -0.690098, -0.009766, 0.527096
0.029577, -0.689907, -0.010471, 0.560417
0.030099, -0.696087, -0.016003, 0.568027
0.030593, -0.686455, -0.034084, 0.530014
0.031104, -0.687141, -0.030537, 0.544987
0.031597, -0.692863, -0.010643, 0.570221
0.032096, -0.695477, -0.004292, 0.552082
0.032587, -0.690880, 0.006409, 0.502377
0.033082, -0.696812, 0.000191, 0.505772
0.033577, -0.704021, -0.001278, 0.540257
0.034088, -0.700169, -0.010185, 0.524197
0.034616, -0.710449, 0.004635, 0.520306
0.035095, -0.708427, 0.019932, 0.525379
0.035595, -0.711956, 0.009174, 0.509033
0.036093, -0.713215, 0.020313, 0.510387
0.036586, -0.724106, 0.027161, 0.492992
0.037701, -0.736217, 0.043449, 0.503216
0.038197, -0.743160, 0.050850, 0.510330
0.038689, -0.748882, 0.051479, 0.496960
0.039183, -0.752602, 0.043640, 0.485210
0.039676, -0.769062, 0.054283, 0.502357
0.040170, -0.762424, 0.065155, 0.490303
0.040662, -0.785160, 0.067902, 0.486259
0.041155, -0.807705, 0.071945, 0.503082
0.041647, -0.816708, 0.070820, 0.500126
0.042141, -0.828934, 0.074329, 0.483112
0.042634, -0.842228, 0.086784, 0.491028
0.043127, -0.832787, 0.099678, 0.500431
0.043620, -0.824051, 0.121708, 0.509930
0.044141, -0.823574, 0.116482, 0.519943
0.044633, -0.782814, 0.069275, 0.521240
0.045127, -0.745983, 0.115356, 0.544796
0.045620, -0.764217, 0.172539, 0.606461
0.046130, -0.767937, 0.204544, 0.636024
0.046638, -0.767879, 0.168648, 0.591698
0.047596, -0.834846, 0.151711, 0.592175
0.048639, -0.890846, 0.109520, 0.557213
0.049130, -0.906277, 0.114918, 0.603123
0.049622, -0.885372, 0.088406, 0.574093
0.050118, -0.864964, 0.114212, 0.615578
0.050631, -0.857449, 0.194016, 0.688972
0.051109, -0.877075, 0.234947, 0.681725
0.051638, -0.879593, 0.179310, 0.659313
0.052635, -0.920868, 0.099773, 0.625076
0.053111, -0.869808, 0.149555, 0.641308
0.053610, -0.829906, 0.257645, 0.742455
0.054143, -0.855083, 0.247097, 0.830135
0.054638, -0.881290, 0.187721, 0.790119
0.055122, -0.861855, 0.102272, 0.683918
0.055614, -0.779686, 0.105743, 0.594921
0.056148, -0.767727, 0.208950, 0.751152
0.056617, -0.728188, 0.290585, 0.932922
0.057148, -0.687065, 0.257244, 0.915318
0.057632, -0.633793, 0.168571, 0.845680
0.058123, -0.666828, 0.155754, 0.849037
0.058639, -0.711098, 0.277271, 0.998898
0.059149, -0.780125, 0.272446, 0.913296
0.059644, -0.800533, 0.152340, 0.765610
0.060160, -0.792751, 0.138130, 0.762672
0.060637, -0.775375, 0.214386, 0.861053
0.061631, -0.718536, 0.162163, 0.833645
0.062114, -0.661545, 0.086136, 0.849648
0.062643, -0.569401, 0.124626, 0.950241
0.063634, -0.620213, 0.300903, 1.108112
0.064148, -0.672798, 0.204487, 0.956440
0.064632, -0.704041, 0.073414, 0.873775
0.065126, -0.706062, 0.048332, 0.786400
0.065670, -0.735817, 0.100479, 0.763912
0.066148, -0.716915, 0.116615, 0.872860
0.066622, -0.736752, 0.035000, 0.827866
0.067171, -0.756149, 0.053921, 0.905704
0.067675, -0.762177, 0.053844, 0.785751
0.068622, -0.859318, 0.123520, 1.015873
0.069156, -0.830479, 0.108452, 0.903511
0.069659, -0.755615, 0.030594, 0.689831
0.070163, -0.674896, 0.001965, 0.632191
0.070668, -0.664482, 0.086823, 0.873146
0.071143, -0.676327, 0.155296, 0.918121
0.071675, -0.696793, 0.141087, 0.805798
0.072179, -0.811043, 0.126019, 0.914230
0.072637, -0.790215, 0.107002, 0.931206
0.073141, -0.661221, 0.023155, 0.512581
0.073652, -0.547199, 0.090351, 0.586510
0.074242, -0.626736, 0.175304, 0.904560
0.074637, -0.560036, 0.162697, 0.817814
0.075133, -0.605049, 0.128288, 0.933475
0.075669, -0.693932, 0.103302, 1.030178
0.076155, -0.744762, 0.102348, 0.942516
0.076678, -0.705681, 0.058765, 0.629635
0.077159, -0.719528, 0.039959, 0.517883
0.077638, -0.683441, 0.053959, 0.700169
0.078165, -0.668697, 0.047703, 0.579720
0.078661, -0.678329, 0.030556, 0.604115
0.079188, -0.705013, 0.056477, 0.909882
0.079677, -0.688457, 0.006104, 0.797157
0.080173, -0.659180, 0.083427, 0.803890
0.080670, -0.517483, 0.056210, 0.784378
0.081355, -0.481968, 0.022964, 0.683575
0.081660, -0.517044, 0.050888, 0.636425
0.083289, -0.410233, -0.071964, 0.812168
0.083794, -0.382462, -0.024471, 0.887775
0.084151, -0.364857, 0.022717, 0.906353
0.084644, -0.308037, -0.054626, 0.736294
0.085264, -0.323410, 0.024605, 0.926609
0.085729, -0.292912, -0.026703, 0.722027
0.086270, -0.330505, -0.127659, 0.685596
0.086723, -0.473576, -0.043488, 0.805817
0.087251, -0.530453, -0.044174, 0.450706
0.087704, -0.596657, -0.017033, 0.378036
0.088252, -0.599823, -0.040340, 0.566463
0.088742, -0.676231, -0.013828, 0.624905
0.089250, -0.661716, 0.018940, 0.440617
0.089734, -0.644875, 0.016937, 0.317554
0.090208, -0.660381, 0.049515, 0.486145
0.090722, -0.649147, -0.002575, 0.327339
0.091200, -0.658817, -0.004025, 0.392361
0.091677, -0.706787, 0.035915, 0.540733
0.092205, -0.709438, 0.039558, 0.395241
0.092698, -0.726223, 0.100460, 0.385761
0.093217, -0.732632, 0.100861, 0.406990
0.093664, -0.753555, 0.074940, 0.316067
0.094169, -0.767937, 0.071239, 0.269623
0.094686, -0.810699, 0.119991, 0.364075
0.095186, -0.809937, 0.124893, 0.383987
0.095698, -0.807819, 0.110798, 0.267506
0.096209, -0.826435, 0.140667, 0.414085
0.097158, -0.788937, 0.126286, 0.288773
0.097676, -0.796165, 0.125656, 0.390549
0.098179, -0.755939, 0.133953, 0.398445
0.098683, -0.649929, 0.118809, 0.398273
0.099188, -0.617886, 0.117512, 0.524521
0.099693, -0.615673, 0.085621, 0.565948
0.100208, -0.581360, 0.087051, 0.481777
0.100682, -0.543289, 0.117493, 0.520287
0.101187, -0.521832, 0.109463, 0.587273
0.101690, -0.506763, 0.085945, 0.595684
0.102194, -0.493412, 0.055141, 0.604019
0.102699, -0.503178, 0.069523, 0.643711
0.103203, -0.498543, 0.072460, 0.631618
0.103713, -0.520744, 0.007668, 0.708981
0.104197, -0.556965, 0.030537, 0.719395
0.104700, -0.541058, 0.019779, 0.619183
0.105216, -0.510731, -0.009880, 0.692749
0.105706, -0.505123, -0.062752, 0.743103
0.106209, -0.501957, -0.042439, 0.693607
0.106712, -0.539761, -0.001698, 0.749340
0.107216, -0.553074, -0.019760, 0.723381
0.107720, -0.578289, 0.004253, 0.704155
0.108223, -0.596313, 0.009212, 0.706711
0.108718, -0.621758, 0.012226, 0.666637
0.109203, -0.622864, 0.013885, 0.680714
0.109702, -0.645828, 0.023937, 0.664673
0.110193, -0.664139, 0.034676, 0.685215
0.110697, -0.674839, 0.024090, 0.666447
0.111201, -0.682926, 0.027218, 0.705051
0.111719, -0.688477, 0.044746, 0.711117
0.112194, -0.694256, 0.054531, 0.671310
0.112699, -0.694599, 0.072327, 0.714397
0.113201, -0.670929, 0.061684, 0.657673
0.113704, -0.654049, 0.022449, 0.638180
0.114189, -0.637779, -0.013142, 0.763245
0.114694, -0.652809, 0.001888, 0.750942
0.115194, -0.667686, 0.025654, 0.718746
0.115697, -0.662041, 0.029068, 0.703812
0.116689, -0.656643, 0.008850, 0.706444
0.117220, -0.639935, -0.022373, 0.720768
0.117704, -0.646534, -0.012722, 0.725327
0.118189, -0.645771, 0.034847, 0.747776
0.118725, -0.635338, 0.014763, 0.745678
0.119231, -0.631886, -0.010624, 0.718899
0.119729, -0.652752, -0.012321, 0.723419
0.120224, -0.677795, -0.006733, 0.745239
0.120726, -0.697594, -0.083885, 0.754757
0.121202, -0.705814, -0.130100, 0.756550
0.121720, -0.703163, -0.099010, 0.751171
0.122238, -0.669270, -0.039692, 0.663338
0.122742, -0.654736, -0.004635, 0.672131
0.123240, -0.655136, -0.047703, 0.757713
0.123757, -0.658398, -0.109596, 0.753784
0.125225, -0.650578, -0.056763, 0.759239
0.125695, -0.632858, -0.042038, 0.696678
0.126217, -0.634384, -0.034904, 0.740681
0.126709, -0.639000, -0.038929, 0.783157
0.127248, -0.639095, -0.045795, 0.707359
0.127751, -0.639515, -0.043526, 0.762615
0.128223, -0.632572, -0.054379, 0.780106
0.128727, -0.621796, -0.024738, 0.707684
0.129216, -0.624008, 0.004101, 0.684071
0.130333, -0.621338, -0.032845, 0.683594
0.130718, -0.647068, -0.042973, 0.691223
0.131202, -0.655746, -0.052891, 0.715752
0.131809, -0.682945, -0.049248, 0.698261
0.132341, -0.690479, -0.033073, 0.678310
0.132846, -0.693588, -0.038586, 0.681973
0.133261, -0.679626, -0.059719, 0.648003
0.133876, -0.687695, -0.060501, 0.639725
0.134311, -0.703354, -0.030212, 0.675335
0.134815, -0.709629, -0.031242, 0.667057
0.135321, -0.718842, -0.031757, 0.708694
0.135823, -0.709114, -0.064220, 0.688152
0.136267, -0.701008, -0.065022, 0.638275
0.136771, -0.706749, -0.033951, 0.614586
0.137274, -0.720463, -0.023384, 0.677547
0.137780, -0.720272, -0.051422, 0.699215
0.138286, -0.718250, -0.082188, 0.641861
0.138786, -0.731430, -0.049381, 0.672188
0.139290, -0.721054, -0.030804, 0.668831
0.139733, -0.719242, -0.026360, 0.633621
0.140449, -0.723591, -0.030651, 0.654869
0.140816, -0.710278, -0.017395, 0.671024
0.141231, -0.704861, -0.019188, 0.610428
0.141743, -0.706367, 0.005856, 0.645657
0.142267, -0.705967, -0.003357, 0.698833
0.142734, -0.714302, 0.002422, 0.654945
0.143245, -0.735588, 0.004902, 0.650043
0.143925, -0.740318, 0.003014, 0.680466
0.144299, -0.726128, -0.008564, 0.634556
0.144774, -0.728989, -0.003242, 0.609436
0.145254, -0.738430, 0.021935, 0.678425
0.145750, -0.734253, 0.010433, 0.648632
0.146268, -0.728951, 0.020447, 0.630245
0.146728, -0.719242, 0.016842, 0.676575
0.147246, -0.693493, 0.029087, 0.660000
0.148260, -0.699883, 0.056686, 0.696945
0.149229, -0.690689, 0.023232, 0.649300
0.149745, -0.693283, 0.007305, 0.692673
0.150259, -0.697327, 0.001144, 0.684090
0.150772, -0.694809, -0.005970, 0.658073
0.151226, -0.696526, -0.002785, 0.685883
0.151745, -0.694008, -0.014648, 0.690136
0.152254, -0.688457, -0.030327, 0.655880
0.152758, -0.689163, -0.032616, 0.692825
0.153271, -0.687237, -0.036259, 0.680542
0.153756, -0.689201, -0.041027, 0.654583
0.154279, -0.687656, -0.049610, 0.691853
0.154736, -0.688553, -0.053596, 0.686665
0.155247, -0.682201, -0.062370, 0.644360
0.155762, -0.692539, -0.060043, 0.681362
0.156775, -0.687504, -0.062885, 0.639858
0.157236, -0.690956, -0.068722, 0.662384
0.157770, -0.691452, -0.071583, 0.677032
0.158274, -0.690899, -0.075645, 0.643291
0.158739, -0.688000, -0.071678, 0.661469
0.159265, -0.690212, -0.064201, 0.674324
0.159757, -0.689335, -0.077095, 0.635147
0.160248, -0.693531, -0.077248, 0.634155
0.160745, -0.692902, -0.075150, 0.648670
0.161247, -0.690556, -0.074654, 0.628757
0.161752, -0.691872, -0.068321, 0.616627
0.162759, -0.691605, -0.054359, 0.627956
0.163276, -0.688820, -0.060501, 0.606365
0.163797, -0.689983, -0.057583, 0.627251
0.164258, -0.687943, -0.060482, 0.628281
0.164760, -0.695667, -0.054111, 0.609379
0.165262, -0.694256, -0.052147, 0.629635
0.165764, -0.689621, -0.051994, 0.629921
0.166268, -0.690250, -0.051022, 0.611801
0.166767, -0.688972, -0.042229, 0.621338
0.167266, -0.693798, -0.035744, 0.626163
0.167770, -0.690022, -0.041084, 0.606270
0.168269, -0.692768, -0.033226, 0.613251
0.168775, -0.692253, -0.029144, 0.632286
0.169275, -0.688858, -0.030079, 0.609856
0.169765, -0.689945, -0.019341, 0.614891
0.170254, -0.687199, -0.015469, 0.638161
0.170756, -0.689297, -0.012493, 0.617371
0.171809, -0.691681, 0.002594, 0.632763
0.172297, -0.688801, 0.006618, 0.620975
0.172791, -0.687847, 0.004368, 0.623207
0.173260, -0.694790, 0.010548, 0.640545
0.173811, -0.690231, 0.014324, 0.629940
0.174271, -0.694008, 0.014782, 0.625782
0.174777, -0.695324, 0.020714, 0.636272
0.175275, -0.697594, 0.024433, 0.624943
0.175771, -0.696945, 0.023880, 0.619164
0.176266, -0.696831, 0.027752, 0.634670
0.176772, -0.695572, 0.028687, 0.629025
0.177266, -0.699158, 0.033436, 0.621738
0.177768, -0.702991, 0.027733, 0.641155
0.178269, -0.722389, 0.026302, 0.640545
0.179354, -0.739288, 0.039005, 0.630207
0.179853, -0.746460, 0.043774, 0.619278
0.180371, -0.761433, 0.024147, 0.612526
0.180825, -0.757160, 0.004463, 0.621414
0.181336, -0.737438, 0.003662, 0.619125
0.181854, -0.720768, 0.021553, 0.620594
0.182313, -0.721359, 0.049744, 0.651226
0.182867, -0.731602, 0.051174, 0.657330
0.183335, -0.727482, 0.037594, 0.637989
0.183827, -0.716667, 0.027618, 0.649529
0.184287, -0.711136, 0.030079, 0.664349
0.184789, -0.699406, 0.037746, 0.660877
0.185290, -0.695763, 0.039406, 0.656414
0.185793, -0.696888, 0.039024, 0.659733
0.186282, -0.697212, 0.036144, 0.660152
0.186820, -0.704327, 0.035248, 0.666733
0.187276, -0.705700, 0.042362, 0.679684
0.187795, -0.713005, 0.035458, 0.673523
0.188293, -0.717564, 0.026646, 0.667591
0.188818, -0.722637, 0.024185, 0.667000
0.189799, -0.723076, 0.033627, 0.673218
0.190288, -0.721951, 0.034561, 0.674057
0.190784, -0.720215, 0.036602, 0.681610
0.191304, -0.716553, 0.033207, 0.684223
0.191814, -0.714931, 0.029716, 0.688744
0.192321, -0.708580, 0.027847, 0.686455
0.192819, -0.701542, 0.034046, 0.689774
0.193317, -0.691223, 0.035610, 0.704174
0.193827, -0.695229, 0.040016, 0.708313
0.194316, -0.697041, 0.039005, 0.704231
0.194782, -0.709553, 0.030537, 0.715885
0.195288, -0.731487, 0.035458, 0.708923
0.195808, -0.746574, 0.035210, 0.699272
0.196322, -0.761909, 0.037460, 0.692387
0.196796, -0.763702, 0.032406, 0.692158
0.197304, -0.756702, 0.030422, 0.680885
0.197822, -0.747070, 0.038738, 0.675335
0.198296, -0.740471, 0.042973, 0.701504
0.198822, -0.751343, 0.055237, 0.732956
0.199829, -0.775242, 0.056801, 0.723343
0.200295, -0.783329, 0.058365, 0.711727
0.200815, -0.790081, 0.059834, 0.698452
0.201318, -0.795937, 0.056458, 0.697460
0.202340, -0.810375, 0.069752, 0.716343
0.202805, -0.825138, 0.076199, 0.737514
0.203333, -0.843678, 0.071259, 0.735855
0.203828, -0.863724, 0.071449, 0.727406
0.204314, -0.871086, 0.068512, 0.713673
0.204837, -0.865879, 0.074196, 0.708294
0.205303, -0.857449, 0.083218, 0.732479
0.205819, -0.830956, 0.090065, 0.761871
0.206341, -0.779896, 0.083332, 0.767288
0.206819, -0.743752, 0.090694, 0.793018
0.207348, -0.721264, 0.100765, 0.796738
0.207837, -0.712147, 0.097198, 0.811920
0.208326, -0.700989, 0.100250, 0.794601
0.208849, -0.713348, 0.123920, 0.819244
0.209318, -0.724258, 0.112724, 0.865993
0.209847, -0.730362, 0.085125, 0.846024
0.210323, -0.708103, 0.060596, 0.797024
0.211333, -0.666313, 0.129242, 0.826015
0.211837, -0.652084, 0.139713, 0.869999
0.212341, -0.655403, 0.142384, 0.858479
0.212831, -0.688076, 0.101719, 0.822105
0.213334, -0.701256, 0.096035, 0.801811
0.213826, -0.727921, 0.086975, 0.752926
0.214331, -0.755997, 0.090618, 0.747185
0.214850, -0.757160, 0.089893, 0.751476
0.215351, -0.797310, 0.074921, 0.779591
0.215857, -0.831089, 0.067081, 0.798302
0.216327, -0.786743, 0.034313, 0.756760
0.216848, -0.736427, 0.047035, 0.696487
0.217322, -0.713844, 0.069714, 0.669250
0.217842, -0.709305, 0.121498, 0.722122
0.218343, -0.688877, 0.112705, 0.768108
0.218836, -0.661430, 0.079880, 0.700264
0.219824, -0.710087, 0.074635, 0.732155
0.220374, -0.770321, 0.082111, 0.738220
0.220854, -0.786972, 0.055008, 0.718422
0.221327, -0.770493, 0.041885, 0.573006
0.221838, -0.765686, 0.100021, 0.631390
0.222331, -0.788937, 0.108547, 0.612984
0.223366, -0.848007, -0.001812, 0.604610
0.223839, -0.814171, -0.001984, 0.596619
0.224459, -0.838661, 0.047760, 0.696812
0.224838, -0.866222, 0.021992, 0.606918
0.225435, -0.866890, 0.031338, 0.571537
0.225949, -0.838490, 0.014668, 0.579586
0.226436, -0.826797, 0.004578, 0.583630
0.226948, -0.827789, -0.053692, 0.653152
0.227408, -0.742226, -0.070858, 0.610886
0.227945, -0.696526, -0.033627, 0.639000
0.228445, -0.662422, 0.018272, 0.760307
0.228935, -0.632420, -0.014553, 0.872078
0.229423, -0.612850, -0.073929, 0.783100
0.229912, -0.584412, -0.056820, 0.737572
0.230407, -0.595493, -0.012379, 0.788040
0.230885, -0.583668, -0.020733, 0.710220
0.231335, -0.563908, -0.032825, 0.668392
0.231888, -0.562649, 0.002651, 0.733795
0.232370, -0.544872, 0.013390, 0.787220
0.232888, -0.500145, 0.017376, 0.765896
0.233382, -0.540142, 0.069580, 0.781822
0.233912, -0.638046, 0.061512, 0.780716
0.234372, -0.736618, -0.003586, 0.741062
0.234893, -0.794525, -0.113068, 0.651989
0.235370, -0.803337, -0.041046, 0.612030
0.235901, -0.810261, -0.001812, 0.572166
0.236358, -0.801449, 0.006332, 0.567169
0.236864, -0.805664, -0.111504, 0.575314
0.237349, -0.793972, -0.135117, 0.556240
0.237856, -0.731640, -0.076923, 0.589828
0.238361, -0.687370, 0.026684, 0.642452
0.238860, -0.648899, 0.009308, 0.681095
0.239369, -0.625992, -0.095043, 0.660973
0.239868, -0.647392, -0.113544, 0.711651
0.240372, -0.641384, -0.083065, 0.646420
0.240877, -0.685215, 0.001049, 0.665359
0.241396, -0.669117, -0.052414, 0.501022
0.241869, -0.642948, -0.051231, 0.549927
0.242369, -0.627480, -0.031681, 0.704727
0.242862, -0.615807, -0.019131, 0.670586
0.243363, -0.572433, -0.056705, 0.644417
0.243868, -0.551319, -0.065746, 0.722466
0.244373, -0.542240, -0.019455, 0.767250
0.244877, -0.578785, 0.005035, 0.659828
0.245380, -0.606804, -0.062447, 0.540695
0.245883, -0.669479, -0.065994, 0.592365
0.246387, -0.719872, 0.004539, 0.704212
0.246890, -0.741558, 0.033379, 0.589066
0.247395, -0.781631, 0.002556, 0.545635
0.247897, -0.791016, -0.063305, 0.477638
0.248401, -0.792732, -0.069351, 0.428181
0.248905, -0.754185, -0.023136, 0.488243
0.249411, -0.724640, 0.013752, 0.538673
0.250356, -0.713825, 0.001125, 0.602055
0.250861, -0.678272, 0.005856, 0.578003
0.251364, -0.642223, -0.020504, 0.596848
0.251899, -0.635777, 0.014954, 0.620499
0.252401, -0.655804, 0.053158, 0.600262
0.252905, -0.692196, 0.007172, 0.511398
0.253380, -0.683556, -0.080624, 0.448360
0.253898, -0.691223, -0.066357, 0.654163
0.254400, -0.700436, 0.000458, 0.701027
0.255363, -0.869789, -0.073338, 0.546513
0.255881, -0.910702, -0.111752, 0.396194
0.256376, -0.841141, -0.076904, 0.261612
0.256880, -0.733719, 0.081062, 0.499096
0.257895, -0.630760, 0.040550, 0.753689
0.258394, -0.652256, -0.041523, 0.620289
0.258906, -0.665359, -0.063534, 0.588913
0.259375, -0.663338, -0.052299, 0.418377
0.259900, -0.677643, -0.021553, 0.448170
0.260904, -0.710087, -0.031967, 0.559025
0.261394, -0.710411, -0.058250, 0.615921
0.261878, -0.723763, -0.053616, 0.694752
0.262415, -0.688000, -0.025864, 0.634327
0.262900, -0.661469, 0.019760, 0.598793
0.263380, -0.661297, 0.020237, 0.649338
0.263910, -0.644169, -0.049019, 0.593567
0.264385, -0.651588, -0.079041, 0.535011
0.264919, -0.691185, -0.057316, 0.670948
0.265409, -0.712414, -0.027237, 0.758953
0.265912, -0.690289, -0.059280, 0.726776
0.266396, -0.697403, -0.034370, 0.714321
0.266890, -0.693722, -0.025101, 0.643349
0.267912, -0.706158, -0.079422, 0.670280
0.268416, -0.733471, -0.077381, 0.733490
0.268934, -0.735245, -0.075226, 0.609112
0.269408, -0.740585, -0.061092, 0.678406
0.269893, -0.740280, -0.039539, 0.769367
0.270400, -0.720482, -0.035000, 0.669365
0.270889, -0.703011, -0.066853, 0.592213
0.271511, -0.699387, -0.082779, 0.647964
0.271913, -0.683289, -0.068626, 0.689297
0.272386, -0.690899, -0.033188, 0.685730
0.272890, -0.709801, -0.039387, 0.736027
0.273393, -0.724545, -0.059528, 0.724506
0.273987, -0.717640, -0.054646, 0.670929
0.274490, -0.737724, -0.033188, 0.698204
0.275009, -0.719986, -0.040264, 0.734272
0.275499, -0.716591, -0.055008, 0.714703
0.275973, -0.726700, -0.038433, 0.703850
0.276455, -0.733509, -0.025043, 0.670795
0.276984, -0.744820, -0.026875, 0.684662
0.277467, -0.778408, -0.016937, 0.762806
0.277976, -0.801201, -0.031986, 0.762939
0.278473, -0.806255, -0.031471, 0.673695
0.278980, -0.824814, -0.022049, 0.675774
0.279483, -0.826874, -0.034008, 0.697212
0.279898, -0.816689, -0.026054, 0.674381
0.280460, -0.824070, -0.007401, 0.695934
0.281056, -0.825539, 0.001278, 0.686131
0.281507, -0.815697, -0.009384, 0.635872
0.281918, -0.810814, -0.023403, 0.639629
0.282449, -0.804691, -0.004997, 0.672321
0.282926, -0.784702, -0.007858, 0.643520
0.283425, -0.770798, 0.001755, 0.618343
0.283994, -0.771198, 0.004997, 0.639286
0.284420, -0.759468, -0.014610, 0.614491
0.284906, -0.756683, -0.018654, 0.595551
0.285956, -0.748348, -0.006180, 0.627651
0.286436, -0.744095, -0.004787, 0.622063
0.286936, -0.748596, -0.001431, 0.618420
0.287485, -0.739326, -0.003567, 0.596027
0.287912, -0.727539, -0.004673, 0.581646
0.288431, -0.727425, -0.001087, 0.590687
0.288939, -0.720482, -0.002518, 0.586071
0.289413, -0.705662, -0.003567, 0.566521
0.289957, -0.701065, -0.012035, 0.570240
0.290425, -0.688782, -0.006866, 0.568161
0.290948, -0.668793, -0.011501, 0.555611
0.291422, -0.663090, 0.002804, 0.557976
0.291944, -0.651073, 0.004654, 0.562763
0.292443, -0.640030, -0.012302, 0.545635
0.292924, -0.635643, -0.019760, 0.531616
0.293436, -0.624847, -0.023861, 0.532074
0.294446, -0.603142, -0.000076, 0.583801
0.294918, -0.594559, 0.003433, 0.549088
0.295434, -0.581913, -0.024567, 0.471554
0.295956, -0.568409, -0.024948, 0.490761
0.296426, -0.569191, -0.017872, 0.532799
0.296954, -0.551014, -0.007172, 0.543976
0.297467, -0.545425, -0.023746, 0.536480
0.297945, -0.548840, -0.032272, 0.515938
0.298444, -0.538845, -0.041733, 0.481777
0.298954, -0.536957, -0.020866, 0.492001
0.299927, -0.523682, -0.005531, 0.538578
0.300430, -0.521603, -0.009708, 0.467110
0.300933, -0.516033, -0.015888, 0.468216
0.301440, -0.509949, -0.033760, 0.509796
0.301942, -0.497246, -0.046005, 0.526543
0.302446, -0.490627, -0.027065, 0.542660
0.303439, -0.466938, -0.020332, 0.492020
0.303943, -0.461617, -0.029316, 0.499802
0.304449, -0.458603, -0.027199, 0.549431
0.304950, -0.452366, -0.016460, 0.561161
0.305467, -0.439777, -0.018635, 0.540581
0.305971, -0.443897, -0.011730, 0.559673
0.306480, -0.441837, -0.041409, 0.544128
0.306980, -0.441685, -0.042858, 0.523376
0.307474, -0.447845, -0.021629, 0.569916
0.308931, -0.438347, -0.023861, 0.556412
0.309939, -0.441666, -0.025959, 0.590134
0.310960, -0.443764, -0.020180, 0.631447
0.311459, -0.445366, -0.023384, 0.599804
0.311960, -0.451374, -0.005932, 0.592022
0.312476, -0.457973, 0.005779, 0.630150
0.312938, -0.451946, -0.007420, 0.620079
0.313460, -0.454903, -0.009689, 0.626163
0.314448, -0.453434, -0.002670, 0.640507
0.314954, -0.459080, -0.003757, 0.623112
0.315458, -0.459595, 0.004063, 0.684471
0.315971, -0.463371, 0.011005, 0.693569
0.316491, -0.461235, 0.015430, 0.648537
0.317083, -0.468922, 0.014229, 0.683994
0.317469, -0.466862, 0.015945, 0.716743
0.318077, -0.466309, 0.017147, 0.683956
0.318582, -0.469666, 0.017490, 0.704594
0.318944, -0.477009, 0.024776, 0.724411
0.319454, -0.479069, 0.014400, 0.694752
0.320061, -0.488644, 0.027599, 0.716782
0.320565, -0.500298, 0.042152, 0.749321
0.321073, -0.496788, 0.039463, 0.718060
0.321573, -0.512733, 0.044460, 0.723362
0.322564, -0.527344, 0.055237, 0.738049
0.323033, -0.534115, 0.053883, 0.740700
0.323532, -0.543022, 0.063820, 0.777855
0.324050, -0.547581, 0.071373, 0.769482
0.324504, -0.553722, 0.068970, 0.755520
0.325023, -0.565186, 0.069771, 0.776806
0.325528, -0.568333, 0.077038, 0.789738
0.325955, -0.573959, 0.083637, 0.786343
0.326548, -0.579319, 0.093536, 0.797215
0.327014, -0.580959, 0.085678, 0.791206
0.327509, -0.584126, 0.086918, 0.785236
0.327976, -0.592403, 0.095444, 0.809956
0.328505, -0.599232, 0.094070, 0.822754
0.328978, -0.598221, 0.090942, 0.810013
0.329523, -0.603657, 0.092297, 0.806770
0.330013, -0.606155, 0.099125, 0.816059
0.330499, -0.608482, 0.101738, 0.824242
0.330962, -0.610542, 0.099602, 0.825253
0.331500, -0.612183, 0.106468, 0.821552
0.331974, -0.610008, 0.114193, 0.817699
0.332496, -0.619869, 0.119038, 0.831032
0.332977, -0.622730, 0.114555, 0.838604
0.334008, -0.620232, 0.106888, 0.862694
0.334504, -0.621738, 0.106068, 0.867214
0.334996, -0.617790, 0.106735, 0.844479
0.335482, -0.621815, 0.109653, 0.854492
0.335966, -0.622635, 0.119686, 0.878048
0.336490, -0.623741, 0.125542, 0.871468
0.337497, -0.626183, 0.123596, 0.877590
0.337985, -0.625744, 0.125046, 0.861301
0.338507, -0.626183, 0.122051, 0.867691
0.338979, -0.627213, 0.117264, 0.885315
0.339505, -0.630360, 0.120316, 0.877495
0.339996, -0.627365, 0.121994, 0.867882
0.340482, -0.638199, 0.134659, 0.874863
0.341013, -0.637932, 0.137959, 0.875015
0.341511, -0.638294, 0.129375, 0.871944
0.342000, -0.641975, 0.129242, 0.886974
0.342482, -0.642891, 0.131550, 0.883427
0.343020, -0.642490, 0.128841, 0.869656
0.343502, -0.650101, 0.132885, 0.875149
0.344978, -0.647755, 0.118217, 0.906715
0.345482, -0.649414, 0.114994, 0.895786
0.345984, -0.652618, 0.112457, 0.872478
0.346489, -0.655689, 0.114632, 0.891857
0.347026, -0.654602, 0.116348, 0.896263
0.347502, -0.653076, 0.117378, 0.880699
0.348024, -0.657501, 0.109024, 0.868301
0.348491, -0.651684, 0.099983, 0.873241
0.349027, -0.652561, 0.105095, 0.883961
0.349513, -0.655117, 0.113220, 0.883942
0.350032, -0.654392, 0.113029, 0.874805
0.350493, -0.660763, 0.111294, 0.864620
0.351024, -0.662441, 0.099812, 0.859165
0.351530, -0.663548, 0.101204, 0.876503
0.352002, -0.676746, 0.113125, 0.862408
0.352506, -0.692711, 0.110054, 0.827866
0.353530, -0.738583, 0.119648, 0.884323
0.354047, -0.745392, 0.111675, 0.866299
0.354520, -0.758495, 0.109138, 0.858326
0.355040, -0.757446, 0.096703, 0.847435
0.355518, -0.761127, 0.092258, 0.832062
0.357021, -0.785065, 0.112591, 0.813084
0.357514, -0.863628, 0.092602, 0.778980
0.358031, -1.598530, 0.017757, 0.479221
0.358513, -2.363834, -0.075397, 0.403366
0.358997, -2.340107, 0.287132, 2.530460
0.359518, -1.931572, 0.488911, 2.639599
0.360035, -1.371460, 0.460186, 0.803890
0.360549, -0.943165, -0.100861, -1.197777
0.361026, -0.571918, -0.406342, -1.590443
0.361520, -0.669575, 0.043144, 0.255451
0.362010, -0.798130, 0.277710, 0.523415
0.362533, -1.036663, 0.198689, 0.715466
0.363023, -1.128559, 0.083561, 1.587677
0.363512, -0.986652, -0.090675, 0.870209
0.364030, -0.821285, 0.017910, 0.401382
0.364507, -0.606270, 0.103855, 0.005741
0.365160, -0.572529, 0.032330, -0.141964
0.365511, -0.615826, 0.035019, 0.271645
0.366017, -0.714664, 0.021019, 0.713921
0.366627, -0.850220, 0.061188, 1.081924
0.367149, -0.768070, -0.020885, 0.627022
0.367645, -0.747547, -0.000935, 0.608120
0.368509, -0.596714, 0.031967, 0.006561
0.369158, -0.620193, 0.038662, 0.340366
0.369618, -0.656681, 0.004902, 0.690308
0.370136, -0.664101, 0.048504, 0.601006
0.370584, -0.724354, 0.064850, 0.511818
0.371084, -0.756607, 0.033989, 0.557480
0.371616, -0.702515, 0.024071, 0.509949
0.372077, -0.670929, 0.028400, 0.328636
0.372583, -0.716629, 0.093689, 0.566692
0.373086, -0.700874, 0.048370, 0.403996
0.373590, -0.697269, -0.011253, 0.314598
0.374018, -0.751457, 0.037003, 0.657425
0.374583, -0.729008, 0.017662, 0.491657
0.375082, -0.722828, 0.058136, 0.374413
0.375578, -0.737915, 0.097466, 0.517292
0.376069, -0.748177, 0.057831, 0.432396
0.376565, -0.752811, 0.030842, 0.329170
0.377047, -0.767612, 0.054207, 0.466671
0.377544, -0.784245, 0.078716, 0.535717
0.378045, -0.760345, 0.050240, 0.326538
0.378550, -0.767288, 0.042629, 0.391827
0.379054, -0.772629, 0.054588, 0.519524
0.379531, -0.737419, 0.055046, 0.358963
0.380031, -0.739727, 0.088615, 0.420189
0.380535, -0.747032, 0.145664, 0.493259
0.381039, -0.715466, 0.109291, 0.405922
0.381542, -0.719624, 0.089550, 0.420055
0.382046, -0.734825, 0.043945, 0.451546
0.382550, -0.705624, 0.032940, 0.429039
0.383053, -0.693302, 0.062923, 0.473385
0.383557, -0.705128, 0.108547, 0.525951
0.384045, -0.688190, 0.122967, 0.396919
0.384550, -0.686340, 0.100117, 0.380592
0.385053, -0.711765, 0.086689, 0.546894
0.385557, -0.700798, 0.054703, 0.459862
0.386060, -0.714016, 0.035839, 0.418892
0.386564, -0.748901, 0.047665, 0.570221
0.387068, -0.750751, 0.036564, 0.491982
0.387569, -0.740471, 0.028839, 0.381470
0.388031, -0.750523, 0.051651, 0.518970
0.388532, -0.748959, 0.047474, 0.531044
0.389048, -0.739574, 0.022583, 0.447102
0.389574, -0.752773, 0.025539, 0.508842
0.390570, -0.753002, 0.023365, 0.474796
0.391068, -0.770969, 0.024910, 0.569344
0.391567, -0.773907, 0.016899, 0.565948
0.392048, -0.749760, -0.022984, 0.498028
0.392570, -0.750008, -0.019531, 0.574837
0.393044, -0.763760, -0.005131, 0.585194
0.393562, -0.744877, -0.009727, 0.519943
0.394046, -0.747337, -0.001907, 0.611858
0.394549, -0.740414, -0.002556, 0.668106
0.395558, -0.726624, -0.021095, 0.553684
0.396046, -0.741558, -0.010757, 0.656948
0.396578, -0.730228, -0.021515, 0.621243
0.397067, -0.725040, -0.021744, 0.627708
0.397549, -0.735226, -0.014343, 0.705624
0.398077, -0.724144, -0.019054, 0.666084
0.398574, -0.708275, -0.035915, 0.632019
0.399057, -0.710793, -0.017300, 0.683022
0.399556, -0.711174, -0.006008, 0.649338
0.400564, -0.703392, -0.009766, 0.750256
0.401062, -0.696316, -0.018349, 0.683708
0.401553, -0.682297, -0.025654, 0.664272
0.402594, -0.703621, 0.006199, 0.717888
0.403097, -0.688095, -0.015774, 0.676289
0.403600, -0.688190, -0.028229, 0.751457
0.404059, -0.700703, -0.016632, 0.747719
0.404599, -0.688610, -0.008106, 0.682373
0.405085, -0.694408, 0.002956, 0.699863
0.405570, -0.705891, 0.018539, 0.736485
0.406062, -0.697594, 0.005684, 0.715275
0.406609, -0.705032, -0.006886, 0.717888
0.407068, -0.713730, -0.019493, 0.722351
0.407557, -0.732498, -0.012589, 0.718327
0.408090, -0.743694, 0.014954, 0.735817
0.408602, -0.755520, 0.051956, 0.707245
0.409101, -0.778160, 0.040607, 0.683098
0.409597, -0.809402, -0.005016, 0.721226
0.410085, -0.817394, 0.017166, 0.720787
0.410564, -0.817299, 0.076027, 0.668259
0.411112, -0.805035, 0.083218, 0.692158
0.412563, -0.832367, 0.001030, 0.714149
0.413067, -0.826416, 0.030403, 0.724907
0.414406, 0.722427, -0.805702, -0.004025
0.414585, 0.737267, -0.797653, -0.018063
0.415402, -0.801449, 0.016975, 0.711231
0.415811, -0.774403, -0.011501, 0.739307
0.416240, -0.770111, -0.033512, 0.757599
0.416789, -0.759029, -0.058594, 0.752106
0.417354, -0.720463, -0.077591, 0.848961
0.417677, -0.677471, -0.118389, 0.886459
0.418168, -0.654163, -0.077152, 0.859566
0.418684, -0.658817, -0.009384, 0.812073
0.419101, -0.676823, 0.013676, 0.762520
0.419709, -0.729923, -0.023689, 0.794296
0.420153, -0.779285, -0.030327, 0.799694
0.420654, -0.800209, 0.007057, 0.724277
0.421129, -0.803795, 0.065594, 0.737495
0.421631, -0.810032, 0.056114, 0.798645
0.422115, -0.817337, 0.007191, 0.781059
0.422610, -0.816402, 0.028877, 0.747623
0.423106, -0.795212, 0.024986, 0.740871
0.423641, -0.754471, 0.038109, 0.746803
0.424105, -0.737476, -0.005989, 0.781612
0.424624, -0.714836, -0.027809, 0.801067
0.425083, -0.658817, -0.027294, 0.755825
0.425594, -0.667248, -0.015640, 0.834045
0.426105, -0.680904, 0.057144, 0.893879
0.426608, -0.696259, 0.060959, 0.837173
0.427115, -0.737858, 0.052853, 0.830917
0.427588, -0.748234, 0.025921, 0.771160
0.428107, -0.695343, 0.039425, 0.752106
0.428629, -0.636940, 0.015621, 0.717602
0.429098, -0.630703, -0.017586, 0.724926
0.429626, -0.635738, 0.008183, 0.812855
0.430095, -0.599327, 0.012836, 0.816097
0.430604, -0.561638, -0.032520, 0.848427
0.431097, -0.627518, -0.031166, 0.917816
0.431601, -0.693874, -0.019112, 0.970764
0.432125, -0.704060, -0.062199, 1.020069
0.432623, -0.725937, -0.153351, 1.076946
0.433128, -0.714302, -0.236702, 1.117344
0.433633, -0.657291, -0.110626, 1.093807
0.434095, -0.572453, 0.032673, 0.857296
0.434639, -0.524883, 0.145721, 0.632343
0.435142, -0.502605, 0.148144, 0.450668
0.436594, -0.723095, 0.285473, 0.649357
0.437098, -0.830116, 0.298443, 0.682697
0.437605, -0.911369, 0.309238, 0.631123
0.438105, -0.924416, 0.300961, 0.501289
0.438615, -0.936680, 0.305405, 0.396194
0.439113, -0.962334, 0.328274, 0.377769
0.439633, -0.954285, 0.323296, 0.437641
0.440152, -0.965824, 0.327129, 0.491409
0.440599, -0.982094, 0.322170, 0.504360
0.441098, -0.957298, 0.319519, 0.492878
0.441638, -0.912533, 0.269127, 0.462704
0.442145, -0.925522, 0.272961, 0.489426
0.442642, -0.930576, 0.306721, 0.506859
0.443124, -0.880413, 0.320015, 0.449715
0.443617, -0.825596, 0.252647, 0.458508
0.444121, -0.782566, 0.198746, 0.584812
0.444627, -0.702591, 0.242748, 0.606728
0.445603, -0.739841, 0.250092, 0.754986
0.446150, -0.780334, 0.165806, 0.741310
0.446653, -0.804691, 0.133057, 0.613747
0.447158, -0.756969, 0.081329, 0.497437
0.447661, -0.703678, 0.074348, 0.579453
0.448108, -0.670033, 0.111523, 0.699768
0.448614, -0.636654, 0.096207, 0.724640
0.449113, -0.610962, 0.075111, 0.875130
0.449619, -0.594349, 0.020008, 0.835171
0.450120, -0.601864, 0.042782, 0.777206
0.450624, -0.541935, 0.050964, 0.676289
0.451128, -0.502396, 0.029907, 0.611973
0.451617, -0.508652, -0.013638, 0.715675
0.452120, -0.574226, -0.039673, 0.769138
0.453143, -0.699024, -0.019073, 0.840683
0.453659, -0.632019, -0.070133, 0.707664
0.454140, -0.611763, -0.043583, 0.727196
0.454643, -0.564156, -0.049324, 0.674381
0.455166, -0.510597, -0.056438, 0.727768
0.455616, -0.486279, -0.092888, 0.843296
0.456149, -0.475616, -0.138760, 0.773907
0.456663, -0.525627, -0.110168, 0.847778
0.457122, -0.551300, -0.128517, 0.777893
0.457645, -0.611897, -0.126019, 0.685310
0.458123, -0.662041, -0.134430, 0.657616
0.458657, -0.688400, -0.156803, 0.612450
0.459141, -0.754013, -0.122013, 0.673885
0.459749, -0.774632, -0.133324, 0.593395
0.460133, -0.788784, -0.131073, 0.615273
0.460758, -0.803051, -0.162487, 0.612011
0.461260, -0.769482, -0.167198, 0.563641
0.461763, -0.695953, -0.154476, 0.653439
0.462258, -0.652714, -0.154629, 0.593567
0.462745, -0.668335, -0.139313, 0.665302
0.463245, -0.670776, -0.156250, 0.707417
0.463774, -0.685310, -0.163994, 0.629921
0.464218, -0.692272, -0.172901, 0.590668
0.464712, -0.702057, -0.168552, 0.581188
0.465231, -0.746174, -0.170593, 0.617752
0.465707, -0.782452, -0.160027, 0.586090
0.466219, -0.809155, -0.159836, 0.563011
0.466704, -0.789623, -0.154934, 0.547333
0.467201, -0.798473, -0.161915, 0.526104
0.467706, -0.823288, -0.157719, 0.602684
0.468194, -0.822201, -0.162010, 0.629177
0.468684, -0.820808, -0.154095, 0.615921
0.469158, -0.832882, -0.149326, 0.603123
0.469675, -0.842171, -0.142956, 0.628319
0.470674, -0.754948, -0.127602, 0.576782
0.471155, -0.701637, -0.144806, 0.575447
0.471659, -0.694809, -0.171795, 0.677128
0.472177, -0.708981, -0.158882, 0.815315
0.472681, -0.691166, -0.158939, 0.788956
0.473147, -0.633411, -0.174408, 0.650330
0.473659, -0.611572, -0.175552, 0.648136
0.474159, -0.586929, -0.138493, 0.688038
0.474652, -0.559673, -0.119972, 0.734863
0.475145, -0.561790, -0.111427, 0.802059
0.475672, -0.574818, -0.133801, 0.784626
0.477145, -0.660267, -0.149918, 0.693874
0.477645, -0.695400, -0.109196, 0.723515
0.478148, -0.758266, -0.111065, 0.629673
0.478696, -0.815411, -0.116577, 0.711555
0.479200, -0.870247, -0.126953, 0.711250
0.480160, -0.790348, -0.096054, 0.628204
0.480661, -0.683556, -0.081482, 0.530720
0.481161, -0.646973, -0.068436, 0.637207
0.481666, -0.633030, -0.062103, 0.831089
0.482196, -0.590038, -0.065308, 0.968437
0.482686, -0.546665, -0.083580, 0.832787
0.483677, -0.512085, -0.098763, 0.767288
0.484192, -0.500336, -0.075970, 0.730839
0.484669, -0.576286, -0.056324, 0.738735
0.485163, -0.632477, -0.060196, 0.794544
0.485677, -0.671692, -0.072308, 0.686836
0.486778, -0.759525, -0.099564, 0.620518
0.487207, -0.771999, -0.088043, 0.672989
0.487706, -0.776825, -0.048714, 0.634785
0.488165, -0.778255, -0.026436, 0.654469
0.488668, -0.742779, -0.039635, 0.700550
0.489171, -0.695457, -0.050831, 0.634079
0.489690, -0.703831, -0.053520, 0.667286
0.490159, -0.716038, -0.017433, 0.732346
0.490677, -0.685730, -0.033817, 0.678406
0.491170, -0.640106, -0.039921, 0.580006
0.491689, -0.614147, -0.052128, 0.659313
0.492197, -0.617008, -0.023689, 0.789413
0.492671, -0.627537, -0.042400, 0.731316
0.493178, -0.649586, -0.049553, 0.737743
0.493683, -0.589447, -0.078411, 0.698414
0.494185, -0.555820, -0.053406, 0.657845
0.494674, -0.560589, -0.014420, 0.722523
0.495200, -0.563164, -0.021629, 0.649643
0.495710, -0.558758, -0.042210, 0.682564
0.496181, -0.574379, -0.038872, 0.718079
0.496703, -0.600338, -0.036335, 0.705585
0.497217, -0.629387, -0.020618, 0.700169
0.497685, -0.655746, -0.024681, 0.661335
0.498213, -0.673542, -0.030499, 0.640297
0.498713, -0.660248, -0.039062, 0.571785
0.499179, -0.644665, -0.028152, 0.615444
0.499728, -0.640049, 0.005436, 0.693436
0.500180, -0.636482, -0.009041, 0.640812
0.500697, -0.637417, -0.017719, 0.666332
0.501202, -0.617809, -0.010147, 0.699787
0.501733, -0.611324, 0.008144, 0.658283
0.502198, -0.615387, -0.000820, 0.658913
0.502716, -0.647755, -0.007973, 0.648174
0.503188, -0.657597, -0.001392, 0.634212
0.503708, -0.645313, 0.015049, 0.609207
0.504199, -0.602989, -0.010738, 0.644150
0.504711, -0.565147, 0.021610, 0.651360
0.505225, -0.538883, 0.049591, 0.660191
0.505682, -0.517597, 0.070038, 0.695343
0.506200, -0.482578, 0.028076, 0.635967
0.506704, -0.499172, 0.006485, 0.626106
0.507226, -0.538006, 0.042953, 0.698452
0.507810, -0.590191, 0.087833, 0.689716
0.508328, -0.644970, 0.112724, 0.682583
0.508692, -0.751781, 0.076637, 0.668316
0.509199, -0.859394, 0.074787, 0.618134
0.510290, -1.131668, 0.218449, 0.681057
0.510806, -1.134739, 0.332794, 0.737991
0.511303, -1.019001, 0.300255, 0.685616
0.511810, -0.817356, 0.100327, 0.623550
0.512303, -0.627384, -0.096397, 0.497246
0.512802, -0.507259, -0.161648, 0.432091
0.513297, -0.458488, -0.106888, 0.557270
0.513813, -0.464993, -0.080109, 0.707493
0.514285, -0.485249, -0.103302, 0.730972
0.514715, -0.534134, -0.142136, 0.721073
0.515350, -0.557270, -0.182228, 0.712051
0.515754, -0.565033, -0.186062, 0.629711
0.516266, -0.578232, -0.179195, 0.531349
0.516772, -0.597248, -0.158710, 0.546207
0.517246, -0.616913, -0.169296, 0.638657
0.517750, -0.625057, -0.198212, 0.624008
0.518255, -0.625591, -0.197544, 0.617294
0.518757, -0.637894, -0.189304, 0.652237
0.519207, -0.674248, -0.167370, 0.633163
0.519706, -0.694695, -0.172729, 0.593739
0.520209, -0.702114, -0.191708, 0.573483
0.520713, -0.698814, -0.224171, 0.572739
0.521216, -0.701904, -0.206318, 0.619678
0.521721, -0.705681, -0.192318, 0.674133
0.522224, -0.694199, -0.155563, 0.677338
0.522745, -0.696564, -0.142002, 0.654869
0.523722, -0.684528, -0.124683, 0.644321
0.524746, -0.666656, -0.099926, 0.700951
0.525204, -0.663872, -0.107174, 0.684891
0.525730, -0.666256, -0.101471, 0.674324
0.526251, -0.675430, -0.075550, 0.695095
0.526724, -0.667591, -0.046749, 0.700817
0.527247, -0.669765, -0.027790, 0.702248
0.527734, -0.680008, -0.047226, 0.702305
0.528734, -0.687866, -0.054913, 0.672779
0.529259, -0.685959, -0.038986, 0.716610
0.529744, -0.689449, -0.017319, 0.748425
0.530236, -0.677834, -0.006371, 0.720558
0.530711, -0.670414, 0.016823, 0.710907
0.531245, -0.648842, 0.006237, 0.712967
0.531733, -0.647488, -0.017815, 0.703793
0.532218, -0.652828, -0.015526, 0.753841
0.532752, -0.655460, 0.018845, 0.775146
0.533255, -0.652847, 0.051022, 0.744743
0.533786, -0.646954, 0.055962, 0.709877
0.534231, -0.611496, 0.054016, 0.692215
0.534749, -0.593853, 0.046501, 0.736923
0.535236, -0.575848, 0.038013, 0.727501
0.535717, -0.554371, 0.044022, 0.723820
0.536248, -0.522404, 0.075111, 0.727825
0.537249, -0.532093, 0.060349, 0.718079
0.537744, -0.550518, 0.060883, 0.683270
0.538230, -0.536308, 0.097179, 0.671940
0.538758, -0.480804, 0.064678, 0.598965
0.539246, -0.516758, 0.039406, 0.604610
0.539759, -0.604820, 0.068398, 0.630989
0.540237, -0.616837, 0.128956, 0.581493
0.540733, -0.701923, 0.157166, 0.576954
0.541246, -0.620232, 0.143261, 0.525723
0.541748, -0.476322, 0.157776, 0.413570
0.542230, -0.453720, 0.177841, 0.414314
0.542772, -0.507755, 0.206757, 0.494175
0.543251, -0.616341, 0.236301, 0.577984
0.543751, -0.617199, 0.266705, 0.520687
0.544254, -0.513363, 0.246677, 0.461292
0.544741, -0.518227, 0.204239, 0.386982
0.545245, -0.633545, 0.214214, 0.339298
0.545778, -0.664387, 0.263691, 0.418758
0.546267, -0.735359, 0.287762, 0.432110
0.546771, -0.806923, 0.255852, 0.489044
0.547264, -0.893993, 0.327988, 0.425301
0.547768, -1.009560, 0.429535, 0.372543
0.548268, -0.973663, 0.571823, 0.482407
0.548776, -0.828533, 0.462570, 0.450401
0.549248, -0.875072, 0.320530, 0.489941
0.549742, -0.809288, 0.268803, 0.519695
0.550254, -0.656719, 0.282574, 0.478897
0.550773, -0.628204, 0.283661, 0.472183
0.551277, -0.496826, 0.224991, 0.459785
0.552243, -0.479145, 0.180206, 0.631447
0.552773, -0.480251, 0.145473, 0.703392
0.553247, -0.445175, 0.158043, 0.696030
0.553810, -0.419426, 0.096722, 0.603428
0.554268, -0.409908, 0.060863, 0.589619
0.554925, -0.403328, 0.057087, 0.568256
0.555401, -0.411720, 0.056820, 0.624237
0.555756, -0.508499, 0.052738, 0.703659
0.556262, -0.601330, 0.063305, 0.682449
0.556849, -0.696526, 0.108738, 0.664597
0.557364, -0.889664, 0.153923, 0.616608
0.557844, -1.214790, 0.237675, 0.659351
0.558343, -1.199932, 0.339699, 0.655346
0.558869, -0.626030, 0.185127, 0.622292
0.559338, -0.442753, -0.044937, 0.642052
0.559834, -0.466976, -0.147572, 0.522480
0.560339, -0.523891, -0.035648, 0.637245
0.560808, -0.522156, 0.069790, 0.796356
0.561363, -0.540752, -0.000267, 0.788822
0.561823, -0.559921, -0.037594, 0.754128
0.562362, -0.430927, -0.135880, 0.562210
0.562803, -0.385227, -0.095558, 0.656052
0.563341, -0.373440, -0.061245, 0.710487
0.563868, -0.375748, -0.064449, 0.631390
0.564283, -0.395870, -0.084362, 0.793190
0.564836, -0.431156, -0.132713, 0.791721
0.565305, -0.427856, -0.111160, 0.745029
0.565779, -0.426693, -0.076714, 0.703888
0.566271, -0.451202, -0.088062, 0.622616
0.566773, -0.558376, -0.141487, 0.538139
0.567279, -0.695381, -0.156918, 0.552235
0.567780, -0.775223, 0.003815, 0.759430
0.568283, -0.795021, 0.068722, 0.761700
0.568787, -1.208076, 0.019855, 0.657234
0.569309, -1.975384, -0.077744, 0.643635
0.569768, -2.070580, 0.050678, 0.613747
0.570773, -0.577221, 0.121346, 0.408363
0.571326, -0.623341, -0.219021, 0.477695
0.571779, -0.874691, -0.288868, 0.659485
0.572285, -0.991650, -0.015488, 0.991249
0.572786, -1.028271, 0.152912, 1.226864
0.573293, -0.878639, 0.016594, 1.016579
0.573816, -0.814209, -0.115204, 0.714264
0.574268, -0.555305, -0.147247, 0.726719
0.574772, -0.217934, -0.113811, 0.765018
0.575266, -0.164871, -0.016289, 0.953503
0.575816, -0.145855, 0.012283, 1.082153
0.576298, -0.210209, -0.020561, 1.172066
0.576786, -0.287018, -0.142059, 1.111584
0.577275, -0.277672, -0.155716, 1.024208
0.577797, -0.389671, -0.102577, 0.839558
0.578298, -0.588684, -0.082512, 0.603027
0.578790, -0.781918, -0.089169, 0.813694
0.579279, -0.830078, -0.105972, 0.825443
0.579780, -0.786572, -0.053024, 0.766945
0.580282, -0.752735, -0.006504, 0.774975
0.580786, -0.671501, -0.037422, 0.664730
0.581290, -0.605145, -0.067177, 0.661526
0.581794, -0.691071, -0.020123, 0.586605
0.582297, -0.846233, -0.017147, 0.665703
0.582801, -0.995674, -0.050983, 0.797043
0.583305, -1.161022, -0.135593, 0.693016
0.583814, -1.210327, -0.075207, 0.698013
0.584327, -1.102657, -0.027885, 0.585423
0.584831, -1.013775, 0.028667, 0.540199
0.585809, -0.818996, 0.044785, 0.564499
0.586298, -0.776119, 0.040627, 0.671120
0.586802, -0.730572, 0.004654, 0.768394
0.587305, -0.702095, -0.006294, 0.736389
0.587809, -0.668278, 0.018349, 0.666943
0.588312, -0.635738, 0.057583, 0.683689
0.588816, -0.618210, 0.045319, 0.701084
0.589320, -0.638161, 0.027237, 0.662231
0.589823, -0.639915, 0.025921, 0.745811
0.590324, -0.665665, 0.017509, 0.733986
0.590819, -0.703316, -0.041351, 0.697994
0.591295, -0.745010, -0.082932, 0.727882
0.591787, -0.760765, -0.090256, 0.685558
0.592329, -0.757065, -0.063324, 0.662556
0.593322, -0.711384, -0.032825, 0.697956
0.593822, -0.693836, -0.020790, 0.685787
0.594311, -0.709839, -0.016232, 0.680180
0.594846, -0.768299, 0.014782, 0.717869
0.595310, -0.757885, -0.008869, 0.725574
0.595808, -0.722122, 0.001812, 0.686722
0.596796, -0.673103, 0.041161, 0.620289
0.597312, -0.718651, 0.034332, 0.618534
0.597804, -0.770798, 0.006199, 0.679340
0.598330, -0.815220, -0.014000, 0.731087
0.598801, -0.879364, -0.023708, 0.657749
0.599334, -0.903358, 0.004406, 0.683365
0.599818, -0.890408, 0.004826, 0.650387
0.600341, -0.886707, 0.009403, 0.554638
0.600808, -0.889797, 0.014591, 0.578213
0.601324, -0.882111, 0.014153, 0.641499
0.601809, -0.900841, 0.026112, 0.667152
0.602312, -0.872765, 0.034962, 0.704689
0.602896, -0.836163, 0.031338, 0.702953
0.603319, -0.796318, 0.025196, 0.653839
0.603824, -0.772667, 0.033398, 0.626450
0.604386, -0.746803, 0.028000, 0.685616
0.604890, -0.733757, 0.015488, 0.691986
0.605380, -0.726051, 0.012264, 0.731239
0.605902, -0.702744, 0.003033, 0.792694
0.606358, -0.680294, -0.004463, 0.751400
0.606889, -0.678654, -0.005226, 0.733032
0.607363, -0.663242, -0.008469, 0.748158
0.607851, -0.652046, -0.012608, 0.732307
0.608371, -0.657043, -0.009518, 0.720615
0.608828, -0.672626, -0.020809, 0.762939
0.609364, -0.685520, -0.037937, 0.761299
0.609834, -0.692101, -0.040493, 0.735111
0.610318, -0.698204, -0.035095, 0.747318
0.610876, -0.686340, -0.039845, 0.735703
0.611319, -0.687771, -0.037327, 0.703716
0.611824, -0.691681, -0.039520, 0.720634
0.612326, -0.701809, -0.049458, 0.721512
0.612831, -0.719891, -0.056973, 0.719299
0.613334, -0.748405, -0.055809, 0.740604
0.613867, -0.777016, -0.061798, 0.724716
0.614845, -0.789185, -0.059490, 0.691662
0.615349, -0.792141, -0.053654, 0.682487
0.615853, -0.809155, -0.054951, 0.670528
0.616357, -0.822086, -0.049992, 0.695229
0.616861, -0.824509, -0.048504, 0.721245
0.617352, -0.816364, -0.046921, 0.694141
0.617899, -0.800705, -0.044308, 0.688667
0.618327, -0.783100, -0.035305, 0.714149
0.618877, -0.767632, -0.037613, 0.697441
0.619376, -0.767593, -0.028706, 0.682678
0.619845, -0.762501, -0.019627, 0.705738
0.620345, -0.762291, -0.019112, 0.718098
0.620847, -0.754242, -0.023632, 0.715351
0.621857, -0.736485, -0.018005, 0.702610
0.622375, -0.734539, -0.005436, 0.686131
0.622862, -0.727692, 0.009270, 0.720654
0.623380, -0.714493, 0.004559, 0.714664
0.623947, -0.712872, 0.008831, 0.701981
0.624344, -0.713215, 0.006237, 0.732479
0.624875, -0.712395, 0.005932, 0.725136
0.625379, -0.716763, 0.008888, 0.703049
0.625861, -0.728474, 0.016193, 0.724602
0.626359, -0.725441, 0.019913, 0.709877
0.626857, -0.741043, 0.024776, 0.680733
0.627349, -0.766773, 0.040073, 0.699883
0.627868, -0.796967, 0.038357, 0.711727
0.628377, -0.826359, 0.030918, 0.669098
0.628834, -0.854721, 0.026302, 0.662251
0.629335, -0.879173, 0.031090, 0.674934
0.629858, -0.895348, 0.041637, 0.671425
0.630363, -0.911121, 0.052834, 0.689201
0.630885, -0.919342, 0.048084, 0.699348
0.631346, -0.923576, 0.048084, 0.669460
0.631862, -0.931778, 0.053577, 0.650368
0.632375, -0.938797, 0.064831, 0.669250
0.632885, -0.931110, 0.068169, 0.687771
0.633345, -0.935688, 0.057259, 0.679874
0.633883, -0.939102, 0.049553, 0.694447
0.634348, -0.945721, 0.049343, 0.689373
0.634854, -0.941105, 0.053730, 0.675583
0.635380, -0.943832, 0.064507, 0.688858
0.635883, -0.945454, 0.065918, 0.672550
0.636390, -0.944252, 0.053577, 0.655518
0.636876, -0.943851, 0.052166, 0.666180
0.637380, -0.941105, 0.051632, 0.669746
0.637883, -0.942440, 0.063782, 0.668831
0.638387, -0.942631, 0.061169, 0.663071
0.638890, -0.945110, 0.053596, 0.658321
0.639381, -0.941486, 0.047874, 0.642090
0.639885, -0.941601, 0.053501, 0.645752
0.640390, -0.936527, 0.056477, 0.643978
0.640892, -0.931549, 0.051460, 0.624676
0.641381, -0.930347, 0.051670, 0.617828
0.641885, -0.924644, 0.048428, 0.613346
0.642376, -0.921974, 0.048714, 0.599270
0.642861, -0.917969, 0.052223, 0.597305
0.643410, -0.906811, 0.056801, 0.592899
0.643856, -0.901394, 0.054855, 0.573578
0.644386, -0.899944, 0.043926, 0.575542
0.644882, -0.894146, 0.042477, 0.585613
0.645381, -0.874882, 0.042477, 0.575256
0.645887, -0.868549, 0.037670, 0.574093
0.646373, -0.856361, 0.029774, 0.581913
0.646877, -0.847740, 0.028477, 0.561161
0.647396, -0.835438, 0.023689, 0.566254
0.647858, -0.824432, 0.012207, 0.576248
0.648404, -0.815945, -0.000725, 0.559711
0.648966, -0.803642, -0.006275, 0.542011
0.649470, -0.797958, 0.001335, 0.534458
0.649877, -0.794697, 0.003853, 0.521488
0.650463, -0.785847, 0.010929, 0.507298
0.650862, -0.775871, 0.017357, 0.509605
0.651444, -0.769043, 0.016899, 0.508423
0.651943, -0.762348, 0.016785, 0.492859
0.652447, -0.754871, 0.023899, 0.486546
0.652950, -0.751095, 0.025368, 0.488052
0.653454, -0.748539, 0.035324, 0.471363
0.654002, -0.740871, 0.041580, 0.470352
0.654447, -0.738831, 0.041580, 0.461006
0.654950, -0.729218, 0.035667, 0.455647
0.655424, -0.723763, 0.036392, 0.459442
0.655944, -0.716724, 0.044765, 0.457630
0.656403, -0.707874, 0.046196, 0.455933
0.656923, -0.699482, 0.047703, 0.451088
0.657440, -0.688591, 0.048485, 0.452118
0.657887, -0.679455, 0.048103, 0.445385
0.658388, -0.657482, 0.047169, 0.442200
0.658883, -0.647030, 0.053749, 0.450592
0.659383, -0.638447, 0.054703, 0.447063
0.659873, -0.622215, 0.056400, 0.445137
0.660415, -0.613098, 0.058651, 0.444565
0.660912, -0.599422, 0.061054, 0.437584
0.661379, -0.589962, 0.056515, 0.442390
0.661897, -0.582047, 0.057201, 0.445995
0.662426, -0.582504, 0.059662, 0.449085
0.662889, -0.580864, 0.053635, 0.447025
0.663386, -0.573502, 0.057583, 0.445118
0.663922, -0.567112, 0.054531, 0.445194
0.664400, -0.557442, 0.057964, 0.440979
0.664915, -0.544987, 0.061951, 0.457401
0.665425, -0.534515, 0.070343, 0.464096
0.665897, -0.519619, 0.065575, 0.467243
0.666407, -0.504799, 0.057983, 0.468349
0.667422, -0.488472, 0.055790, 0.507374
0.667886, -0.487328, 0.064812, 0.509644
0.668396, -0.478878, 0.065975, 0.509453
0.668919, -0.476894, 0.060978, 0.517368
0.669393, -0.476627, 0.059986, 0.519619
0.669919, -0.477409, 0.056992, 0.527287
0.671419, -0.490265, 0.050812, 0.545406
0.671940, -0.495377, 0.048504, 0.550880
0.672396, -0.495510, 0.042343, 0.561962
0.672908, -0.498104, 0.043583, 0.568275
0.673437, -0.499535, 0.049343, 0.579300
0.673923, -0.500069, 0.052319, 0.586090
0.674399, -0.498466, 0.043659, 0.582352
0.674910, -0.503674, 0.039139, 0.591946
0.675425, -0.507793, 0.033817, 0.608883
0.675930, -0.506573, 0.038452, 0.633698
0.676425, -0.507317, 0.040760, 0.645504
0.676933, -0.505409, 0.044804, 0.647221
0.677936, -0.504665, 0.040359, 0.652676
0.678411, -0.505581, 0.041885, 0.675907
0.678919, -0.497074, 0.044804, 0.689163
0.679424, -0.498905, 0.041122, 0.694046
0.679941, -0.498066, 0.040627, 0.708485
0.680430, -0.504341, 0.030479, 0.709705
0.680918, -0.503178, 0.030212, 0.718346
0.681408, -0.505428, 0.031853, 0.741062
0.681911, -0.511913, 0.044460, 0.759583
0.682415, -0.514317, 0.050907, 0.748672
0.682904, -0.517826, 0.050049, 0.738564
0.683452, -0.527000, 0.040550, 0.744781
0.684430, -0.534649, 0.032272, 0.807266
0.684934, -0.540047, 0.023365, 0.810623
0.685422, -0.538902, 0.019016, 0.789185
0.685924, -0.545025, 0.027122, 0.804920
0.686418, -0.551338, 0.031204, 0.824280
0.686920, -0.553932, 0.028286, 0.824738
0.687410, -0.554428, 0.017967, 0.828724
0.687962, -0.560875, 0.023651, 0.848064
0.688446, -0.559044, 0.019035, 0.846558
0.688953, -0.551376, 0.016651, 0.839882
0.689448, -0.555000, 0.011826, 0.853004
0.689929, -0.551929, 0.011482, 0.868187
0.690462, -0.551434, 0.023975, 0.869045
0.690922, -0.545769, 0.014992, 0.872746
0.691455, -0.551662, 0.002518, 0.871506
0.691924, -0.550365, 0.000629, 0.879345
0.692454, -0.547218, 0.011539, 0.892086
0.692968, -0.546246, 0.016346, 0.884113
0.693429, -0.541840, 0.002613, 0.879326
0.693958, -0.545483, -0.009098, 0.898476
0.694447, -0.542603, -0.012589, 0.891647
0.694970, -0.538177, -0.020714, 0.882015
0.695452, -0.539951, 0.003109, 0.915871
0.695926, -0.540447, 0.016041, 0.917301
0.696452, -0.533314, -0.001926, 0.889320
0.696921, -0.539894, -0.008011, 0.880127
0.697457, -0.536060, -0.017948, 0.899200
0.698032, -0.533409, -0.002422, 0.891914
0.698434, -0.530853, 0.006447, 0.918045
0.699008, -0.528831, 0.001240, 0.933723
0.699511, -0.536060, -0.009403, 0.894260
0.700504, -0.536003, -0.025578, 0.903091
0.701023, -0.534515, -0.024185, 0.908871
0.701522, -0.536842, 0.002441, 0.910549
0.701989, -0.531502, 0.013561, 0.914421
0.702507, -0.532455, 0.007687, 0.890484
0.702968, -0.528717, -0.006275, 0.876789
0.703481, -0.522556, -0.021191, 0.896587
0.704001, -0.526772, -0.018864, 0.908794
0.704456, -0.524807, -0.018063, 0.901909
0.704971, -0.525513, -0.013504, 0.894794
0.705457, -0.527897, -0.000153, 0.879974
0.705971, -0.524330, 0.002823, 0.864887
0.706965, -0.524273, -0.002689, 0.874004
0.707490, -0.527096, -0.006771, 0.864372
0.707957, -0.532150, -0.005836, 0.865231
0.708463, -0.537205, -0.007896, 0.852604
0.708969, -0.533714, -0.009670, 0.834160
0.709479, -0.539341, 0.003605, 0.835571
0.709990, -0.539951, 0.009098, 0.848331
0.710492, -0.545731, 0.007038, 0.836945
0.711470, -0.543041, 0.004940, 0.821209
0.711944, -0.541458, 0.003185, 0.812378
0.712447, -0.544682, 0.001659, 0.805378
0.712965, -0.549469, 0.005569, 0.803928
0.713487, -0.551910, 0.002575, 0.799236
0.713945, -0.559406, 0.007877, 0.796432
0.714464, -0.561218, 0.012875, 0.805531
0.714994, -0.562992, 0.014439, 0.793400
0.715454, -0.564518, 0.016251, 0.778961
0.715958, -0.563889, 0.014172, 0.774212
0.716490, -0.567741, 0.022697, 0.765247
0.716948, -0.571251, 0.023136, 0.766430
0.717459, -0.573101, 0.019608, 0.775318
0.717959, -0.574837, 0.024052, 0.769329
0.718490, -0.584831, 0.023060, 0.755348
0.718995, -0.588169, 0.029697, 0.754433
0.719483, -0.589104, 0.037556, 0.750999
0.719987, -0.595169, 0.038090, 0.737610
0.720490, -0.600967, 0.041008, 0.738525
0.720951, -0.607948, 0.047379, 0.739956
0.721459, -0.606155, 0.047379, 0.731411
0.721977, -0.611439, 0.053101, 0.718594
0.722505, -0.618858, 0.059433, 0.714855
0.722959, -0.622063, 0.058861, 0.711269
0.723489, -0.628281, 0.061665, 0.709667
0.723973, -0.630226, 0.067234, 0.707932
0.724475, -0.640221, 0.073109, 0.705605
0.724979, -0.643883, 0.078182, 0.700569
0.725473, -0.649300, 0.083752, 0.704784
0.725956, -0.648060, 0.082302, 0.704556
0.727005, -0.669289, 0.082283, 0.708694
0.727469, -0.688667, 0.086079, 0.721073
0.727972, -0.705090, 0.097580, 0.732651
0.728477, -0.722218, 0.106411, 0.731468
0.728981, -0.741348, 0.114479, 0.729198
0.729487, -0.755043, 0.098400, 0.701370
0.729987, -0.774879, 0.091476, 0.735893
0.730962, -1.111126, 0.093937, 0.604668
0.731467, -1.588898, 0.059605, 0.620880
0.731963, -2.279835, 0.104218, 0.966854
0.732474, -2.470837, -0.013447, 1.696911
0.732982, -2.184868, 0.238800, 2.169895
0.733469, -1.632462, 0.238228, 0.606308
0.734001, -1.198235, 0.358982, -0.666828
0.734490, -0.730934, 0.022144, -1.156998
0.734970, -0.646133, 0.044804, -0.438328
0.735505, -0.794754, 0.141811, 0.527573
0.736004, -0.940647, 0.111084, 0.605278
0.736473, -1.034851, 0.118694, 1.140919
0.736994, -0.932751, 0.056152, 0.910587
0.738487, -0.516281, 0.027809, -0.063400
0.739002, -0.552597, 0.041237, 0.279942
0.739474, -0.639000, 0.057831, 0.557003
0.740011, -0.726357, -0.014877, 0.813389
0.740481, -0.776844, -0.018272, 0.777397
0.741007, -0.718594, -0.047112, 0.464344
0.741475, -0.705185, 0.014992, 0.514641
0.741988, -0.620308, -0.000458, 0.306263
0.742497, -0.593700, -0.048294, 0.342159
0.743000, -0.578098, -0.033875, 0.614204
0.743504, -0.551891, -0.104694, 0.572205
0.743985, -0.605316, -0.063744, 0.615349
0.744485, -0.621796, -0.108280, 0.547600
0.745009, -0.650196, -0.042839, 0.564690
0.746079, -0.617085, -0.031815, 0.462055
0.746492, -0.687408, -0.047283, 0.532799
0.747068, -0.718365, -0.053005, 0.410366
0.747482, -0.690060, -0.042114, 0.469265
0.748059, -0.648479, -0.032520, 0.534401
0.748532, -0.662270, -0.090466, 0.463161
0.749051, -0.706406, -0.048752, 0.520535
0.749556, -0.765972, -0.010376, 0.394974
0.750050, -0.805779, 0.012608, 0.316372
0.750549, -0.849361, 0.026779, 0.438309
0.751041, -0.895920, 0.005360, 0.453892
0.751532, -0.925293, -0.005302, 0.380077
0.752026, -0.947933, -0.013618, 0.359173
0.752517, -0.951004, -0.000362, 0.410824
0.753007, -0.900764, 0.006866, 0.351295
0.753500, -0.752106, -0.002785, 0.338135
0.754048, -0.623150, -0.031910, 0.407219
0.755073, -0.750923, -0.063629, 0.511494
0.755526, -0.728683, -0.027199, 0.560131
0.756031, -0.661354, -0.021935, 0.436535
0.756540, -0.680275, -0.001602, 0.410442
0.757045, -0.729179, -0.005436, 0.448112
0.757555, -0.715885, -0.021362, 0.391197
0.758049, -0.681419, -0.031147, 0.427113
0.758539, -0.702400, -0.012512, 0.525112
0.758998, -0.718422, 0.004921, 0.525417
0.759519, -0.695133, -0.005283, 0.477428
0.760021, -0.694618, -0.010281, 0.484104
0.760520, -0.709820, -0.005379, 0.463505
0.761001, -0.710468, -0.004578, 0.445423
0.761545, -0.697975, -0.002308, 0.481625
0.762047, -0.700226, 0.001678, 0.510483
0.762513, -0.699387, -0.012760, 0.505753
0.763010, -0.708656, -0.027084, 0.532589
0.763548, -0.728149, -0.017433, 0.526352
0.764018, -0.763893, -0.005760, 0.510330
0.764511, -0.833549, 0.008507, 0.545692
0.765009, -0.842075, -0.001526, 0.528450
0.765528, -0.832024, 0.011425, 0.480766
0.766017, -0.816250, 0.024395, 0.477676
0.766519, -0.802898, 0.030556, 0.529919
0.767010, -0.804710, 0.015221, 0.565300
0.767557, -0.793419, 0.006294, 0.593681
0.768008, -0.804768, 0.032349, 0.632648
0.768536, -0.801277, 0.044327, 0.586567
0.769036, -0.805607, 0.051098, 0.571365
0.769513, -0.812454, 0.058823, 0.622978
0.770015, -0.814056, 0.057621, 0.603409
0.770540, -0.793152, 0.055828, 0.634289
0.771038, -0.781498, 0.058174, 0.657845
0.771528, -0.768871, 0.058289, 0.667248
0.772031, -0.764542, 0.059586, 0.716705
0.772534, -0.755081, 0.061531, 0.732307
0.773039, -0.760422, 0.073833, 0.732059
0.773551, -0.747528, 0.058079, 0.726814
0.774030, -0.746346, 0.057125, 0.763512
0.774537, -0.755863, 0.066261, 0.754089
0.775049, -0.767689, 0.070763, 0.741940
0.775557, -0.757122, 0.090981, 0.791245
0.776039, -0.741959, 0.089073, 0.774059
0.776530, -0.730877, 0.082474, 0.789661
0.777023, -0.733662, 0.047054, 0.861740
0.778046, -0.776463, 0.090275, 0.824795
0.778550, -0.793896, 0.111523, 0.783291
0.779053, -0.830402, 0.091400, 0.821629
0.779560, -0.860538, 0.076656, 0.837002
0.780033, -0.864315, 0.067329, 0.831165
0.780565, -0.857010, 0.087376, 0.843391
0.781024, -0.855999, 0.077419, 0.851784
0.781532, -0.838795, 0.107021, 0.893345
0.782031, -0.829926, 0.116940, 0.846596
0.782539, -0.842686, 0.112438, 0.865326
0.783038, -0.860138, 0.091267, 0.918255
0.783571, -0.894985, 0.110264, 0.908108
0.784047, -0.876617, 0.152416, 0.844135
0.784551, -0.821095, 0.112877, 0.814266
0.785054, -0.815506, 0.096188, 0.962334
0.785546, -0.831776, 0.084381, 0.918865
0.786060, -0.827103, 0.161743, 0.929546
0.786564, -0.812531, 0.197010, 0.912838
0.787057, -0.737114, 0.176620, 0.887642
0.787572, -0.633316, 0.077782, 0.950470
0.788075, -0.615711, 0.051174, 0.939980
0.788583, -0.710983, 0.109253, 1.033421
0.789083, -0.772495, 0.189514, 1.062870
0.790090, -0.705452, 0.066967, 0.885868
0.790564, -0.690193, -0.012226, 0.838852
0.791068, -0.721703, 0.030384, 0.966778
0.791572, -0.757141, 0.097122, 0.940228
0.792160, -0.764790, 0.094986, 0.873165
0.792564, -0.787926, 0.050659, 0.880795
0.793060, -0.802879, 0.041332, 0.870075
0.793551, -0.829601, 0.113792, 0.935516
0.794169, -0.773888, 0.119534, 0.843544
0.794668, -0.750408, 0.143108, 0.819378
0.795171, -0.732765, 0.112228, 0.928040
0.795677, -0.771885, 0.109825, 0.873051
0.796180, -0.762501, 0.121422, 0.866814
0.796624, -0.792942, 0.133858, 0.714836
0.797129, -0.807514, 0.104904, 0.685673
0.797618, -0.828304, 0.119438, 0.751705
0.798129, -0.814629, 0.072460, 0.782986
0.798683, -0.739841, 0.043964, 0.762157
0.799125, -0.639248, -0.027523, 0.767822
0.799618, -0.620880, 0.031719, 0.874996
0.800089, -0.533752, 0.017967, 0.756683
0.800604, -0.570908, 0.042477, 0.873833
0.801122, -0.635319, 0.032520, 0.990543
0.801615, -0.692387, 0.030499, 0.977345
0.802087, -0.686512, 0.026608, 0.782433
0.802610, -0.672531, -0.061150, 0.551147
0.803112, -0.667858, -0.016766, 0.660667
0.803585, -0.633030, -0.009480, 0.582676
0.804060, -0.637150, 0.041885, 0.746708
0.804564, -0.594501, -0.012932, 0.783577
0.805097, -0.551491, -0.023212, 0.712967
0.805559, -0.570621, -0.019112, 0.821400
0.806564, -0.572586, 0.006447, 0.736122
0.807064, -0.606441, 0.023212, 0.683117
0.808107, -0.631104, -0.030098, 0.620747
0.808570, -0.623550, -0.044556, 0.575333
0.809101, -0.636711, 0.035210, 0.622845
0.809573, -0.642815, 0.045757, 0.585938
0.810099, -0.661125, -0.028038, 0.498753
0.810579, -0.711308, -0.039673, 0.570354
0.811112, -0.724983, -0.011425, 0.411320
0.811601, -0.754852, 0.026989, 0.449238
0.812104, -0.748940, 0.049362, 0.490036
0.812608, -0.743637, 0.036755, 0.416203
0.813112, -0.701904, 0.005894, 0.440311
0.813571, -0.643463, -0.026131, 0.431309
0.814091, -0.655003, 0.034809, 0.609684
0.814579, -0.667248, 0.071430, 0.546989
0.815097, -0.698605, 0.065155, 0.451679
0.815570, -0.680656, 0.032635, 0.419292
0.816085, -0.663986, 0.001564, 0.380917
0.816609, -0.663910, 0.004349, 0.393028
0.817082, -0.656815, 0.021038, 0.443020
0.817586, -0.685501, 0.034733, 0.487576
0.818121, -0.754242, 0.055466, 0.510578
0.818645, -0.824070, 0.002518, 0.392303
0.819126, -0.825500, -0.025845, 0.329056
0.820104, -0.696011, 0.097599, 0.379620
0.820593, -0.625648, 0.133533, 0.471287
0.821082, -0.559769, 0.079689, 0.430832
0.821616, -0.612984, 0.075855, 0.574894
0.822104, -0.615578, 0.024719, 0.558624
0.822593, -0.615597, 0.032787, 0.473099
0.823082, -0.599689, 0.062809, 0.469570
0.823585, -0.575371, 0.077991, 0.447197
0.824100, -0.594444, 0.077648, 0.491505
0.824626, -0.587826, 0.066204, 0.530701
0.825127, -0.620461, 0.043583, 0.615387
0.825631, -0.605316, 0.020580, 0.520802
0.826110, -0.605850, 0.049992, 0.501156
0.826621, -0.619011, 0.067120, 0.528831
0.827605, -0.643482, 0.067825, 0.531197
0.828121, -0.674572, 0.112057, 0.604076
0.828624, -0.678234, 0.064144, 0.514812
0.829135, -0.639515, 0.045338, 0.511951
0.829634, -0.634003, 0.047226, 0.497360
0.830093, -0.585079, 0.035820, 0.446167
0.830603, -0.533390, 0.083752, 0.510559
0.831112, -0.546169, 0.086365, 0.684795
0.831631, -0.544758, 0.078430, 0.653057
0.832119, -0.571117, 0.014725, 0.610065
0.832604, -0.654755, 0.009232, 0.643730
0.833124, -0.727787, -0.011120, 0.528431
0.833601, -0.744152, -0.028305, 0.448513
0.834089, -0.771980, -0.036469, 0.466614
0.834618, -0.781956, -0.031242, 0.532570
0.835095, -0.715275, -0.054111, 0.526047
0.835615, -0.660515, -0.048676, 0.559521
0.836106, -0.655956, -0.043335, 0.631618
0.836624, -0.659657, -0.010433, 0.602856
0.837607, -0.672264, -0.043430, 0.601158
0.838140, -0.632095, -0.072346, 0.543900
0.838596, -0.604095, -0.069389, 0.594387
0.839112, -0.610561, -0.046940, 0.603733
0.839685, -0.620651, -0.026646, 0.647507
0.840194, -0.642242, -0.027733, 0.699921
0.840699, -0.656872, -0.051231, 0.724697
0.841113, -0.674858, -0.067539, 0.654049
0.841683, -0.652905, -0.054398, 0.612507
0.842103, -0.659027, -0.021267, 0.643234
0.842716, -0.673485, -0.026360, 0.672188
0.843205, -0.685120, -0.031185, 0.685730
0.843655, -0.720158, -0.033646, 0.745678
0.844194, -0.739975, -0.047684, 0.692768
0.844700, -0.737514, -0.067482, 0.663528
0.845143, -0.732632, -0.046883, 0.664940
0.845663, -0.748062, -0.036430, 0.649128
0.846165, -0.727901, -0.047512, 0.693645
0.846675, -0.706978, -0.068188, 0.736275
0.847172, -0.690994, -0.067387, 0.805473
0.847618, -0.679131, -0.056114, 0.744133
0.848120, -0.668831, -0.065289, 0.694485
0.848641, -0.663681, -0.022507, 0.745106
0.849157, -0.626259, -0.031242, 0.813179
0.849617, -0.618114, -0.037651, 0.828190
0.850128, -0.611858, -0.056152, 0.823765
0.850639, -0.601196, -0.076370, 0.823994
0.851144, -0.617619, -0.108738, 0.744629
0.851666, -0.619793, -0.116329, 0.711212
0.852123, -0.643444, -0.084286, 0.712166
0.852645, -0.635071, -0.113430, 0.742588
0.853144, -0.661983, -0.140057, 0.760975
0.853663, -0.689030, -0.104523, 0.763893
0.854137, -0.696793, -0.074883, 0.755253
0.854669, -0.691853, -0.069447, 0.740910
0.855129, -0.678196, -0.098972, 0.725918
0.855634, -0.655212, -0.091515, 0.702648
0.856137, -0.643997, -0.051022, 0.716705
0.856660, -0.637283, -0.036259, 0.755138
0.858124, -0.602169, 0.019264, 0.806236
0.858635, -0.581017, 0.023346, 0.809631
0.859148, -0.576286, 0.006504, 0.770073
0.859654, -0.611019, -0.040779, 0.745182
0.860164, -0.618820, -0.017605, 0.725193
0.860669, -0.618286, 0.007648, 0.793648
0.861177, -0.640583, -0.002537, 0.793781
0.861677, -0.663662, -0.031891, 0.739956
0.862182, -0.695362, -0.039558, 0.695171
0.863158, -0.703659, -0.026627, 0.723667
0.863682, -0.733032, -0.012932, 0.703125
0.864154, -0.713367, 0.016270, 0.695457
0.865678, -0.626316, -0.024357, 0.680408
0.866165, -0.638676, -0.012531, 0.703812
0.866668, -0.651283, 0.028877, 0.756359
0.867172, -0.648155, 0.061092, 0.794926
0.867678, -0.619049, 0.021992, 0.762463
0.868173, -0.583134, -0.006123, 0.758286
0.868678, -0.545368, -0.026970, 0.725212
0.869175, -0.507946, -0.011501, 0.702896
0.869665, -0.514965, -0.048733, 0.721989
0.870155, -0.605316, -0.020370, 0.691490
0.870667, -0.654545, 0.041199, 0.738297
0.871172, -0.664883, 0.062656, 0.815048
0.871643, -0.676250, 0.057049, 0.759621
0.872164, -0.650024, 0.074463, 0.705032
0.872677, -0.648575, 0.083618, 0.676193
0.873145, -0.670185, 0.027637, 0.674210
0.873663, -0.706043, -0.027275, 0.690994
0.874179, -0.714436, -0.032406, 0.680752
0.875184, -0.581799, -0.044937, 0.636101
0.876176, -0.540028, -0.056686, 0.635986
0.876677, -0.544472, -0.018234, 0.677757
0.877182, -0.562420, -0.006199, 0.712070
0.877690, -0.568485, 0.002308, 0.703144
0.878163, -0.573044, -0.039902, 0.673561
0.878681, -0.574322, -0.039253, 0.679932
0.879692, -0.576191, -0.025005, 0.650196
0.880193, -0.612164, -0.055504, 0.637455
0.880652, -0.594368, -0.028839, 0.656757
0.881164, -0.567360, 0.009346, 0.681038
0.881699, -0.531025, 0.011749, 0.673733
0.882186, -0.498333, -0.033264, 0.601292
0.882669, -0.489216, -0.057487, 0.564976
0.883196, -0.463009, -0.016174, 0.672836
0.883685, -0.450153, -0.028191, 0.684681
0.884156, -0.457668, -0.022659, 0.651970
0.884690, -0.450439, -0.049038, 0.687180
0.885685, -0.536957, -0.031452, 0.612736
0.886163, -0.658836, 0.002155, 0.584850
0.886667, -0.788136, 0.029278, 0.565109
0.887186, -0.837898, 0.029125, 0.610485
0.887778, -0.874367, 0.025749, 0.659485
0.888282, -0.734921, -0.002632, 0.620136
0.888786, -0.596828, -0.067558, 0.496864
0.889291, -0.618076, -0.133781, 0.437412
0.889793, -0.695190, -0.143375, 0.541897
0.890300, -0.763512, -0.062008, 0.648861
0.890800, -0.750523, -0.025349, 0.677395
0.891245, -0.711002, -0.009289, 0.645962
0.891750, -0.607719, -0.016632, 0.593624
0.892198, -0.470638, -0.028667, 0.549507
0.892922, -0.325127, -0.063057, 0.591908
0.893308, -0.237598, -0.111675, 0.616474
0.893929, -0.250416, -0.108604, 0.675392
0.894328, -0.356483, -0.094051, 0.707245
0.894788, -0.431938, -0.070210, 0.680828
0.895338, -0.405159, -0.071487, 0.682659
0.895781, -0.357170, -0.035477, 0.645027
0.896273, -0.410194, -0.025558, 0.572109
0.896788, -0.554161, -0.035381, 0.591640
0.897357, -0.688095, -0.146484, 0.606728
0.897869, -0.746746, -0.180740, 0.650997
0.898261, -0.760536, -0.082378, 0.696716
0.898852, -0.721722, 0.075741, 0.636158
0.899237, -0.757713, 0.199947, 0.491047
0.899739, -0.792904, 0.108223, 0.516491
0.900203, -0.719452, 0.030975, 0.656891
0.900733, -0.664158, 0.004406, 0.621624
0.901217, -0.637302, 0.032787, 0.548744
0.901723, -0.566864, 0.029964, 0.553551
0.902194, -0.430489, 0.012341, 0.647526
0.902726, -0.331802, 0.103893, 0.647144
0.903201, -0.210972, 0.093174, 0.593319
0.903767, -0.152798, 0.061569, 0.570278
0.904208, -0.141850, -0.006886, 0.605888
0.904689, -0.272350, -0.050621, 0.614243
0.905231, -0.441742, -0.003490, 0.689487
0.905736, -0.961800, -0.029697, 0.705471
0.906194, -1.718178, 0.032921, 0.652542
0.906714, -2.246094, 0.007095, 0.834446
0.907193, -1.783905, 0.158119, 0.623512
0.907733, -0.961037, 0.133877, 0.178566
0.908203, -0.526638, 0.015621, -0.027580
0.908701, -0.422668, -0.172348, 0.356026
0.909196, -0.521641, -0.018349, 1.205406
0.909697, -0.642738, 0.195866, 1.238537
0.910215, -0.647812, 0.183697, 1.014404
0.910697, -0.597363, 0.134735, 0.851498
0.911192, -0.471516, -0.058403, 0.475597
0.911708, -0.480804, -0.003643, 0.527668
0.912196, -0.497341, 0.019112, 0.501900
0.912712, -0.670910, 0.056362, 0.650539
0.913217, -0.941963, 0.028534, 0.845566
0.913724, -1.056385, -0.058327, 0.861549
0.914195, -1.261196, -0.113449, 0.845509
0.914698, -1.233692, -0.054646, 0.623531
0.915202, -1.197548, -0.036869, 0.402393
0.915707, -1.255627, 0.120106, 0.488777
0.916196, -1.166992, 0.034103, 0.542336
0.916698, -1.120701, 0.082169, 0.687180
0.917202, -0.986271, 0.025215, 0.692616
0.917708, -0.927429, 0.091057, 0.725155
0.918209, -0.934601, 0.113239, 0.689735
0.918712, -0.902653, 0.125256, 0.607586
0.919216, -0.877533, 0.151653, 0.752983
0.919727, -0.838299, 0.083294, 0.680676
0.920223, -0.818977, 0.071239, 0.737724
0.920729, -0.791759, 0.070095, 0.808964
0.921231, -0.770760, 0.089798, 0.770073
0.921739, -0.739288, 0.131168, 0.837994
0.922239, -0.727062, 0.136452, 0.774803
0.922744, -0.709324, 0.125484, 0.790634
0.923246, -0.683784, 0.102444, 0.806828
0.923753, -0.687103, 0.110435, 0.781403
0.924253, -0.747776, 0.145283, 0.806026
0.924758, -0.809174, 0.137787, 0.781136
0.925722, -0.936604, 0.135956, 0.816345
0.926723, -0.968876, 0.156708, 0.734253
0.927216, -0.968952, 0.173054, 0.718708
0.927720, -0.945606, 0.174332, 0.715218
0.928224, -0.936642, 0.177326, 0.738564
0.928727, -0.899239, 0.170021, 0.804749
0.929216, -0.875130, 0.179691, 0.819263
0.929723, -0.841255, 0.182972, 0.801487
0.930224, -0.816116, 0.197964, 0.824757
0.930743, -0.791512, 0.203571, 0.790405
0.931261, -0.774136, 0.201378, 0.769062
0.931764, -0.775051, 0.203800, 0.836601
0.932268, -0.760880, 0.198708, 0.852165
0.933217, -0.699368, 0.202751, 0.822372
0.933723, -0.689335, 0.204506, 0.821037
0.934254, -0.696259, 0.211372, 0.794792
0.934829, -0.699749, 0.209351, 0.820961
0.935325, -0.701675, 0.198917, 0.825386
0.935725, -0.689411, 0.186615, 0.762405
0.936229, -0.690308, 0.188560, 0.764008
0.936845, -0.697002, 0.191231, 0.780945
0.937327, -0.688858, 0.175858, 0.737133
0.937824, -0.697975, 0.167027, 0.711727
0.938372, -0.696335, 0.149956, 0.745926
0.938762, -0.689774, 0.142765, 0.721092
0.939306, -0.689564, 0.136871, 0.671921
0.939764, -0.685959, 0.137653, 0.681286
0.940328, -0.694790, 0.141773, 0.647736
0.940804, -0.705261, 0.136299, 0.613861
0.941304, -0.697098, 0.128422, 0.631447
0.941786, -0.700760, 0.123940, 0.605450
0.942307, -0.695400, 0.116158, 0.570278
0.942778, -0.692177, 0.118847, 0.568542
0.943278, -0.702133, 0.109711, 0.551357
0.943854, -0.705700, 0.102730, 0.529041
0.944299, -0.718231, 0.109844, 0.529919
0.944756, -0.742226, 0.103283, 0.504780
0.945280, -0.794754, 0.107555, 0.473957
0.945759, -0.792313, 0.102005, 0.473061
0.946232, -0.811901, 0.086479, 0.428619
0.946764, -0.832272, 0.114803, 0.400963
0.947271, -0.818195, 0.120010, 0.396690
0.947749, -0.808258, 0.109386, 0.423756
0.948275, -0.795479, 0.059261, 0.412674
0.948749, -0.792465, 0.055504, 0.438251
0.949244, -0.789738, 0.078659, 0.462265
0.949742, -0.787487, 0.098839, 0.432320
0.950256, -0.793438, 0.101490, 0.436153
0.950769, -0.797405, 0.084572, 0.434475
0.951275, -0.801849, 0.063267, 0.419044
0.951779, -0.811100, 0.050831, 0.457039
0.952267, -0.823364, 0.064583, 0.477161
0.952741, -0.840816, 0.078049, 0.460911
0.953270, -0.850487, 0.087700, 0.462303
0.953809, -0.868587, 0.089436, 0.472317
0.954290, -0.884781, 0.072460, 0.461597
0.954760, -0.903206, 0.067730, 0.468102
0.955275, -0.910625, 0.073948, 0.511074
0.955779, -0.881405, 0.082531, 0.504704
0.956269, -0.837231, 0.070591, 0.526352
0.956770, -0.817947, 0.062160, 0.578594
0.957275, -0.787277, 0.057850, 0.595360
0.957779, -0.765057, 0.065765, 0.615196
0.958282, -0.753040, 0.073738, 0.650406
0.958765, -0.730152, 0.087452, 0.675507
0.959253, -0.682564, 0.094948, 0.666580
0.959763, -0.665646, 0.086212, 0.700474
0.960953, -0.714798, 0.056591, 0.755501
0.961340, -0.761185, 0.068283, 0.767326
0.961782, -0.784283, 0.071583, 0.755196
0.962274, -0.787735, 0.063648, 0.709019
0.962762, -0.767574, 0.059032, 0.692272
0.963262, -0.716114, 0.048904, 0.693417
0.963855, -0.669079, 0.063381, 0.727100
0.964286, -0.670452, 0.060062, 0.748863
0.964788, -0.689526, 0.077705, 0.793896
0.965278, -0.675392, 0.074615, 0.818100
0.965794, -0.664387, 0.055542, 0.795650
0.966269, -0.677853, 0.031815, 0.805683
0.967277, -0.674133, 0.050526, 0.750828
0.967779, -0.675468, 0.084419, 0.791836
0.968326, -0.677452, 0.031204, 0.720463
0.968772, -0.716743, 0.024242, 0.700016
0.969276, -0.726948, 0.046196, 0.727787
0.969778, -0.715313, 0.086670, 0.712528
0.970283, -0.712566, 0.075188, 0.740376
0.970797, -0.728455, 0.023632, 0.739536
0.971296, -0.720215, 0.007782, 0.754929
0.971769, -0.699615, -0.017967, 0.747337
0.972273, -0.684414, 0.022812, 0.695057
0.972788, -0.652771, 0.043011, 0.719910
0.973300, -0.644150, 0.031395, 0.693645
0.973796, -0.702610, -0.031815, 0.733662
0.975296, -0.743332, 0.119972, 0.581570
0.975804, -0.715370, 0.089264, 0.590191
0.976301, -0.697956, 0.043240, 0.686264
0.976794, -0.680256, 0.014744, 0.666065
0.977286, -0.696907, 0.009995, 0.661316
0.977803, -0.751476, 0.054264, 0.699043
0.978278, -0.804482, 0.078564, 0.632553
0.978774, -0.855312, 0.092144, 0.569782
0.979321, -0.875454, 0.068722, 0.533371
0.979800, -0.870743, 0.071640, 0.524235
0.980312, -0.886688, 0.114136, 0.531712
0.980816, -0.905018, 0.114212, 0.626583
0.981411, -0.950756, 0.091496, 0.695457
0.981914, -1.010666, 0.070629, 0.639477
0.982418, -0.975399, 0.128517, 0.580330
0.982920, -0.859814, 0.140553, 0.421848
0.983425, -0.713959, 0.087795, 0.503540
0.983794, -0.673790, -0.004997, 0.721111
0.984387, -0.686474, 0.032215, 0.912476
0.984923, -0.720997, 0.031319, 0.906124
0.985336, -0.732212, 0.053596, 0.817070
0.985901, -0.747147, 0.043697, 0.731773
0.986402, -0.781193, 0.106983, 0.691090
0.986906, -0.738239, 0.084152, 0.556393
0.987356, -0.729904, 0.101681, 0.681152
0.987858, -0.700512, 0.055485, 0.735836
0.988358, -0.675068, 0.022354, 0.802193
0.988861, -0.708466, 0.019741, 0.981426
0.989366, -0.749855, 0.000782, 0.879326
0.989853, -0.705624, 0.009003, 0.715122
0.990357, -0.665359, -0.029297, 0.664349
0.990862, -0.670090, -0.029488, 0.775871
0.991364, -0.674267, 0.007420, 0.903568
0.991804, -0.713539, 0.056953, 0.922050
0.992350, -0.747852, -0.021133, 0.858383
0.992834, -0.753155, -0.066986, 0.834866
0.993322, -0.713043, -0.080128, 0.842972
0.993841, -0.657043, 0.011215, 0.753479
0.994313, -0.629787, 0.050888, 0.779572
0.994817, -0.669193, 0.013657, 0.822201
0.995320, -0.667667, -0.059681, 0.836773
0.995825, -0.668964, -0.097694, 0.872345
0.996328, -0.648804, -0.057507, 0.885067
0.996832, -0.621586, 0.025387, 0.906887
0.997335, -0.601292, -0.030327, 0.795784
0.997844, -0.658073, -0.117874, 0.819187
0.998300, -0.695343, -0.164108, 0.884895
0.998802, -0.714703, -0.102158, 0.837936
0.999305, -0.711842, -0.037766, 0.821800
0.999825, -0.685654, -0.034237, 0.807838
1.000332, -0.696793, -0.017185, 0.783329
1.000825, -0.680637, -0.070286, 0.684834
1.001305, -0.677280, -0.018349, 0.748272
1.001810, -0.621662, -0.094223, 0.669174
1.002303, -0.610180, -0.062313, 0.728188
1.002803, -0.618439, -0.074139, 0.868492
1.003823, -0.645008, -0.001564, 0.826778
1.004314, -0.620899, 0.015144, 0.743523
1.004818, -0.663853, 0.055904, 0.733128
1.005321, -0.716648, -0.001488, 0.657024
1.005837, -0.723362, 0.010662, 0.477638
1.006342, -0.733624, 0.001564, 0.626850
1.006815, -0.764713, 0.019588, 0.609322
1.007320, -0.737305, -0.001926, 0.640945
1.007824, -0.744820, 0.025749, 0.708904
1.008821, -0.678234, -0.000362, 0.650349
1.009341, -0.715752, 0.039349, 0.605583
1.009851, -0.763588, 0.029659, 0.439072
1.010360, -0.790348, 0.065727, 0.612640
1.010819, -0.792732, 0.022182, 0.559120
1.011335, -0.813522, 0.004005, 0.554943
1.011839, -0.786591, -0.012722, 0.554390
1.012369, -0.764503, -0.005150, 0.497818
1.013337, -0.653610, -0.006332, 0.511875
1.013862, -0.601120, -0.005054, 0.629082
1.014351, -0.562515, -0.003185, 0.626049
1.014822, -0.504284, 0.029106, 0.694771
1.015338, -0.488453, 0.067196, 0.813522
1.015838, -0.503750, 0.083733, 0.778961
1.016352, -0.488586, 0.051689, 0.668964
1.016860, -0.482006, 0.027122, 0.573769
1.017333, -0.502090, 0.021305, 0.699215
1.017849, -0.481052, 0.010605, 0.590630
1.018357, -0.531216, 0.062504, 0.679073
1.018845, -0.602779, 0.030785, 0.604439
1.019354, -0.613155, -0.023670, 0.487137
1.019863, -0.640774, -0.010376, 0.693073
1.020342, -0.664768, -0.026722, 0.521545
1.020845, -0.733833, -0.017834, 0.506420
1.021334, -0.800419, -0.012741, 0.455360
1.021837, -0.851250, -0.037746, 0.334644
1.023378, -0.793991, 0.054836, 0.503483
1.023868, -0.744267, 0.043087, 0.453892
1.024371, -0.702477, 0.022831, 0.458908
1.024874, -0.683994, 0.039997, 0.528107
1.025344, -0.643787, 0.030651, 0.385838
1.025867, -0.635967, 0.036049, 0.470829
1.026352, -0.621891, 0.028591, 0.502529
1.026837, -0.600243, 0.002403, 0.429516
1.027366, -0.617313, 0.001144, 0.599899
1.027862, -0.614719, -0.015965, 0.614223
1.028343, -0.615253, -0.006199, 0.560341
1.029046, -0.607758, -0.020885, 0.597267
1.029514, -0.635357, -0.024548, 0.597649
1.030036, -0.635796, -0.020447, 0.546036
1.030358, -0.652561, -0.003662, 0.530415
1.031099, -0.673180, -0.028133, 0.550251
1.031515, -0.676289, -0.041218, 0.504227
1.032001, -0.674305, -0.034618, 0.585232
1.032496, -0.698757, -0.003796, 0.667343
1.033029, -0.708160, -0.008640, 0.563183
1.033424, -0.708199, -0.030060, 0.532799
1.033935, -0.722008, -0.035782, 0.613899
1.034371, -0.720387, -0.042686, 0.563946
1.034935, -0.734329, -0.009480, 0.559406
1.035357, -0.747700, -0.007687, 0.639191
1.035927, -0.743599, -0.002995, 0.576096
1.036382, -0.730133, -0.017319, 0.553188
1.036893, -0.724926, -0.011597, 0.615768
1.037409, -0.719490, -0.021172, 0.589371
1.037869, -0.701389, -0.011425, 0.582294
1.038372, -0.717468, -0.005264, 0.655918
1.038886, -0.728931, -0.006752, 0.653400
1.039383, -0.726128, -0.031910, 0.636120
1.039883, -0.744228, -0.034904, 0.691032
1.040386, -0.775776, -0.025902, 0.689106
1.040891, -0.791264, -0.024185, 0.649529
1.041389, -0.819244, -0.016460, 0.707397
1.041902, -0.842514, -0.029011, 0.717869
1.042397, -0.854816, -0.035362, 0.671940
1.042890, -0.867252, -0.034275, 0.667114
1.043355, -0.870838, -0.024223, 0.626087
1.043870, -0.868435, -0.025082, 0.571499
1.044372, -0.861912, -0.029240, 0.621967
1.044867, -0.874443, -0.035992, 0.641212
1.045397, -0.868034, -0.060081, 0.617657
1.045898, -0.865059, -0.066509, 0.632935
1.046387, -0.856495, -0.060997, 0.661831
1.046890, -0.842533, -0.076351, 0.599632
1.047380, -0.822811, -0.069027, 0.591431
1.047883, -0.813198, -0.066319, 0.662689
1.048372, -0.793285, -0.066166, 0.643063
1.048865, -0.773411, -0.065193, 0.652142
1.049365, -0.763493, -0.058689, 0.699482
1.049868, -0.763187, -0.066891, 0.648003
1.050419, -0.751381, -0.076828, 0.625687
1.050919, -0.759258, -0.076332, 0.670338
1.051398, -0.753822, -0.066643, 0.667286
1.051899, -0.758705, -0.056171, 0.623436
1.052387, -0.764599, -0.034027, 0.634747
1.052881, -0.773201, -0.027180, 0.603161
1.053873, -0.764656, -0.053577, 0.556622
1.054373, -0.761242, -0.059395, 0.562630
1.054905, -0.749702, -0.061264, 0.547123
1.055409, -0.735741, -0.048275, 0.559216
1.055898, -0.730228, -0.047474, 0.550995
1.056387, -0.719509, -0.057087, 0.506172
1.056906, -0.711689, -0.077362, 0.505753
1.057396, -0.706902, -0.073566, 0.522442
1.057884, -0.700722, -0.082836, 0.497189
1.058415, -0.686207, -0.072441, 0.523319
1.058895, -0.689182, -0.078983, 0.524521
1.059382, -0.673237, -0.085201, 0.486660
1.059918, -0.664139, -0.103607, 0.471268
1.060399, -0.644035, -0.103970, 0.509605
1.061427, -0.616646, -0.093460, 0.490799
1.061913, -0.605049, -0.086308, 0.502205
1.096182, -0.468349, -0.084476, 0.625229
1.096373, -0.476990, -0.089626, 0.652199
1.096478, -0.482311, -0.084648, 0.658474
1.096588, -0.480881, -0.086327, 0.647755
1.096692, -0.492496, -0.071278, 0.680389
1.096891, -0.497284, -0.066242, 0.696869
1.096994, -0.500126, -0.073223, 0.678940
1.097101, -0.507793, -0.062847, 0.699310
1.097207, -0.510845, -0.051136, 0.714436
1.097397, -0.513611, -0.050678, 0.713367
1.097503, -0.517330, -0.047245, 0.733051
1.097615, -0.529709, -0.046215, 0.733852
1.097719, -0.528011, -0.034161, 0.730324
1.097912, -0.536461, -0.030994, 0.754166
1.098016, -0.542965, -0.027809, 0.802174
1.098120, -0.546303, -0.018539, 0.790577
1.098311, -0.552139, -0.017414, 0.807114
1.098415, -0.557251, -0.006466, 0.813694
1.098515, -0.558529, -0.005245, 0.773792
1.098623, -0.562801, 0.001926, 0.805454
1.098801, -0.568180, 0.012245, 0.867977
1.098905, -0.568485, 0.023422, 0.872784
1.099008, -0.574532, 0.018749, 0.835476
1.099113, -0.582523, 0.019951, 0.852604
1.099295, -0.588627, 0.014877, 0.862255
1.099401, -0.587311, 0.009460, 0.866795
1.099507, -0.594120, 0.019836, 0.908623
1.099608, -0.593739, 0.031643, 0.902576
1.099792, -0.592194, 0.037308, 0.872974
1.099893, -0.595608, 0.060234, 0.883579
1.100000, -0.602684, 0.060863, 0.899620
1.100100, -0.601044, 0.055676, 0.905056
1.100207, -0.599518, 0.048637, 0.929394
1.100318, -0.606670, 0.051327, 0.942478
1.100446, -0.605850, 0.059643, 0.907154
1.100551, -0.604172, 0.071487, 0.904293
1.100653, -0.613461, 0.088291, 0.941067
1.100848, -0.608768, 0.092850, 0.939713
1.100960, -0.607166, 0.093117, 0.941944
1.101085, -0.614185, 0.103149, 0.961094
1.101337, -0.617771, 0.105114, 0.926361
1.101468, -0.614815, 0.108376, 0.936050
1.101588, -0.617924, 0.118885, 0.994644
1.101972, -0.613079, 0.125370, 0.970058
1.102477, -0.617275, 0.123100, 0.925217
1.102980, -0.622921, 0.139370, 0.977974
1.103469, -0.630665, 0.142670, 0.970364
1.103931, -0.623302, 0.147514, 0.927811
1.104966, -0.626125, 0.151196, 0.962238
1.105473, -0.627384, 0.150166, 0.928612
1.105973, -0.628395, 0.175533, 0.953503
1.106464, -0.631142, 0.176010, 0.949669
1.106967, -0.626144, 0.171051, 0.922890
1.107487, -0.626411, 0.163002, 0.926552
1.107948, -0.620060, 0.161343, 0.925560
1.108452, -0.617237, 0.165424, 0.903835
1.108989, -0.615463, 0.174847, 0.904922
1.109441, -0.607052, 0.180492, 0.916462
1.109991, -0.610237, 0.183163, 0.894337
1.110479, -0.605392, 0.170269, 0.899200
1.111452, -0.586262, 0.157585, 0.910740
1.111974, -0.583096, 0.153790, 0.895138
1.112495, -0.578766, 0.160007, 0.901241
1.112949, -0.573330, 0.155563, 0.902386
1.113459, -0.565815, 0.146866, 0.902386
1.113995, -0.562916, 0.148926, 0.918121
1.114461, -0.561657, 0.146084, 0.904903
1.114957, -0.561504, 0.151157, 0.865879
1.115467, -0.565300, 0.162678, 0.886269
1.115976, -0.568657, 0.166569, 0.890369
1.116491, -0.570698, 0.167694, 0.874977
1.117000, -0.577030, 0.174141, 0.883369
1.118002, -0.592918, 0.184612, 0.852051
1.118495, -0.609856, 0.194244, 0.886879
1.118980, -0.626526, 0.200520, 0.890732
1.119484, -0.642204, 0.200081, 0.846024
1.119991, -0.662422, 0.197639, 0.820637
1.120954, -0.702534, 0.220337, 0.800228
1.121492, -0.727215, 0.224781, 0.809155
1.122008, -0.749874, 0.229206, 0.839100
1.122491, -0.775986, 0.224895, 0.814457
1.122994, -0.798302, 0.225201, 0.797405
1.123587, -0.902042, 0.221577, 0.791893
1.124460, -2.775421, 0.068455, 0.360985
1.124965, -2.573528, 0.221977, 3.373890
1.125551, -2.060986, 0.430813, 2.819138
1.126099, -1.489563, 0.678616, 0.292530
1.126541, -1.011677, 0.291710, -1.992435
1.127036, -0.510387, -0.119400, -1.951218
1.127570, -0.662651, 0.358315, 0.572624
1.128057, -0.732021, 0.488873, 0.403481
1.128593, -0.961132, 0.342751, 0.728931
1.129082, -0.977669, 0.214233, 1.792774
1.129556, -0.874786, 0.068817, 0.621414
1.130060, -0.758514, 0.253029, 0.315704
1.130530, -0.585976, 0.309048, -0.109158
1.131056, -0.624504, 0.168915, -0.201721
1.131548, -0.675144, 0.175762, 0.228329
1.132044, -0.699787, 0.172253, 0.829887
1.132522, -0.817699, 0.247402, 0.975571
1.133019, -0.652485, 0.176640, 0.349293
1.133511, -0.683498, 0.209103, 0.565128
1.134003, -0.634575, 0.290127, 0.519924
1.134475, -0.562897, 0.191326, -0.191212
1.135012, -0.600109, 0.208282, 0.414505
1.135483, -0.636749, 0.125904, 0.712223
1.135981, -0.638447, 0.161362, 0.445957
1.136519, -0.664444, 0.208397, 0.505085
1.137014, -0.683823, 0.146217, 0.453548
1.137496, -0.621662, 0.159740, 0.422077
1.137986, -0.602989, 0.182190, 0.197144
1.139007, -0.595589, 0.165329, 0.383720
1.139483, -0.542374, 0.118351, 0.292511
1.140006, -0.596943, 0.224037, 0.616188
1.140486, -0.562172, 0.180454, 0.345936
1.141015, -0.575256, 0.193729, 0.346985
1.141495, -0.584965, 0.186768, 0.510235
1.142013, -0.606823, 0.146904, 0.307655
1.142528, -0.604649, 0.130711, 0.260296
1.142997, -0.677757, 0.164242, 0.473309
1.143491, -0.762157, 0.189247, 0.496578
1.144015, -0.743694, 0.117245, 0.276165
1.144520, -0.759354, 0.081062, 0.365772
1.145023, -0.775146, 0.098686, 0.476894
1.145526, -0.834446, 0.103149, 0.190983
1.146030, -0.779819, 0.082951, 0.369854
1.146534, -0.754681, 0.127583, 0.540848
1.147038, -0.753975, 0.120201, 0.307217
1.148490, -0.859489, 0.056820, 0.329323
1.148993, -0.876923, 0.100765, 0.315456
1.149573, -0.996914, 0.064945, 0.454140
1.149989, -0.915890, 0.044994, 0.418224
1.150520, -0.871487, 0.015774, 0.385609
1.151008, -0.820484, 0.030212, 0.537872
1.151515, -0.740337, 0.062485, 0.429916
1.152018, -0.668564, 0.066586, 0.401402
1.152494, -0.655766, 0.109978, 0.642776
1.153025, -0.643368, 0.084972, 0.631638
1.153499, -0.642719, 0.067577, 0.441113
1.154033, -0.692406, 0.071468, 0.614796
1.154525, -0.711975, 0.072670, 0.669537
1.155641, -0.690193, 0.018425, 0.608807
1.156109, -0.684853, 0.027828, 0.591583
1.156526, -0.635281, 0.015774, 0.540180
1.157016, -0.660839, -0.003204, 0.672455
1.157500, -0.689030, -0.027103, 0.692730
1.158011, -0.678864, -0.071049, 0.611839
1.159040, -0.710049, -0.020885, 0.658684
1.159547, -0.715199, -0.036049, 0.556297
1.160036, -0.711308, -0.079517, 0.694675
1.160529, -0.755959, -0.074997, 0.725021
1.161010, -0.765877, -0.079823, 0.587616
1.161542, -0.800629, -0.080280, 0.655861
1.162030, -0.840874, -0.071850, 0.744038
1.162509, -0.833130, -0.056438, 0.662537
1.163033, -0.812035, -0.070591, 0.633068
1.163528, -0.801239, -0.068989, 0.682011
1.164044, -0.802078, -0.077381, 0.683365
1.164534, -0.798969, -0.086784, 0.696106
1.165023, -0.800552, -0.073681, 0.742779
1.165559, -0.800209, -0.061226, 0.736504
1.166061, -0.772305, -0.067120, 0.787601
1.166566, -0.744801, -0.074520, 0.768166
1.167031, -0.745049, -0.080204, 0.670681
1.167552, -0.742989, -0.094910, 0.750542
1.168045, -0.773659, -0.079002, 0.832691
1.168535, -0.791054, -0.053711, 0.772457
1.169052, -0.780697, -0.061665, 0.789261
1.169558, -0.787716, -0.072269, 0.841751
1.170061, -0.765190, -0.110626, 0.768261
1.170555, -0.757523, -0.114632, 0.742168
1.171041, -0.770264, -0.120049, 0.791893
1.171654, -0.756931, -0.097313, 0.833054
1.172023, -0.737572, -0.090904, 0.848370
1.172728, -0.732498, -0.062447, 0.835094
1.173024, -0.735512, -0.059681, 0.791912
1.173631, -0.719948, -0.071011, 0.821171
1.174154, -0.720119, -0.066891, 0.824089
1.174614, -0.734787, -0.055447, 0.782604
1.175114, -0.745029, -0.051270, 0.791473
1.175612, -0.742359, -0.055523, 0.835609
1.176104, -0.747452, -0.027142, 0.821552
1.176594, -0.748158, -0.026875, 0.772152
1.177088, -0.743160, -0.022659, 0.792656
1.177589, -0.750237, -0.020695, 0.774899
1.178093, -0.761681, -0.004578, 0.755920
1.178594, -0.752296, -0.012264, 0.773754
1.179098, -0.754242, -0.006199, 0.779095
1.179602, -0.758286, 0.020142, 0.723095
1.180105, -0.752621, 0.009785, 0.703468
1.180609, -0.779591, 0.027466, 0.727291
1.181053, -0.786190, 0.018463, 0.740662
1.181558, -0.787888, 0.015697, 0.737610
1.182061, -0.803185, 0.014420, 0.710888
1.182565, -0.810661, 0.026722, 0.676575
1.183072, -0.794849, 0.033188, 0.685310
1.183572, -0.792770, 0.003414, 0.687561
1.184078, -0.792999, 0.012684, 0.677872
1.184580, -0.786877, -0.017204, 0.692902
1.185542, -0.771027, 0.020332, 0.664616
1.186046, -0.757198, -0.000954, 0.662251
1.186550, -0.769634, -0.032444, 0.679283
1.187083, -0.802574, -0.042152, 0.671425
1.187587, -0.820827, -0.019703, 0.661697
1.188090, -0.817280, -0.017776, 0.623684
1.189545, -0.765877, 0.038242, 0.579491
1.190046, -0.770302, 0.008221, 0.636444
1.190568, -0.739002, -0.025444, 0.718918
1.191067, -0.756702, -0.039577, 0.679111
1.191570, -0.808430, -0.022469, 0.627842
1.192066, -0.833225, 0.003490, 0.611210
1.192565, -0.834370, 0.025597, 0.601711
1.193076, -0.816975, 0.051079, 0.573063
1.193592, -0.765419, 0.010166, 0.550117
1.194053, -0.751572, -0.050316, 0.624905
1.194550, -0.718060, -0.082741, 0.693378
1.195097, -0.726891, -0.038319, 0.728111
1.195577, -0.772934, -0.006027, 0.643654
1.196056, -0.826759, -0.031319, 0.588150
1.196589, -0.874672, -0.006676, 0.653019
1.197068, -0.883331, -0.008965, 0.587482
1.198084, -0.950527, -0.075626, 0.582981
1.198565, -0.972347, -0.057621, 0.635262
1.199068, -0.913849, -0.005894, 0.531712
1.199557, -0.851917, 0.001392, 0.565643
1.200060, -0.803280, -0.031528, 0.737381
1.200593, -0.788879, -0.068836, 0.673409
1.201081, -0.783577, -0.104198, 0.677185
1.201571, -0.714264, -0.078831, 0.795155
1.202060, -0.614223, -0.044994, 0.719757
1.202589, -0.601807, -0.107269, 0.886230
1.203601, -0.652828, -0.063019, 0.720406
1.204075, -0.711594, 0.063210, 0.761375
1.204578, -0.709743, -0.090389, 0.664692
1.205082, -0.730133, -0.162983, 0.789127
1.205585, -0.719395, -0.134563, 0.788460
1.206060, -0.746174, -0.013828, 0.731392
1.206563, -0.731716, 0.039749, 0.807552
1.207084, -0.696182, 0.026379, 0.708599
1.207608, -0.654755, -0.046101, 0.633106
1.208077, -0.635891, 0.018539, 0.689583
1.208597, -0.635853, -0.002594, 0.819397
1.209086, -0.681515, -0.052986, 0.902386
1.209575, -0.733509, -0.126343, 0.892925
1.210084, -0.793076, -0.140553, 0.837212
1.211098, -0.820560, -0.050716, 0.693302
1.211601, -0.862541, 0.051804, 0.734787
1.212104, -0.828362, 0.059280, 0.545387
1.213069, -0.722809, 0.026569, 0.696659
1.213572, -0.714931, 0.006390, 0.755424
1.214104, -0.666809, 0.100307, 0.779190
1.214610, -0.567436, 0.043545, 0.759678
1.215112, -0.579948, 0.003757, 0.927734
1.215605, -0.605869, -0.071049, 0.868111
1.216083, -0.602798, 0.063095, 0.802250
1.216616, -0.532475, 0.035248, 0.724468
1.217596, -0.613289, 0.070076, 0.800648
1.218079, -0.704823, 0.146065, 0.641975
1.218818, -0.751972, 0.104790, 0.597363
1.219105, -0.789566, 0.042744, 0.681591
1.220085, -0.830574, 0.040188, 0.577660
1.220802, -0.803585, 0.108833, 0.601864
1.221234, -0.740318, 0.174541, 0.652790
1.222345, -0.713978, 0.111713, 0.677128
1.223278, -0.697193, 0.204182, 0.611324
1.223721, -0.681763, 0.212955, 0.658054
1.224189, -0.725918, 0.168247, 0.772724
1.224671, -0.797443, 0.101643, 0.579948
1.225166, -0.806847, 0.072784, 0.470848
1.225597, -0.843334, 0.118942, 0.536232
1.226139, -0.849056, 0.152912, 0.530205
1.226658, -0.806580, 0.154438, 0.614586
1.227128, -0.733395, 0.124931, 0.654812
1.227645, -0.569210, 0.087547, 0.580540
1.228104, -0.490322, 0.141544, 0.734978
1.228625, -0.448151, 0.126114, 0.749264
1.229137, -0.490017, 0.121288, 0.786667
1.229611, -0.525513, 0.050507, 0.692005
1.230121, -0.558186, 0.075588, 0.747662
1.230625, -0.646000, 0.097141, 0.828991
1.231116, -0.703716, 0.092545, 0.645199
1.231695, -0.694237, 0.084248, 0.558491
1.232129, -0.662231, 0.103645, 0.427799
1.232608, -0.612583, 0.092297, 0.534592
1.233127, -0.598183, 0.074558, 0.687180
1.233603, -0.617409, 0.086880, 0.729046
1.234144, -0.590172, 0.070705, 0.627689
1.234644, -0.513382, 0.043583, 0.572186
1.235102, -0.527344, 0.069199, 0.712624
1.235611, -0.567150, 0.083046, 0.675850
1.236120, -0.616665, 0.077114, 0.647602
1.236624, -0.704422, 0.041122, 0.606213
1.237128, -0.736256, 0.046101, 0.519028
1.237634, -0.742188, 0.038719, 0.524082
1.238106, -0.714321, 0.040321, 0.495930
1.238624, -0.696297, 0.026531, 0.508881
1.239605, -0.695305, 0.043907, 0.635452
1.240107, -0.686874, 0.045414, 0.601006
1.240610, -0.655231, 0.027866, 0.481434
1.241113, -0.652466, 0.023994, 0.509777
1.241617, -0.654774, 0.029850, 0.540924
1.242112, -0.666809, 0.048962, 0.605812
1.242610, -0.661831, 0.053711, 0.688210
1.243105, -0.647793, 0.018139, 0.584564
1.244629, -0.705433, 0.005054, 0.567608
1.245144, -0.702286, -0.000706, 0.554523
1.245646, -0.709686, -0.022678, 0.566616
1.246142, -0.716972, -0.032940, 0.634632
1.246640, -0.721569, -0.041409, 0.556622
1.247142, -0.691071, -0.040779, 0.586491
1.247646, -0.664425, -0.022202, 0.597973
1.248150, -0.637264, -0.001621, 0.585785
1.248653, -0.636826, 0.002251, 0.660381
1.249157, -0.632267, -0.033417, 0.621738
1.249664, -0.605698, -0.032349, 0.630493
1.250165, -0.567188, 0.001011, 0.650368
1.250668, -0.562801, 0.029583, 0.688629
1.251619, -0.593109, 0.011921, 0.727081
1.252120, -0.646057, 0.013275, 0.727406
1.252624, -0.666008, 0.037003, 0.682716
1.253142, -0.696754, 0.008659, 0.686035
1.253649, -0.687733, -0.016994, 0.633545
1.254142, -0.681934, -0.049591, 0.589218
1.254640, -0.684280, -0.035934, 0.702095
1.255143, -0.675755, 0.003891, 0.687027
1.255647, -0.671711, -0.002098, 0.691433
1.256668, -0.612411, -0.043926, 0.716248
1.257626, -0.586815, 0.019093, 0.690784
1.259147, -0.585747, -0.038490, 0.714130
1.259627, -0.610638, -0.036469, 0.747757
1.260148, -0.626335, -0.028801, 0.685196
1.260675, -0.646019, -0.027561, 0.719948
1.261171, -0.653114, -0.054779, 0.704002
1.261671, -0.645714, -0.080395, 0.643082
1.262149, -0.656204, -0.036545, 0.654602
1.262639, -0.650101, -0.020008, 0.678959
1.263170, -0.645695, -0.028439, 0.655785
1.263646, -0.650005, -0.046196, 0.632248
1.264172, -0.648155, -0.060005, 0.669594
1.264654, -0.645142, -0.062866, 0.673389
1.265142, -0.653896, -0.067978, 0.632343
1.265780, -0.669518, -0.035667, 0.670795
1.266276, -0.678005, -0.034161, 0.646725
1.266774, -0.687466, -0.050011, 0.606804
1.267143, -0.691566, -0.089569, 0.619602
1.267646, -0.683231, -0.088711, 0.586662
1.268272, -0.675831, -0.084000, 0.597038
1.268744, -0.673485, -0.082607, 0.666389
1.269230, -0.661430, -0.105095, 0.650787
1.269726, -0.653229, -0.089016, 0.609398
1.270223, -0.643063, -0.069027, 0.645695
1.270682, -0.635872, -0.057487, 0.657101
1.271238, -0.638905, -0.095615, 0.612202
1.271740, -0.643082, -0.093861, 0.638027
1.272226, -0.645809, -0.078697, 0.671253
1.272719, -0.644627, -0.079155, 0.627975
1.273212, -0.660801, -0.060349, 0.644779
1.273705, -0.658531, -0.055943, 0.664005
1.274149, -0.670834, -0.039959, 0.641880
1.274712, -0.665836, -0.017624, 0.664597
1.275172, -0.666294, -0.014000, 0.652027
1.275690, -0.672150, -0.017757, 0.639439
1.276190, -0.676460, -0.033417, 0.652771
1.276662, -0.665836, -0.019855, 0.687656
1.277192, -0.649815, -0.005302, 0.667801
1.277698, -0.627613, 0.012436, 0.636044
1.278155, -0.605774, 0.012798, 0.670776
1.278668, -0.595970, -0.012856, 0.689526
1.279174, -0.571804, -0.012131, 0.694866
1.279675, -0.571060, -0.039196, 0.709858
1.280159, -0.580654, -0.030651, 0.683346
1.280703, -0.558052, 0.046043, 0.701370
1.281186, -0.549088, 0.108299, 0.727692
1.281690, -0.517712, 0.112667, 0.725822
1.282179, -0.534306, 0.005913, 0.636196
1.282669, -0.553761, 0.001011, 0.637341
1.283162, -0.576286, 0.043507, 0.684853
1.283708, -0.599270, 0.078163, 0.672169
1.284182, -0.630836, 0.087528, 0.727768
1.284792, -0.664368, 0.069237, 0.714817
1.285193, -0.692768, 0.053043, 0.617943
1.285709, -0.706539, 0.065575, 0.641823
1.286180, -0.668583, 0.105228, 0.605011
1.286698, -0.664711, 0.098476, 0.563183
1.287186, -0.639610, 0.099602, 0.624695
1.287694, -0.637398, 0.131111, 0.688133
1.288194, -0.634708, 0.173664, 0.716858
1.288685, -0.604610, 0.155354, 0.706539
1.289188, -0.582581, 0.114555, 0.711918
1.289679, -0.581741, 0.070610, 0.657845
1.290178, -0.616894, 0.066948, 0.676708
1.290677, -0.672359, 0.093269, 0.661087
1.291201, -0.714340, 0.160866, 0.632324
1.291708, -0.734959, 0.191460, 0.683479
1.292203, -0.719757, 0.126019, 0.661564
1.292704, -0.712395, 0.114784, 0.658226
1.293206, -0.717850, 0.117207, 0.686455
1.293699, -0.657482, 0.121460, 0.720100
1.294180, -0.589733, 0.036469, 0.758266
1.294678, -0.581665, 0.049515, 0.734138
1.295188, -0.548820, 0.064125, 0.683784
1.295686, -0.523319, 0.049095, 0.620975
1.296208, -0.541782, -0.027409, 0.599728
1.296709, -0.568447, -0.049458, 0.701103
1.297215, -0.585098, -0.044594, 0.667629
1.297710, -0.569077, -0.032349, 0.678349
1.298192, -0.566998, -0.029106, 0.728436
1.298697, -0.555153, -0.053539, 0.661316
1.299188, -0.583153, -0.073204, 0.623989
1.299685, -0.686092, -0.064125, 0.651531
1.300209, -0.764256, -0.040436, 0.673141
1.300699, -0.925636, -0.038109, 0.658112
1.301201, -0.878620, 0.018749, 0.652790
1.301706, -0.790768, 0.011597, 0.647964
1.302194, -0.757179, 0.069599, 0.652313
1.302702, -0.658379, 0.041351, 0.722084
1.303204, -0.429840, -0.063438, 0.695267
1.303692, -0.328903, -0.163498, 0.686646
1.304208, -0.320816, -0.135174, 0.821152
1.304698, -0.402679, -0.058022, 0.856228
1.305187, -0.498829, -0.083294, 0.779896
1.305727, -0.542336, -0.164433, 0.787315
1.306223, -0.630798, -0.145664, 0.806808
1.306713, -0.593452, -0.114479, 0.641232
1.307202, -0.617313, -0.039539, 0.628300
1.307691, -0.652084, -0.074310, 0.679188
1.308240, -0.749779, -0.140686, 0.643864
1.308717, -0.772190, -0.143776, 0.709953
1.309199, -0.678902, -0.057163, 0.705242
1.309737, -0.627708, -0.006046, 0.654411
1.310221, -0.517025, -0.037117, 0.692806
1.310698, -0.468693, -0.055656, 0.683517
1.311245, -0.428028, -0.024090, 0.609951
1.311721, -0.504665, -0.036888, 0.631104
1.312211, -0.590878, -0.104389, 0.750332
1.312698, -0.569057, -0.122948, 0.649738
1.313334, -0.572815, -0.061169, 0.658398
1.313857, -0.734749, -0.106125, 0.560513
1.314217, -0.967369, -0.164795, 0.600739
1.314698, -0.934906, -0.122833, 0.696297
1.315335, -0.898533, -0.040874, 0.646667
1.315817, -0.872765, 0.006275, 0.599117
1.316302, -0.756664, -0.065613, 0.533257
1.316791, -0.767040, -0.084248, 0.550518
1.317280, -0.898933, -0.043564, 0.574608
1.317769, -0.936947, 0.003834, 0.640106
1.318318, -0.946445, -0.005989, 0.659599
1.318805, -0.862560, -0.044270, 0.654545
1.319296, -0.760098, -0.064354, 0.557404
1.319794, -0.643272, -0.016155, 0.582294
1.320274, -0.558186, 0.018978, 0.702152
1.320772, -0.493870, 0.004196, 0.697460
1.321261, -0.423641, -0.025501, 0.669727
1.321758, -0.406628, -0.014153, 0.739479
1.322223, -0.436420, -0.011749, 0.703278
1.322718, -0.487556, -0.048428, 0.628872
1.323218, -0.612659, -0.055428, 0.650597
1.323707, -0.795269, -0.001984, 0.640907
1.324228, -0.958309, 0.052071, 0.600281
1.324742, -1.104870, 0.081215, 0.662880
1.356432, -0.715771, 0.115356, 0.820713
1.356535, -0.708504, 0.111141, 0.819244
1.356639, -0.701485, 0.117550, 0.785637
1.356747, -0.697212, 0.121250, 0.798721
1.356935, -0.698185, 0.118160, 0.791206
1.357044, -0.694599, 0.106144, 0.764828
1.357150, -0.693150, 0.102272, 0.763111
1.357255, -0.695534, 0.104256, 0.745850
1.357445, -0.691242, 0.106106, 0.714607
1.357552, -0.693226, 0.110302, 0.705357
1.357660, -0.693264, 0.104046, 0.700397
1.357765, -0.697861, 0.090351, 0.671158
1.357974, -0.697575, 0.081272, 0.666771
1.358091, -0.696735, 0.080090, 0.669727
1.358208, -0.694809, 0.078773, 0.635796
1.358405, -0.697498, 0.083141, 0.617504
1.358526, -0.697193, 0.084209, 0.601177
1.358637, -0.700550, 0.080814, 0.585880
1.358750, -0.700970, 0.072536, 0.591412
1.358946, -0.701027, 0.070763, 0.583115
1.359059, -0.698528, 0.063133, 0.543728
1.359169, -0.703812, 0.073051, 0.536537
1.359279, -0.702896, 0.072594, 0.540218
1.359472, -0.702782, 0.076580, 0.512505
1.359583, -0.702724, 0.070190, 0.503178
1.359693, -0.705357, 0.064411, 0.509453
1.359882, -0.706787, 0.067825, 0.484791
1.359991, -0.719643, 0.075817, 0.480175
1.360103, -0.750122, 0.085163, 0.485420
1.360210, -0.774841, 0.071850, 0.451145
1.360402, -0.795345, 0.062199, 0.437374
1.360510, -0.813236, 0.074902, 0.443497
1.360624, -0.823021, 0.091629, 0.415649
1.360733, -0.819626, 0.098057, 0.419674
1.360933, -0.815887, 0.082970, 0.445862
1.361044, -0.794621, 0.074005, 0.440388
1.361157, -0.781784, 0.055466, 0.441704
1.361276, -0.776901, 0.050774, 0.479069
1.361471, -0.767002, 0.043526, 0.488052
1.361587, -0.757866, 0.034370, 0.503292
1.361703, -0.752087, 0.032883, 0.533295
1.361898, -0.747089, 0.031624, 0.528870
1.362008, -0.744152, 0.040722, 0.510406
1.362394, -0.728607, 0.036926, 0.527515
1.362892, -0.718594, 0.037441, 0.554504
1.363400, -0.715389, 0.036697, 0.558681
1.363915, -0.713253, 0.032787, 0.574417
1.364364, -0.708885, 0.018044, 0.594349
1.364851, -0.704346, 0.014896, 0.583439
1.365352, -0.694351, 0.011864, 0.605221
1.365855, -0.687065, 0.022354, 0.622711
1.366375, -0.672836, 0.023708, 0.616341
1.366832, -0.662384, 0.027599, 0.624809
1.367328, -0.643749, 0.027885, 0.627766
1.367854, -0.650196, 0.015125, 0.631752
1.368358, -0.665455, 0.025043, 0.648041
1.368820, -0.688496, 0.041943, 0.658226
1.369335, -0.705166, 0.056076, 0.646000
1.369841, -0.716705, 0.065441, 0.629005
1.370304, -0.733986, 0.070095, 0.625477
1.370803, -0.750446, 0.069408, 0.616226
1.371306, -0.776997, 0.067062, 0.624542
1.371810, -0.803223, 0.072289, 0.637093
1.372303, -0.822430, 0.075989, 0.633163
1.372802, -0.842075, 0.083561, 0.631866
1.373310, -0.848732, 0.083237, 0.629692
1.373854, -0.857525, 0.086746, 0.636711
1.374304, -0.862751, 0.084572, 0.643482
1.374820, -0.874767, 0.095348, 0.658798
1.375320, -0.893173, 0.102024, 0.678978
1.375825, -0.910797, 0.102425, 0.686417
1.376317, -0.931988, 0.097790, 0.694733
1.376816, -0.951023, 0.110073, 0.694752
1.377321, -0.961418, 0.112438, 0.685120
1.377815, -0.969429, 0.111217, 0.700989
1.378328, -0.985851, 0.112305, 0.722046
1.379291, -1.042957, 0.130615, 0.764122
1.379792, -1.058540, 0.129700, 0.783844
1.380283, -1.053295, 0.116978, 0.765839
1.380832, -1.055660, 0.128536, 0.778866
1.381280, -1.021385, 0.138912, 0.780315
1.381823, -0.941505, 0.117550, 0.769463
1.382283, -0.854511, 0.069275, 0.830116
1.382815, -0.775433, -0.031185, 0.948792
1.383311, -0.736465, -0.029793, 1.125984
1.384301, -0.602493, 0.107231, 1.225166
1.384830, -0.582447, 0.114326, 1.168213
1.385320, -0.610104, 0.041847, 1.074352
1.385807, -0.620823, -0.015984, 1.140366
1.386296, -0.612717, -0.057392, 1.204414
1.386830, -0.620060, 0.044670, 1.160908
1.387325, -0.589085, 0.083313, 1.002960
1.387814, -0.592499, 0.023689, 1.020336
1.388290, -0.719299, -0.120544, 1.180668
1.388830, -0.863323, -0.074806, 1.154842
1.389315, -0.950890, 0.029163, 0.932751
1.389824, -0.975342, 0.086994, 0.822144
1.390298, -0.945606, 0.077324, 0.798492
1.390826, -0.878735, -0.015583, 0.702591
1.391817, -0.839252, -0.106716, 0.907040
1.392335, -0.920830, -0.031357, 1.058235
1.392798, -0.968552, 0.022888, 1.042328
1.393311, -0.942249, 0.053596, 0.885849
1.393838, -0.885468, 0.148411, 0.726871
1.394327, -0.769768, 0.119324, 0.494709
1.394797, -0.788593, 0.078335, 0.614262
1.395349, -0.822449, 0.006809, 0.810394
1.395845, -0.903187, 0.090942, 0.970898
1.396331, -0.944672, 0.133877, 1.019268
1.396810, -0.905457, 0.051193, 0.818615
1.397334, -0.911961, -0.046864, 0.752506
1.397812, -0.840015, 0.056057, 0.584412
1.398338, -0.628853, 0.222778, 0.482597
1.398830, -0.565453, 0.143700, 0.718575
1.399342, -0.692406, 0.097084, 1.025276
1.399812, -0.856953, -0.014915, 1.073284
1.400311, -0.966702, 0.025158, 0.844212
1.400860, -0.826340, -0.071526, 0.442715
1.401349, -0.697975, 0.166187, 0.517483
1.401852, -0.547237, 0.175323, 0.308800
1.402356, -0.745735, 0.161762, 0.631313
1.402845, -0.972595, 0.073223, 1.154938
1.403334, -0.896378, -0.054016, 0.976658
1.403839, -0.783501, -0.011406, 0.553246
1.404341, -0.616379, -0.016804, 0.236206
1.404845, -0.693893, 0.137672, 0.400486
1.405335, -0.719090, 0.196114, 0.566959
1.405838, -0.869045, 0.213299, 0.760365
1.406327, -0.829830, 0.107574, 0.779724
1.406834, -0.791550, -0.100288, 0.603027
1.407352, -0.786953, 0.030804, 0.745430
1.407827, -0.765762, 0.138016, 0.708237
1.408545, -0.669231, 0.119171, 0.338192
1.408820, -0.594826, -0.099010, 0.360165
1.409562, -0.590935, -0.069389, 0.595551
1.409959, -0.598831, 0.035229, 0.777836
1.410325, -0.718517, 0.058460, 0.815449
1.411016, -0.796280, 0.051861, 0.704117
1.411518, -0.664558, 0.071316, 0.376205
1.411872, -0.540676, -0.113640, 0.217037
1.412555, -0.757389, -0.146656, 0.642815
1.413013, -0.998859, -0.130615, 0.638561
1.413414, -1.151848, 0.003223, 0.507812
1.414019, -1.180153, 0.103359, 0.638371
1.414402, -1.057568, 0.008926, 0.199146
1.414898, -0.826836, -0.032749, -0.125217
1.415367, -0.644913, -0.102997, 0.035915
1.415897, -0.743637, 0.148048, 0.660973
1.416367, -0.748215, 0.238171, 0.773602
1.416889, -0.709763, 0.128975, 0.965824
1.417350, -0.663948, -0.175858, 1.077309
1.417870, -0.669422, -0.519314, 0.428467
1.418361, -0.734730, -0.238018, 0.402908
1.418863, -0.565929, 0.172024, 0.442467
1.419350, -0.528889, 0.426693, 0.344181
1.419844, -0.520115, 0.117111, 0.236645
1.420371, -0.612488, -0.143452, 0.698681
1.420864, -0.465450, -0.184021, 1.127892
1.421366, -0.361843, -0.072002, 0.805607
1.421833, -0.576305, 0.020180, 1.084709
1.422384, -0.719070, 0.106888, 1.045685
1.422863, -0.742245, 0.120792, 0.435848
1.423380, -0.693130, 0.054131, 0.176449
1.423869, -0.676975, -0.128479, 0.240383
1.424352, -0.804844, -0.163326, 0.575752
1.424845, -0.876713, -0.163250, 0.554066
1.425845, -0.922012, -0.026665, 0.483341
1.426348, -0.842628, 0.034351, 0.240746
1.426857, -0.671654, -0.005302, 0.232086
1.427372, -0.650749, -0.064468, 0.319710
1.427888, -0.743122, 0.024738, 0.736351
1.428355, -0.811672, 0.104694, 0.709801
1.428898, -0.784245, 0.106831, 0.763340
1.429369, -0.696907, -0.103359, 0.816135
1.429887, -0.656033, -0.167942, 0.382442
1.430389, -0.693665, -0.059071, 0.233421
1.430847, -0.672169, -0.002651, 0.411682
1.431394, -0.591698, -0.024300, 0.714970
1.431900, -0.579739, -0.096321, 0.523605
1.432390, -0.569763, -0.106449, 0.577202
1.432891, -0.578976, -0.009499, 0.845470
1.433385, -0.471535, -0.006790, 0.583706
1.433848, -0.556374, 0.023270, 0.735970
1.434364, -0.538387, -0.056992, 0.900822
1.434892, -0.523090, -0.190067, 0.978241
1.435356, -0.498657, -0.418816, 0.648842
1.435901, -0.373764, -0.538750, 0.333977
1.436406, -0.276489, -0.332413, 0.580063
1.436891, -0.329781, -0.182114, 0.812435
1.437853, -0.791626, -0.118046, 1.116371
1.438358, -0.877151, -0.250549, 0.560112
1.438861, -0.765705, -0.253468, 0.136795
1.439364, -0.565834, -0.205040, 0.180588
1.439869, -0.653324, -0.188484, 0.201893
1.440403, -0.740662, -0.135632, 0.477982
1.440905, -0.853138, -0.217495, 0.637989
1.441411, -0.989513, -0.107841, 0.795040
1.442373, -0.502720, 0.052128, 0.291748
1.442872, -0.351620, -0.048065, 0.254345
1.443362, -0.474377, -0.148258, 0.445213
1.443868, -0.708599, -0.115032, 0.694599
1.444372, -0.855503, -0.088654, 0.492554
1.444892, -0.855713, 0.056934, 0.667782
1.445396, -0.686073, -0.096264, 0.329762
1.445898, -0.537548, -0.110836, 0.201797
1.446402, -0.556278, -0.083961, 0.271873
1.446907, -0.610733, 0.054722, 0.519524
1.447409, -0.769863, 0.125542, 0.734978
1.447913, -0.810814, 0.130177, 0.426998
1.448381, -0.836945, 0.155258, 0.542641
1.448886, -0.745506, 0.050278, 0.431194
1.449406, -0.699329, 0.029697, 0.161610
1.449909, -0.682774, 0.089855, 0.452404
1.450884, -0.635662, 0.124359, 0.591812
1.451424, -0.555706, 0.206985, 0.696602
1.451880, -0.449772, 0.157509, 0.646839
1.452406, -0.419483, 0.056858, 0.672321
1.452893, -0.468712, -0.031261, 0.645370
1.453526, -0.568848, 0.165405, 0.817947
1.454411, -0.667095, 0.269566, 0.576916
1.454904, -0.700912, 0.146008, 0.659637
1.455395, -0.691452, 0.097942, 0.422211
1.456378, -0.728302, 0.206928, 0.696430
1.456942, -0.730095, 0.211449, 0.643425
1.457479, -0.676155, 0.231686, 0.642090
1.457941, -0.573845, 0.213680, 0.610867
1.458471, -0.480366, 0.203514, 0.561638
1.458970, -0.267010, 0.176315, 0.532532
1.459423, -0.184650, 0.156956, 0.999584
1.459932, -0.180969, 0.161896, 1.185989
1.460435, -0.174484, 0.214329, 1.219902
1.460904, -0.323486, 0.195141, 1.209030
1.461412, -0.396767, 0.098057, 0.775070
1.461911, -0.519161, 0.044155, 0.488243
1.462440, -0.571327, 0.085926, 0.336075
1.462904, -0.649643, 0.101452, 0.286999
1.463428, -0.707302, 0.170441, 0.542107
1.463956, -0.743866, 0.170746, 0.582085
1.464422, -0.741425, 0.129719, 0.590267
1.464904, -0.699463, 0.111790, 0.589695
1.465431, -0.676365, 0.136642, 0.480709
1.465900, -0.639057, 0.175724, 0.422134
1.466412, -0.592232, 0.189266, 0.355568
1.466933, -0.595169, 0.143776, 0.468826
1.467423, -0.610104, 0.148544, 0.508270
1.467929, -0.625229, 0.158844, 0.435677
1.468445, -0.655727, 0.203991, 0.569859
1.469424, -0.653744, 0.118313, 0.423908
1.469927, -0.657406, 0.144978, 0.430908
1.470415, -0.651302, 0.148735, 0.407162
1.470905, -0.676594, 0.155754, 0.407200
1.471932, -0.738487, 0.207520, 0.478344
1.472431, -0.723457, 0.200558, 0.399609
1.472934, -0.699177, 0.235767, 0.413284
1.473439, -0.706635, 0.234337, 0.462036
1.473941, -0.698414, 0.221901, 0.398884
1.474433, -0.715313, 0.176792, 0.454006
1.474921, -0.703335, 0.191040, 0.535297
1.475421, -0.689392, 0.189610, 0.451508
1.475905, -0.680237, 0.214958, 0.523167
1.476420, -0.692711, 0.204277, 0.542545
1.476947, -0.685997, 0.166702, 0.484200
1.477459, -0.686378, 0.160446, 0.524082
1.477918, -0.703163, 0.159264, 0.580330
1.478431, -0.701447, 0.148087, 0.569172
1.478923, -0.696430, 0.139408, 0.582619
1.479440, -0.697727, 0.128899, 0.646400
1.479915, -0.700779, 0.136242, 0.613804
1.480421, -0.675621, 0.089970, 0.615997
1.480911, -0.633659, 0.086441, 0.664310
1.481413, -0.643120, 0.100403, 0.633297
1.481944, -0.662918, 0.077801, 0.667725
1.482466, -0.674629, 0.035496, 0.753155
1.482940, -0.635147, 0.024414, 0.722179
1.483423, -0.625534, 0.018501, 0.722389
1.483915, -0.634823, 0.002651, 0.784855
1.484459, -0.624504, 0.021954, 0.739307
1.484919, -0.622044, 0.035057, 0.735588
1.485460, -0.627804, -0.008755, 0.804501
1.485927, -0.645924, -0.064793, 0.793972
1.486460, -0.698452, -0.024071, 0.747166
1.486936, -0.739441, -0.044441, 0.822868
1.487438, -0.663872, -0.049133, 0.845299
1.487926, -0.590229, -0.046387, 0.748253
1.488431, -0.630550, -0.020199, 0.739365
1.488936, -0.740147, 0.063019, 0.758781
1.489425, -0.781822, 0.031605, 0.750179
1.489956, -0.798492, 0.021591, 0.823936
1.490463, -0.786686, -0.105896, 0.764046
1.490956, -0.755501, -0.046349, 0.685558
1.491427, -0.720253, 0.037518, 0.703716
1.491930, -0.644379, 0.093708, 0.738564
1.492425, -0.700684, 0.126781, 0.767174
1.492934, -0.719490, 0.060558, 0.785503
1.493424, -0.658321, -0.005169, 0.781021
1.493986, -0.638390, 0.022831, 0.678253
1.494477, -0.670147, 0.151176, 0.656605
1.494937, -0.770416, 0.136490, 0.762215
1.495471, -0.700951, -0.082741, 0.712357
1.495929, -0.575123, -0.126209, 0.624771
1.496452, -0.610046, -0.066376, 0.538273
1.496965, -0.709743, -0.017967, 0.642986
1.497473, -0.722561, -0.104523, 0.829697
1.497972, -0.685463, -0.082226, 0.853024
1.498464, -0.806065, 0.069675, 0.688171
1.498965, -0.805798, 0.077858, 0.647659
1.499457, -0.668297, -0.025902, 0.650444
1.499957, -0.477257, -0.084629, 0.588627
1.500461, -0.378304, 0.027237, 0.539284
1.500963, -0.326977, 0.099850, 0.533104
1.501457, -0.299854, 0.084095, 0.529308
1.501957, -0.382233, 0.103397, 0.582142
1.502461, -0.402279, -0.005093, 0.567684
1.503024, -0.435047, -0.042515, 0.512619
1.503527, -0.409660, -0.007782, 0.529022
1.503951, -0.413971, 0.119591, 0.335655
1.504523, -0.395660, 0.084553, 0.234203
1.505040, -0.345173, 0.054398, 0.320854
1.505542, -0.377846, 0.078545, 0.367260
1.506045, -0.496025, 0.116081, 0.376225
1.506535, -0.583973, 0.045643, 0.344830
1.507038, -0.684471, 0.009899, 0.275993
1.507484, -0.778637, 0.031929, 0.170250
1.507980, -0.823517, 0.048065, 0.240498
1.508470, -0.859146, -0.014553, 0.313625
1.509002, -0.774193, -0.135078, 0.320778
1.509493, -0.553761, -0.076103, 0.358505
1.509982, -0.419369, 0.012817, 0.245419
1.510470, -0.355568, 0.173836, 0.210857
1.510957, -0.322342, 0.135002, 0.143471
1.511454, -0.318336, 0.036011, 0.238438
1.511957, -0.371761, -0.102234, 0.403328
1.512461, -0.443077, -0.218830, 0.440712
1.512964, -0.567570, -0.188522, 0.513191
1.513454, -0.725842, -0.077095, 0.451775
1.513973, -0.873833, 0.003433, 0.464573
1.514463, -0.982780, 0.031967, 0.403824
1.514982, -1.058407, -0.129204, 0.078201
1.515484, -1.088142, -0.015793, 0.178204
1.515987, -1.030903, 0.072594, 0.326900
1.516490, -0.965977, 0.187359, 0.313034
1.516994, -0.776024, 0.200672, 0.217228
1.517469, -0.584984, 0.211868, 0.072308
1.517974, -0.480251, 0.237274, 0.276775
1.518474, -0.345020, 0.162144, 0.363274
1.518972, -0.314465, 0.056477, 0.350266
1.519482, -0.438232, 0.070076, 0.462322
1.519972, -0.588875, 0.033455, 0.457020
1.520492, -0.654564, 0.055466, 0.612564
1.520980, -0.684605, 0.038834, 0.506763
1.521463, -0.590553, 0.042191, 0.352554
1.522004, -0.573692, 0.014648, 0.423889
1.522485, -0.607014, -0.041676, 0.517483
1.522964, -0.678291, -0.008793, 0.582771
1.523512, -0.621433, 0.027561, 0.448055
1.523986, -0.488110, 0.123749, 0.363026
1.524483, -0.530205, 0.186920, 0.542431
1.525010, -0.649967, 0.061665, 0.445976
1.525478, -0.642433, 0.044518, 0.594521
1.525991, -0.610905, 0.019054, 0.640163
1.526969, -0.570812, 0.049000, 0.544395
1.527514, -0.643311, 0.082741, 0.484829
1.527972, -0.789642, 0.250263, 0.664330
1.528475, -0.848122, 0.335484, 0.643959
1.529011, -0.908585, 0.296345, 0.525970
1.529512, -1.147270, 0.160484, 0.673237
1.529986, -1.275902, 0.018787, 0.661716
1.530492, -1.207790, -0.014496, 0.629444
1.530994, -1.012688, 0.067329, 0.622997
1.531482, -0.737953, 0.128880, 0.597153
1.532016, -0.597267, 0.120087, 0.627003
1.532475, -0.553455, 0.087452, 0.690937
1.532998, -0.497780, 0.068607, 0.799255
1.534001, -0.442810, 0.173435, 0.817871
1.534483, -0.459785, 0.228329, 0.900288
1.535015, -0.520382, 0.217896, 0.771275
1.535528, -0.661583, 0.221958, 0.874863
1.536031, -0.778675, 0.160217, 0.820351
1.536519, -0.768967, 0.148602, 0.757122
1.537024, -0.652428, 0.138931, 0.824718
1.537484, -0.614414, 0.116444, 0.795212
1.537988, -0.694885, 0.143509, 0.664520
1.538490, -1.024456, 0.160027, 0.613098
1.538993, -1.372280, 0.232201, 0.923195
1.539498, -1.268635, 0.189247, 1.002293
1.540000, -0.982914, 0.073223, 0.909824
1.540490, -0.686016, 0.048752, 0.846081
1.541037, -0.539665, -0.008583, 0.472336
1.541528, -0.521412, 0.098648, 0.590076
1.542024, -0.570755, 0.125160, 0.942993
1.542512, -0.740280, 0.148373, 0.966358
1.542991, -0.893326, 0.073662, 0.929661
1.543523, -0.946808, 0.002251, 1.000023
1.544215, -0.964413, 0.022678, 1.023216
1.544496, -0.918484, 0.060062, 0.782299
1.545025, -0.858898, 0.135612, 0.738964
1.545527, -0.703297, 0.150280, 0.820465
1.546031, -0.511608, 0.103512, 0.856934
1.546529, -0.473003, 0.092869, 0.984402
1.547040, -0.442657, 0.033588, 0.841084
1.547522, -0.476952, 0.027313, 0.852070
1.548209, -0.609531, 0.017128, 0.953083
1.548520, -0.706177, 0.161190, 0.970917
1.549010, -0.745049, 0.113049, 0.896893
1.549529, -0.834427, -0.048542, 0.769424
1.550716, -0.605469, -0.136833, 0.904121
1.551116, -0.658379, -0.036354, 0.730362
1.551508, -0.783329, -0.040684, 0.691757
1.552592, -0.814438, 0.075455, 0.992928
1.553096, -0.947514, 0.034389, 1.083469
1.553602, -1.105442, -0.023460, 0.663319
1.554086, -1.166496, -0.016632, 0.835857
1.554604, -1.063175, 0.044899, 0.876522
1.555102, -0.973034, -0.033913, 0.718098
1.555573, -0.849514, -0.039959, 0.679531
1.556085, -0.843601, -0.099926, 0.797825
1.556550, -0.729656, -0.100441, 0.909786
1.557051, -0.576553, -0.154839, 0.659428
1.557571, -0.454674, -0.206738, 0.782852
1.558071, -0.420589, -0.199890, 0.648537
1.558529, -0.398712, -0.251026, 0.600128
1.559022, -0.557957, -0.140839, 0.936680
1.559518, -0.664768, -0.051403, 0.892582
1.560012, -0.725803, -0.057983, 0.714378
1.560529, -0.700932, -0.059395, 1.034737
1.561017, -0.616264, -0.176563, 1.042080
1.561517, -0.613537, -0.208092, 0.594482
1.562017, -0.657291, -0.267181, 0.392113
1.562520, -0.862885, -0.168552, 0.579586
1.563014, -1.051941, -0.072289, 0.725479
1.563512, -1.228027, -0.035019, 0.911427
1.564023, -1.252537, -0.073566, 0.979671
1.564564, -1.035385, -0.229740, 0.778046
1.566019, -0.513153, -0.069427, 0.313549
1.566522, -0.524521, -0.138969, 0.566788
1.567026, -0.695820, -0.260258, 0.803871
1.567516, -0.923214, -0.188179, 0.961704
1.568017, -1.049995, -0.039158, 0.857906
1.568521, -0.961685, 0.018616, 0.896873
1.569572, -0.485229, -0.308533, 0.346279
1.570520, -0.501842, -0.315018, 0.478668
1.571054, -0.641727, -0.344181, 0.534363
1.571557, -0.760250, -0.206833, 0.804558
1.572044, -0.773869, -0.144367, 0.890007
1.572535, -0.846786, -0.157146, 0.708923
1.573025, -0.875225, -0.186386, 0.659237
1.573527, -0.811558, -0.074215, 0.541859
1.574046, -0.624275, -0.106297, 0.523281
1.574553, -0.611973, -0.147171, 0.483837
1.575044, -0.644264, -0.229511, 0.563240
1.576064, -0.770092, -0.137463, 0.674953
1.576546, -0.888939, -0.139408, 0.870991
1.577038, -0.860481, -0.120945, 0.679493
1.577543, -0.903301, -0.024395, 0.643120
1.578046, -0.862103, 0.026035, 0.808907
1.578550, -0.716400, -0.314007, 0.562019
1.579039, -0.565987, -0.320225, 0.250759
1.580076, -0.524940, -0.225830, 0.282898
1.580535, -0.673523, -0.106201, 0.498924
1.581083, -0.814991, 0.017300, 0.892353
1.581572, -0.755444, -0.041733, 0.987568
1.582063, -0.720444, -0.353928, 0.881290
1.582549, -0.725193, -0.287228, 0.267220
1.583052, -0.704117, -0.076771, 0.025921
1.583541, -0.746632, -0.047722, 0.296383
1.584581, -1.219063, 0.081234, 1.079979
1.585547, -0.767174, -0.169830, 1.115017
1.586074, -0.586758, -0.401688, 0.277367
1.586560, -0.531597, -0.284462, -0.484715
1.587085, -0.550365, -0.018349, -0.121460
1.587587, -0.639763, -0.010548, 0.648956
1.588059, -0.910969, -0.136662, 0.842972
1.588559, -1.050682, -0.177727, 1.066570
1.589093, -0.963993, 0.075302, 1.297741
1.589556, -0.882206, 0.160789, 0.992813
1.620360, -0.692635, 0.087929, 0.819988
1.620579, -0.665417, 0.069046, 0.744610
1.620698, -0.664825, 0.052376, 0.627632
1.620817, -0.648499, 0.063248, 0.698624
1.621014, -0.615501, 0.069656, 0.743084
1.621141, -0.614586, 0.048351, 0.709629
1.621263, -0.653114, 0.088673, 0.764065
1.621470, -0.653839, 0.093231, 0.719299
1.621588, -0.696640, 0.069351, 0.640411
1.621706, -0.752792, 0.128841, 0.808029
1.621824, -0.778160, 0.099640, 0.824642
1.622031, -0.739784, 0.117645, 0.797157
1.622150, -0.737782, 0.089169, 0.779934
1.622272, -0.706940, 0.091820, 0.707970
1.622475, -0.663986, 0.108223, 0.624199
1.622595, -0.654831, 0.135212, 0.698471
1.622714, -0.665607, 0.170612, 0.837860
1.622832, -0.656471, 0.095825, 0.751286
1.623030, -0.707951, 0.097752, 0.656128
1.623143, -0.778656, 0.164795, 0.701694
1.623261, -0.776386, 0.161495, 0.719948
1.623460, -0.776310, 0.157146, 0.840282
1.623572, -0.741329, 0.105896, 0.885315
1.623692, -0.739460, 0.140343, 0.712032
1.623959, -0.712605, 0.157452, 0.628662
1.624077, -0.696774, 0.176716, 0.711403
1.624195, -0.670261, 0.163441, 0.719357
1.624313, -0.646820, 0.120678, 0.596619
1.624511, -0.665970, 0.139046, 0.773735
1.624625, -0.666485, 0.145607, 0.793037
1.624734, -0.667648, 0.175571, 0.711842
1.624926, -0.658894, 0.198326, 0.794945
1.625039, -0.634270, 0.162640, 0.721340
1.625148, -0.607891, 0.138435, 0.642757
1.625259, -0.619717, 0.150814, 0.659618
1.625458, -0.648003, 0.174255, 0.754776
1.625570, -0.671234, 0.190353, 0.739307
1.625680, -0.704365, 0.201836, 0.755081
1.625789, -0.737381, 0.216370, 0.843697
1.625970, -0.717506, 0.198174, 0.745544
1.626079, -0.701790, 0.184269, 0.697842
1.626189, -0.683327, 0.179844, 0.701199
1.626297, -0.652618, 0.158424, 0.641632
1.626488, -0.655155, 0.186806, 0.689106
1.626597, -0.645885, 0.188503, 0.715408
1.627142, -0.631657, 0.177155, 0.691319
1.628107, -0.626297, 0.174999, 0.745983
1.628611, -0.608349, 0.181084, 0.732613
1.629114, -0.578003, 0.173893, 0.681095
1.629618, -0.576630, 0.176144, 0.718365
1.630120, -0.559807, 0.169945, 0.715065
1.630643, -0.568180, 0.162640, 0.662899
1.631146, -0.595284, 0.165749, 0.702534
1.631648, -0.622101, 0.175343, 0.726871
1.632126, -0.660229, 0.184593, 0.700855
1.632615, -0.703068, 0.198402, 0.704155
1.633148, -0.736027, 0.196800, 0.701599
1.634153, -0.731812, 0.222492, 0.654221
1.635129, -0.703011, 0.214195, 0.636368
1.635637, -0.682144, 0.206146, 0.666504
1.636140, -0.665665, 0.217552, 0.650349
1.636640, -0.654926, 0.205173, 0.592690
1.637143, -0.651112, 0.216141, 0.625553
1.637660, -0.645390, 0.209064, 0.700703
1.638151, -0.632381, 0.221043, 0.685349
1.638654, -0.597782, 0.210743, 0.627556
1.639164, -0.581951, 0.223770, 0.641022
1.639617, -0.561790, 0.212383, 0.605259
1.640135, -0.560036, 0.206432, 0.574722
1.640646, -0.576057, 0.214729, 0.658836
1.641159, -0.590286, 0.215054, 0.675888
1.641620, -0.586662, 0.211830, 0.646076
1.642125, -0.590172, 0.219402, 0.673485
1.642617, -0.573902, 0.232773, 0.649471
1.643126, -0.571899, 0.234318, 0.599194
1.643620, -0.638256, 0.238247, 0.606747
1.644230, -0.740166, 0.214653, 0.604610
1.644722, -0.781307, 0.223541, 0.643711
1.645226, -0.783195, 0.233994, 0.698128
1.645749, -0.759945, 0.236263, 0.644169
1.646242, -0.727882, 0.218868, 0.543022
1.646624, -0.718212, 0.222340, 0.541706
1.647218, -0.734348, 0.235329, 0.631065
1.647721, -0.718956, 0.238419, 0.614281
1.648206, -0.710201, 0.235786, 0.592327
1.648742, -0.723057, 0.239964, 0.620270
1.649241, -0.767345, 0.228882, 0.556259
1.649734, -0.795536, 0.237675, 0.627365
1.650209, -0.790577, 0.244503, 0.644264
1.650685, -0.742950, 0.234661, 0.574245
1.651174, -0.680428, 0.218029, 0.559483
1.651734, -0.625916, 0.189514, 0.543499
1.652207, -0.592670, 0.180874, 0.579796
1.652682, -0.576496, 0.179005, 0.597267
1.653153, -0.591774, 0.186253, 0.644093
1.653676, -0.587673, 0.184212, 0.665989
1.654134, -0.569172, 0.158405, 0.593376
1.654670, -0.583210, 0.155926, 0.606976
1.655675, -0.734310, 0.170345, 0.586662
1.656134, -0.780754, 0.148335, 0.651379
1.656636, -0.785389, 0.113163, 0.602970
1.657156, -0.819073, 0.115681, 0.557365
1.657674, -0.844116, 0.126057, 0.553493
1.658141, -0.872822, 0.116501, 0.594711
1.658647, -0.864010, 0.123558, 0.609779
1.659153, -0.816212, 0.122757, 0.533352
1.659659, -0.761528, 0.145283, 0.535488
1.660670, -0.759048, 0.134239, 0.583305
1.661138, -0.779419, 0.142765, 0.626049
1.661689, -0.802574, 0.164719, 0.619068
1.662178, -0.842152, 0.174446, 0.603600
1.662682, -0.864277, 0.149727, 0.585918
1.663171, -0.900211, 0.136566, 0.589676
1.663660, -0.925369, 0.142021, 0.606174
1.664179, -0.917702, 0.163708, 0.613689
1.664682, -0.882797, 0.170555, 0.600281
1.665174, -0.835190, 0.155239, 0.588703
1.665660, -0.819798, 0.128231, 0.606041
1.666194, -0.812302, 0.108719, 0.648842
1.666697, -0.800591, 0.107689, 0.669022
1.667186, -0.793076, 0.117321, 0.692253
1.667647, -0.783367, 0.107975, 0.698757
1.668153, -0.752258, 0.092163, 0.704250
1.668655, -0.720387, 0.082207, 0.700893
1.669145, -0.707111, 0.074844, 0.706654
1.669665, -0.706272, 0.072079, 0.733604
1.670164, -0.698986, 0.062046, 0.751915
1.670656, -0.711479, 0.063667, 0.762138
1.671173, -0.715637, 0.048714, 0.764313
1.671691, -0.717278, 0.043297, 0.763607
1.672197, -0.712719, 0.031548, 0.762310
1.672667, -0.726528, 0.030155, 0.747833
1.673195, -0.754185, 0.025272, 0.762157
1.673661, -0.763168, 0.026913, 0.776157
1.674200, -0.747108, 0.033455, 0.770683
1.674702, -0.733261, 0.025272, 0.757809
1.675199, -0.728321, 0.025425, 0.762367
1.676180, -0.729103, 0.009422, 0.788155
1.676702, -0.736351, -0.004692, 0.777912
1.677158, -0.743847, 0.004368, 0.787640
1.677675, -0.748062, -0.004883, 0.784302
1.678193, -0.733395, -0.007591, 0.764885
1.678697, -0.737228, -0.017471, 0.750351
1.679160, -0.737000, -0.032597, 0.774155
1.679667, -0.742836, -0.032444, 0.782070
1.680174, -0.737991, -0.034504, 0.777569
1.680674, -0.730972, -0.018578, 0.768948
1.681197, -0.713577, -0.014915, 0.746689
1.681667, -0.704994, -0.024338, 0.747242
1.682209, -0.697632, -0.046005, 0.763626
1.682684, -0.695801, -0.072117, 0.764008
1.683215, -0.694752, -0.086002, 0.766258
1.683685, -0.694370, -0.081615, 0.773430
1.684209, -0.691452, -0.071297, 0.757580
1.684678, -0.688057, -0.062485, 0.758228
1.685217, -0.684509, -0.070000, 0.745888
1.685720, -0.691681, -0.068340, 0.692997
1.686698, -0.690937, -0.056591, 0.727959
1.687191, -0.690670, -0.052605, 0.701199
1.687713, -0.685616, -0.058231, 0.660496
1.688213, -0.682907, -0.063171, 0.687370
1.688669, -0.688763, -0.067654, 0.695896
1.689188, -0.687752, -0.073376, 0.648384
1.689704, -0.691528, -0.056973, 0.660095
1.690173, -0.696850, -0.052319, 0.665169
1.690703, -0.694580, -0.055103, 0.620937
1.691206, -0.688419, -0.061264, 0.618134
1.691768, -0.692787, -0.063343, 0.626183
1.692283, -0.694027, -0.067062, 0.602360
1.693275, -0.694427, -0.044346, 0.618553
1.694320, -0.690594, -0.033932, 0.555077
1.694789, -0.689964, -0.033836, 0.576706
1.695785, -0.687351, -0.047550, 0.549793
1.696225, -0.689373, -0.036964, 0.574169
1.696728, -0.689106, -0.029945, 0.561295
1.697232, -0.690517, -0.026379, 0.534573
1.697736, -0.694695, -0.024395, 0.537243
1.698257, -0.699844, -0.023041, 0.534153
1.698719, -0.701046, -0.022488, 0.519123
1.699245, -0.702438, -0.016613, 0.524120
1.699712, -0.714359, -0.010624, 0.532646
1.700216, -0.741196, -0.010834, 0.518551
1.700713, -0.764294, 0.011730, 0.525475
1.701217, -0.747852, 0.022106, 0.515594
1.701736, -0.726433, 0.013390, 0.489216
1.702241, -0.732956, 0.007763, 0.499058
1.703217, -0.756664, -0.000401, 0.516396
1.703756, -0.743217, 0.010128, 0.507603
1.704238, -0.730438, 0.025558, 0.532284
1.704736, -0.718079, 0.031624, 0.534630
1.705231, -0.709724, 0.031757, 0.541649
1.705736, -0.704784, 0.027885, 0.565586
1.706239, -0.702419, 0.029526, 0.572300
1.706743, -0.700207, 0.039024, 0.556164
1.707236, -0.710182, 0.048199, 0.565510
1.707735, -0.711575, 0.046444, 0.574226
1.708239, -0.712833, 0.047894, 0.574226
1.708713, -0.722466, 0.045738, 0.588913
1.709197, -0.724068, 0.045395, 0.591030
1.709745, -0.728397, 0.044689, 0.581551
1.710228, -0.742397, 0.055599, 0.587330
1.710728, -0.751362, 0.053921, 0.594006
1.711231, -0.762005, 0.061798, 0.601635
1.711706, -0.767365, 0.064468, 0.607777
1.712207, -0.757027, 0.059776, 0.605373
1.712744, -0.753765, 0.061989, 0.608006
1.713230, -0.754433, 0.068073, 0.641327
1.713720, -0.762291, 0.067177, 0.639839
1.714203, -0.759373, 0.065632, 0.624142
1.714711, -0.745716, 0.067825, 0.645866
1.715220, -0.752316, 0.080128, 0.665684
1.715742, -0.762157, 0.082188, 0.662994
1.716216, -0.782509, 0.084000, 0.661240
1.716727, -0.802250, 0.081253, 0.658913
1.717247, -0.834484, 0.081005, 0.660667
1.717728, -0.845890, 0.082092, 0.677185
1.718741, -0.844231, 0.090122, 0.636978
1.719256, -0.864143, 0.092640, 0.655422
1.719734, -0.860806, 0.097599, 0.690804
1.720252, -0.869961, 0.098038, 0.701656
1.720711, -0.922070, 0.100594, 0.733528
1.721246, -0.967503, 0.105076, 0.765171
1.721727, -0.993423, 0.116711, 0.740108
1.722260, -1.007080, 0.111618, 0.673332
1.722743, -1.043987, 0.118923, 0.676327
1.723214, -1.070404, 0.123463, 0.734749
1.723759, -1.034412, 0.149021, 0.780716
1.724255, -0.961952, 0.169773, 0.794392
1.724722, -0.895367, 0.162621, 0.775166
1.725236, -0.877819, 0.143852, 0.798435
1.725754, -0.897598, 0.101070, 0.836315
1.726216, -0.937138, 0.121632, 0.899143
1.727246, -0.904083, 0.169334, 0.986423
1.728265, -0.699787, -0.013580, 0.891876
1.728726, -0.670948, -0.044937, 0.977173
1.729473, -0.661049, 0.048027, 1.111183
1.729734, -0.687428, 0.142918, 1.218987
1.730264, -0.733032, 0.197945, 1.171970
1.730733, -0.753765, 0.160160, 1.002598
1.731275, -0.769234, 0.028954, 0.856705
1.732253, -0.658817, 0.085526, 1.037827
1.732741, -0.705299, 0.186176, 1.142464
1.733246, -0.693893, 0.217800, 1.139374
1.733766, -0.708656, 0.142555, 1.084423
1.734741, -0.792770, -0.012932, 0.983810
1.735230, -0.836487, 0.032082, 1.002789
1.735735, -0.918427, -0.010738, 0.886021
1.736239, -0.976276, 0.022087, 0.901680
1.737260, -0.940075, 0.027542, 0.816250
1.737749, -0.896015, 0.087318, 0.880222
1.738255, -0.878029, 0.147858, 0.835171
1.738883, -0.820255, 0.104465, 0.789127
1.739235, -0.689507, 0.015793, 0.861893
1.739859, -0.701199, -0.058556, 1.144638
1.740239, -0.703430, 0.109882, 1.139889
1.740893, -0.680695, 0.053329, 0.787048
1.741739, -0.485954, -0.161877, 0.783329
1.742375, -0.549011, -0.138206, 0.864544
1.742876, -0.626640, -0.122433, 0.894547
1.743416, -0.770550, 0.084152, 0.899315
1.744094, -0.874710, 0.116043, 0.822010
1.744344, -0.798378, 0.071735, 0.600548
1.744832, -0.776768, 0.034084, 0.614929
1.745368, -0.857716, 0.004730, 0.612659
1.745846, -0.966492, 0.028439, 0.814228
1.746298, -1.005440, -0.002193, 0.730858
1.746832, -0.976410, 0.032063, 0.432320
1.747260, -0.801163, 0.076599, 0.648651
1.747744, -0.655556, 0.026417, 0.616112
1.748272, -0.588760, -0.060673, 0.507507
1.748745, -0.645390, 0.037994, 0.756264
1.749293, -0.514259, 0.077229, 0.814953
1.749764, -0.417442, 0.024509, 0.740929
1.750248, -0.370922, -0.025177, 0.904236
1.750801, -0.356407, -0.158253, 0.662212
1.751778, -0.647507, -0.147572, 0.926647
1.752267, -0.796680, 0.014076, 0.811977
1.752758, -0.777245, -0.016499, 0.284939
1.753305, -0.713062, -0.137520, 0.023670
1.753839, -0.616016, -0.126495, 0.513115
1.754269, -0.592861, -0.115776, 0.589027
1.754800, -0.773983, 0.094051, 0.813942
1.755275, -0.758133, 0.130215, 0.663109
1.755795, -0.734730, 0.051231, 0.394268
1.756268, -0.710812, -0.073128, 0.475788
1.756772, -0.560951, -0.182419, 0.468884
1.757291, -0.570717, 0.033703, 0.579605
1.757765, -0.684528, -0.035133, 0.404263
1.758290, -0.824070, 0.096626, 0.731544
1.758809, -0.711803, -0.000076, 0.481567
1.759270, -0.597172, 0.047932, 0.219631
1.759807, -0.433083, -0.092964, 0.324402
1.760266, -0.420551, -0.109978, 0.432434
1.760772, -0.662022, -0.070133, 0.773811
1.761278, -0.723934, 0.034065, 0.661697
1.761795, -0.797119, 0.014191, 0.655022
1.762298, -0.642643, -0.005531, 0.465908
1.762802, -0.500259, -0.052185, 0.198307
1.763306, -0.548840, 0.057163, 0.519180
1.763827, -0.613594, -0.019798, 0.255032
1.764291, -0.730190, 0.075550, 0.538769
1.764806, -0.772285, 0.077019, 0.693474
1.765307, -0.644093, -0.013905, 0.308781
1.765810, -0.595036, 0.041714, 0.466366
1.766313, -0.471992, 0.013103, 0.372658
1.766817, -0.494480, 0.047951, 0.515175
1.767276, -0.533581, 0.021191, 0.492439
1.767780, -0.586014, 0.058708, 0.503578
1.768284, -0.574608, 0.038166, 0.551586
1.768787, -0.470791, 0.009956, 0.341434
1.769277, -0.353127, -0.041771, 0.582390
1.769782, -0.428333, -0.125046, 0.595264
1.770283, -0.477734, -0.124550, 0.523434
1.770788, -0.528774, -0.043774, 0.594826
1.771291, -0.503635, -0.024147, 0.283871
1.771795, -0.505009, -0.080433, 0.230064
1.772298, -0.569973, 0.011654, 0.590897
1.772802, -0.572948, 0.021343, 0.538712
1.773306, -0.538120, 0.013771, 0.383816
1.773808, -0.569458, -0.036736, 0.441246
1.774313, -0.639687, 0.001335, 0.527477
1.774832, -0.685463, -0.006542, 0.332794
1.775281, -0.739784, -0.007324, 0.312290
1.775827, -0.820808, 0.016804, 0.455093
1.776320, -0.833035, 0.031986, 0.326920
1.776809, -0.794315, 0.017242, 0.373211
1.777305, -0.816498, 0.033798, 0.541840
1.777809, -0.795822, -0.024948, 0.396328
1.778314, -0.788002, -0.028610, 0.482082
1.778817, -0.752201, 0.001106, 0.614300
1.779318, -0.663052, -0.029469, 0.404282
1.779789, -0.600185, -0.076427, 0.428219
1.780294, -0.554714, -0.088177, 0.610275
1.780804, -0.437717, -0.028114, 0.709000
1.781304, -0.381947, -0.010700, 0.770874
1.781811, -0.475788, -0.026398, 0.914497
1.782333, -0.591393, -0.068073, 0.813961
1.782822, -0.683765, -0.087471, 0.524731
1.783296, -0.721436, -0.068226, 0.504627
1.783830, -0.706215, 0.007267, 0.565224
1.784338, -0.617638, 0.017395, 0.556297
1.784815, -0.592861, -0.018272, 0.708561
1.785294, -0.621281, -0.063667, 0.844898
1.785794, -0.658264, -0.123692, 0.781841
1.786320, -0.657406, -0.091705, 0.794754
1.786801, -0.582352, -0.072708, 0.696697
1.787423, -0.523319, -0.037270, 0.610943
1.787912, -0.469036, -0.103226, 0.683804
1.788934, -0.466328, -0.104179, 0.850735
1.789409, -0.456657, -0.077953, 0.799255
1.789886, -0.473671, -0.025291, 0.865459
1.790385, -0.488644, -0.020123, 0.718994
1.790845, -0.528622, -0.020123, 0.624466
1.791389, -0.590343, -0.041676, 0.693989
1.791865, -0.661621, -0.021439, 0.665340
1.792406, -0.703125, -0.000324, 0.662155
1.792871, -0.736408, 0.029812, 0.671234
1.793397, -0.744686, 0.032063, 0.645638
1.793907, -0.743923, 0.022907, 0.581322
1.794388, -0.740261, 0.019779, 0.599556
1.794861, -0.751514, 0.042534, 0.639782
1.795365, -0.741901, 0.046005, 0.604172
1.795838, -0.729179, 0.046196, 0.648994
1.796341, -0.714703, 0.049858, 0.637798
1.796861, -0.696106, 0.031090, 0.606422
1.797334, -0.690498, 0.042629, 0.664158
1.797811, -0.674019, 0.047874, 0.689144
1.798357, -0.661812, 0.060616, 0.661335
1.798832, -0.644970, 0.050735, 0.644817
1.799350, -0.627213, 0.035667, 0.670834
1.799824, -0.620708, 0.038509, 0.691319
1.800343, -0.609989, 0.029392, 0.701370
1.801365, -0.620518, 0.032558, 0.705566
1.801815, -0.615921, 0.030022, 0.698662
1.802812, -0.611362, 0.025120, 0.674744
1.803349, -0.618782, 0.021400, 0.699692
1.803867, -0.629902, 0.011673, 0.710983
1.804341, -0.647411, 0.024624, 0.695171
1.804829, -0.666122, 0.029202, 0.707760
1.805367, -0.667801, 0.032978, 0.691032
1.805862, -0.674248, 0.031471, 0.648346
1.806328, -0.678349, 0.027161, 0.653343
1.806822, -0.691109, 0.019417, 0.689869
1.807349, -0.698357, 0.020409, 0.695076
1.807844, -0.704460, 0.029411, 0.673447
1.808359, -0.706844, 0.034370, 0.683098
1.808839, -0.702343, 0.027065, 0.661144
1.809343, -0.711384, 0.015678, 0.670071
1.809858, -0.711403, 0.015316, 0.695820
1.810372, -0.703983, 0.026188, 0.679226
1.810846, -0.700607, 0.054111, 0.691872
1.811339, -0.693493, 0.039349, 0.683193
1.811854, -0.687828, 0.029469, 0.684528
1.812373, -0.674553, 0.005722, 0.684948
1.812870, -0.640144, -0.002232, 0.717735
1.813335, -0.640335, 0.008907, 0.727253
1.813864, -0.666962, 0.020084, 0.723667
1.814372, -0.706310, 0.020351, 0.733204
1.814875, -0.739536, 0.016994, 0.731335
1.815379, -0.753269, 0.005798, 0.708675
1.815829, -0.748234, 0.014114, 0.682983
1.816338, -0.727348, 0.023708, 0.681152
1.816846, -0.733624, 0.034866, 0.715218
1.817364, -0.735455, 0.031185, 0.733242
1.817884, -0.727634, 0.005150, 0.743103
1.818329, -0.713959, -0.028915, 0.763245
1.819348, -0.689850, -0.000610, 0.769749
1.819856, -0.662498, 0.031090, 0.753689
1.820365, -0.630283, 0.036869, 0.725269
1.820867, -0.613480, 0.017815, 0.744171
1.821372, -0.602169, -0.028496, 0.760021
1.821878, -0.610294, -0.044785, 0.775986
1.822342, -0.621777, -0.035610, 0.824089
1.822892, -0.637169, 0.002823, 0.811539
1.823337, -0.634365, 0.027046, 0.733089
1.823853, -0.642166, 0.028324, 0.707150
1.824346, -0.639133, -0.001812, 0.712719
1.824846, -0.618248, -0.020218, 0.700417
1.825383, -0.590153, -0.031223, 0.733204
1.825864, -0.590343, -0.018444, 0.768471
1.826880, -0.598145, -0.001373, 0.724258
1.827366, -0.580635, -0.010338, 0.704880
1.827868, -0.581284, -0.025520, 0.662212
1.828357, -0.612774, -0.020504, 0.668259
1.828846, -0.628471, -0.008030, 0.669727
1.829396, -0.633640, 0.001564, 0.642338
1.829887, -0.654888, 0.005436, 0.637722
1.830374, -0.668869, 0.004196, 0.638981
1.830876, -0.571671, 0.003376, 0.601120
1.831365, -0.518818, -0.008144, 0.546360
1.831854, -0.582199, -0.006752, 0.610237
1.832402, -0.676270, -0.000305, 0.651512
1.832862, -0.617275, 0.030003, 0.650024
1.833350, -0.548191, 0.022697, 0.592098
1.833991, -0.556469, -0.002975, 0.545845
1.834482, -0.561638, -0.038128, 0.507984
1.834970, -0.546436, -0.020351, 0.536003
1.835460, -0.545349, 0.012646, 0.600567
1.835869, -0.543900, -0.001984, 0.592213
1.836471, -0.569611, -0.037079, 0.564957
1.836954, -0.586910, -0.025196, 0.559616
1.837444, -0.493183, -0.000877, 0.469704
1.837934, -0.445175, -0.001526, 0.441513
1.838491, -0.480556, -0.013752, 0.509624
1.838971, -0.567627, -0.032444, 0.545158
1.839468, -0.622311, 0.014305, 0.581207
1.839962, -0.660172, 0.025177, 0.514889
1.840453, -0.725441, 0.033092, 0.443516
1.840936, -0.830994, 0.035133, 0.373764
1.841424, -0.827560, 0.116596, 0.391769
1.841906, -0.710888, 0.137081, 0.406513
1.842442, -0.526485, 0.142803, 0.365429
1.842952, -0.456886, 0.044556, 0.381718
1.843925, -0.335579, -0.020866, 0.516987
1.844371, -0.356464, 0.038643, 0.604191
1.844862, -0.423622, 0.045967, 0.533028
1.845374, -0.489559, 0.003147, 0.426350
1.846874, -0.600395, 0.047531, 0.475502
1.847379, -0.689430, 0.125084, 0.500031
1.847905, -0.618763, 0.139828, 0.459099
1.848409, -0.717659, 0.026703, 0.354786
1.848870, -0.810814, -0.040874, 0.366211
1.849406, -0.815220, 0.015697, 0.473957
1.849900, -0.748501, 0.081100, 0.450878
1.850415, -0.643978, 0.067863, 0.547733
1.850890, -0.561180, -0.056610, 0.575409
1.851408, -0.606155, -0.072575, 0.397282
1.851873, -0.681019, 0.039253, 0.446758
1.852380, -0.669022, 0.180225, 0.533276
1.852889, -0.659370, 0.147457, 0.556374
2.107459, -0.712051, 0.034828, 0.676117
2.107572, -0.712757, 0.038471, 0.678177
2.107694, -0.707703, 0.043755, 0.677147
2.107808, -0.704117, 0.044365, 0.678444
2.108016, -0.706673, 0.046234, 0.682049
2.108135, -0.707893, 0.045795, 0.678844
2.108250, -0.703678, 0.048027, 0.675526
2.108438, -0.703621, 0.048237, 0.676441
2.108546, -0.704308, 0.049953, 0.675411
2.108652, -0.705776, 0.050068, 0.677395
2.108761, -0.708961, 0.051594, 0.677814
2.108950, -0.713482, 0.055027, 0.673141
2.109058, -0.713749, 0.053749, 0.669479
2.109165, -0.713425, 0.051899, 0.667667
2.109272, -0.713425, 0.057430, 0.668430
2.109463, -0.715923, 0.056076, 0.670547
2.109571, -0.715752, 0.056438, 0.669785
2.109676, -0.715599, 0.060005, 0.666409
2.109783, -0.716629, 0.058346, 0.660458
2.109966, -0.713825, 0.059700, 0.661812
2.110074, -0.713196, 0.060406, 0.659428
2.110179, -0.713139, 0.062828, 0.652962
2.110281, -0.712013, 0.067177, 0.656872
2.110462, -0.708714, 0.066433, 0.657158
2.110576, -0.712414, 0.065098, 0.659084
2.110682, -0.710621, 0.065479, 0.656586
2.110789, -0.709953, 0.065804, 0.654869
2.110980, -0.713215, 0.066395, 0.653954
2.111097, -0.713387, 0.067806, 0.650024
2.111203, -0.712566, 0.071621, 0.646191
2.111394, -0.712833, 0.072098, 0.645428
2.111502, -0.713444, 0.071678, 0.641060
2.111612, -0.711288, 0.073509, 0.641670
2.111721, -0.714340, 0.071583, 0.633602
2.111908, -0.712891, 0.078239, 0.637608
2.112018, -0.712261, 0.082664, 0.650215
2.112127, -0.710678, 0.078068, 0.652504
2.112238, -0.710526, 0.074406, 0.640049
2.112429, -0.710049, 0.069885, 0.636406
2.112535, -0.709000, 0.074997, 0.643139
2.112641, -0.711823, 0.080185, 0.634785
2.112743, -0.716171, 0.080814, 0.635147
2.112933, -0.712910, 0.075150, 0.643616
2.113205, -0.711651, 0.077095, 0.642891
2.113811, -0.709896, 0.077095, 0.645504
2.114238, -0.707817, 0.082626, 0.648518
2.114700, -0.713100, 0.083332, 0.644894
2.115232, -0.713921, 0.078602, 0.643272
2.115750, -0.713367, 0.071583, 0.643368
2.116229, -0.711422, 0.072098, 0.639744
2.116711, -0.713329, 0.073090, 0.641403
2.117245, -0.712452, 0.074825, 0.647774
2.117728, -0.709000, 0.074940, 0.645218
2.118224, -0.708637, 0.071945, 0.638065
2.118726, -0.709171, 0.073280, 0.639477
2.119334, -0.716515, 0.073719, 0.643539
2.119824, -0.714760, 0.073853, 0.646114
2.120327, -0.714836, 0.070438, 0.649719
2.120832, -0.712414, 0.069542, 0.644569
2.121336, -0.711327, 0.068321, 0.642509
2.121838, -0.714397, 0.070190, 0.643539
2.122358, -0.720539, 0.070133, 0.642338
2.122817, -0.712395, 0.067997, 0.640297
2.123323, -0.713654, 0.070267, 0.644360
2.123812, -0.714073, 0.067272, 0.647144
2.124330, -0.716343, 0.067310, 0.646744
2.124787, -0.713978, 0.068073, 0.644131
2.125278, -0.717010, 0.065231, 0.646038
2.125763, -0.714645, 0.066280, 0.647964
2.126294, -0.715408, 0.062428, 0.646057
2.126994, -0.714664, 0.068398, 0.645485
2.127325, -0.710640, 0.066338, 0.649166
2.127892, -0.712166, 0.067101, 0.650043
2.128314, -0.712128, 0.059586, 0.654850
2.128833, -0.710430, 0.060787, 0.654049
2.129323, -0.710068, 0.058765, 0.647278
2.129799, -0.707932, 0.060539, 0.648308
2.130347, -0.711212, 0.059223, 0.645313
2.130854, -0.715389, 0.062866, 0.644550
2.131338, -0.721779, 0.058784, 0.645065
2.131802, -0.723896, 0.057430, 0.647659
2.132292, -0.733433, 0.059643, 0.647697
2.132848, -0.737381, 0.053997, 0.653095
2.133279, -0.742092, 0.048428, 0.644855
2.133867, -0.744362, 0.047112, 0.637665
2.134284, -0.751190, 0.047894, 0.639362
2.134739, -0.751381, 0.042305, 0.639267
2.135277, -0.754929, 0.035419, 0.641632
2.135740, -0.751953, 0.033760, 0.648422
2.136269, -0.756474, 0.034733, 0.645485
2.136728, -0.756912, 0.031128, 0.641727
2.137260, -0.758896, 0.037174, 0.647736
2.138245, -0.782795, 0.025902, 0.648746
2.138771, -0.796394, 0.020428, 0.658951
2.139236, -0.802650, 0.015202, 0.687237
2.139767, -0.812931, 0.012474, 0.683880
2.140282, -0.819378, 0.021667, 0.677147
2.140751, -0.830650, 0.031395, 0.671577
2.141237, -0.848656, 0.031528, 0.656586
2.141737, -0.855293, 0.031052, 0.664330
2.142251, -0.866642, 0.029106, 0.661049
2.142767, -0.881538, 0.028477, 0.660629
2.143267, -0.882511, 0.033092, 0.665436
2.143780, -0.882721, 0.036221, 0.651340
2.144255, -0.887566, 0.037174, 0.631599
2.144773, -0.885506, 0.042343, 0.624714
2.145262, -0.885258, 0.045586, 0.627270
2.145794, -0.887222, 0.044708, 0.620995
2.146746, -0.878639, 0.042229, 0.627575
2.147246, -0.875568, 0.040512, 0.626373
2.147751, -0.880585, 0.048599, 0.617352
2.148254, -0.881138, 0.048923, 0.605106
2.148751, -0.879154, 0.044613, 0.581989
2.149261, -0.881462, 0.051098, 0.581532
2.149780, -0.881157, 0.050240, 0.595226
2.150283, -0.886383, 0.049343, 0.598927
2.150787, -0.890026, 0.049763, 0.606518
2.151291, -0.893402, 0.048313, 0.603619
2.151794, -0.895081, 0.051594, 0.579967
2.152298, -0.896606, 0.051708, 0.564022
2.152802, -0.899715, 0.052032, 0.565777
2.154256, -0.895958, 0.046215, 0.543213
2.154758, -0.892487, 0.042858, 0.538082
2.155263, -0.895519, 0.045795, 0.533218
2.155760, -0.897789, 0.044155, 0.532436
2.156254, -0.898056, 0.044899, 0.527916
2.156758, -0.894871, 0.044746, 0.527344
2.157262, -0.896721, 0.045719, 0.527611
2.157766, -0.892887, 0.041428, 0.528164
2.158269, -0.884609, 0.036736, 0.523109
2.158765, -0.882492, 0.037861, 0.522079
2.159308, -0.879192, 0.036869, 0.522633
2.159802, -0.871239, 0.033092, 0.506535
2.160288, -0.866623, 0.032883, 0.507393
2.160790, -0.864792, 0.031509, 0.508690
2.161291, -0.863667, 0.025444, 0.501575
2.161799, -0.857410, 0.012608, 0.483551
2.162298, -0.847015, 0.000992, 0.467567
2.162788, -0.837727, -0.006199, 0.479183
2.163308, -0.824909, -0.002060, 0.485077
2.163926, -0.813274, -0.010853, 0.482006
2.164283, -0.808506, -0.011749, 0.480919
2.164790, -0.798492, -0.018597, 0.490074
2.165291, -0.795650, -0.015869, 0.483036
2.165901, -0.787106, -0.013313, 0.478287
2.166271, -0.784626, -0.015087, 0.489826
2.166789, -0.783482, -0.009918, 0.488262
2.167374, -0.789948, -0.005894, 0.481987
2.167891, -0.789280, -0.008221, 0.484371
2.168866, -0.800171, -0.007515, 0.496769
2.169372, -0.809097, -0.002537, 0.495739
2.169885, -0.811844, 0.001583, 0.484200
2.170362, -0.823021, 0.002270, 0.484638
2.170876, -0.824966, 0.001507, 0.489388
2.171380, -0.824909, 0.004253, 0.485668
2.171888, -0.829201, 0.009403, 0.480728
2.172298, -0.831108, 0.004845, 0.488148
2.172876, -0.832405, 0.006275, 0.494118
2.173291, -0.829830, 0.010128, 0.500507
2.173898, -0.824471, 0.006962, 0.502777
2.174327, -0.814800, 0.003967, 0.496120
2.174832, -0.811939, -0.004959, 0.492287
2.175299, -0.807781, -0.003052, 0.504169
2.175800, -0.802364, -0.004597, 0.512314
2.176310, -0.792789, -0.001087, 0.514221
2.176808, -0.785866, -0.004692, 0.513363
2.177305, -0.777817, -0.013275, 0.512028
2.177809, -0.769768, -0.025539, 0.520191
2.178313, -0.765820, -0.023670, 0.525284
2.178807, -0.753517, -0.026493, 0.533028
2.179307, -0.747032, -0.028343, 0.530224
2.179790, -0.747051, -0.022106, 0.520229
2.180313, -0.740547, -0.029469, 0.522461
2.180785, -0.732632, -0.043221, 0.534534
2.181323, -0.729847, -0.048141, 0.543747
2.181794, -0.722370, -0.053635, 0.544605
2.182337, -0.722198, -0.048218, 0.555420
2.182811, -0.719910, -0.048962, 0.550404
2.183819, -0.705624, -0.063553, 0.544167
2.184308, -0.705070, -0.068932, 0.562973
2.184832, -0.698738, -0.065937, 0.568409
2.185304, -0.697041, -0.063820, 0.568218
2.185833, -0.692425, -0.074615, 0.570850
2.186312, -0.690727, -0.077705, 0.559597
2.186831, -0.679779, -0.083237, 0.559807
2.187334, -0.684795, -0.083771, 0.579014
2.187793, -0.676174, -0.093937, 0.583096
2.188327, -0.672569, -0.093212, 0.592098
2.188830, -0.669804, -0.085583, 0.606709
2.189335, -0.665989, -0.082359, 0.587082
2.190297, -0.651646, -0.092201, 0.597649
2.190801, -0.654278, -0.091934, 0.614548
2.191305, -0.651550, -0.089474, 0.619183
2.191805, -0.646439, -0.094013, 0.610847
2.192312, -0.641613, -0.103817, 0.610905
2.192854, -0.636864, -0.103760, 0.617027
2.193320, -0.637226, -0.095310, 0.640087
2.193825, -0.637646, -0.084209, 0.644264
2.194330, -0.631847, -0.089455, 0.627804
2.194804, -0.626354, -0.091820, 0.618935
2.195309, -0.622826, -0.087147, 0.621948
2.195845, -0.618439, -0.085030, 0.630989
2.196315, -0.619335, -0.085678, 0.631866
2.196837, -0.618706, -0.094051, 0.631714
2.197310, -0.623989, -0.104809, 0.636196
2.197840, -0.620232, -0.098038, 0.626144
2.198348, -0.620861, -0.103607, 0.629864
2.198847, -0.615559, -0.106392, 0.645027
2.199356, -0.611954, -0.103397, 0.651360
2.199841, -0.594807, -0.093212, 0.654926
2.200349, -0.590515, -0.083103, 0.659046
2.200831, -0.578728, -0.091114, 0.675621
2.201320, -0.572510, -0.090733, 0.680275
2.201845, -0.573883, -0.081806, 0.700130
2.202831, -0.571880, -0.061817, 0.695610
2.203364, -0.577831, -0.055714, 0.702896
2.203824, -0.581017, -0.039978, 0.714664
2.204349, -0.583076, -0.031109, 0.726891
2.204862, -0.590229, -0.022221, 0.733719
2.205349, -0.602016, -0.015965, 0.738163
2.205822, -0.600681, -0.015087, 0.727081
2.206335, -0.607128, -0.000439, 0.708027
2.206817, -0.611954, 0.011959, 0.731506
2.207336, -0.618229, 0.022640, 0.756035
2.207869, -0.621300, 0.017281, 0.747204
2.208342, -0.624008, 0.028286, 0.731430
2.208853, -0.622520, 0.028553, 0.729294
2.209361, -0.624008, 0.035591, 0.738220
2.209826, -0.629902, 0.046406, 0.746250
2.210367, -0.622177, 0.037422, 0.756378
2.210877, -0.619526, 0.042839, 0.764122
2.211330, -0.619106, 0.044212, 0.761871
2.211854, -0.620918, 0.054131, 0.753784
2.212359, -0.610390, 0.052986, 0.756416
2.212861, -0.608234, 0.047626, 0.771008
2.213336, -0.606289, 0.057869, 0.790539
2.213846, -0.603046, 0.062637, 0.794201
2.214462, -0.607166, 0.070210, 0.776291
2.214967, -0.600815, 0.066051, 0.778751
2.215443, -0.598583, 0.073414, 0.805836
2.215944, -0.594540, 0.075321, 0.816822
2.216444, -0.593700, 0.067863, 0.799866
2.216941, -0.589828, 0.070992, 0.802689
2.217441, -0.588951, 0.071526, 0.809803
2.217916, -0.591888, 0.074654, 0.802097
2.218417, -0.590897, 0.080051, 0.813599
2.218924, -0.588150, 0.079880, 0.822601
2.219429, -0.588436, 0.078983, 0.823708
2.219928, -0.590973, 0.084515, 0.815315
2.220390, -0.588112, 0.085888, 0.814514
2.220907, -0.582523, 0.083809, 0.818901
2.221381, -0.582581, 0.082035, 0.831585
2.221914, -0.585861, 0.087719, 0.833473
2.222344, -0.581837, 0.089893, 0.824013
2.222894, -0.580692, 0.090389, 0.818024
2.223381, -0.574970, 0.088081, 0.831261
2.223914, -0.575085, 0.087090, 0.835953
2.224359, -0.569897, 0.092392, 0.826321
2.224862, -0.565033, 0.093403, 0.828476
2.225366, -0.566578, 0.094013, 0.829868
2.225869, -0.565567, 0.095978, 0.819664
2.226378, -0.560627, 0.092030, 0.823174
2.226882, -0.559807, 0.090084, 0.829430
2.227390, -0.563736, 0.095329, 0.826664
2.228374, -0.556183, 0.096951, 0.817890
2.228880, -0.553474, 0.100021, 0.810223
2.229382, -0.554295, 0.103703, 0.822659
2.229890, -0.558224, 0.104504, 0.833702
2.230385, -0.553627, 0.103989, 0.822105
2.230876, -0.548382, 0.100479, 0.811481
2.231365, -0.550041, 0.111141, 0.814762
2.231859, -0.552063, 0.115986, 0.819016
2.232361, -0.551319, 0.108566, 0.815163
2.232866, -0.549011, 0.114498, 0.812588
2.233371, -0.551033, 0.117340, 0.808640
2.233883, -0.553322, 0.127811, 0.811882
2.234363, -0.554504, 0.133953, 0.824890
2.234861, -0.557442, 0.130043, 0.819206
2.235365, -0.553703, 0.126934, 0.796909
2.235868, -0.557995, 0.127163, 0.795307
2.236368, -0.560074, 0.129700, 0.798397
2.236871, -0.561790, 0.140648, 0.801983
2.237387, -0.563564, 0.139332, 0.802402
2.238402, -0.567017, 0.135536, 0.785522
2.238904, -0.568733, 0.145550, 0.788326
2.239363, -0.565147, 0.154800, 0.791721
2.239897, -0.566254, 0.151844, 0.782261
2.240386, -0.567188, 0.144234, 0.787926
2.240871, -0.567570, 0.146370, 0.779781
2.241363, -0.572529, 0.153294, 0.778332
2.241902, -0.569019, 0.158958, 0.787296
2.242368, -0.576630, 0.162983, 0.773392
2.242883, -0.570374, 0.161972, 0.765858
2.243402, -0.571194, 0.161133, 0.774860
2.243868, -0.573826, 0.159149, 0.757637
2.244415, -0.575542, 0.164032, 0.763531
2.244886, -0.575886, 0.166988, 0.786324
2.245410, -0.578556, 0.174828, 0.758934
2.245897, -0.578117, 0.173740, 0.728416
2.246372, -0.582218, 0.176315, 0.758591
2.246905, -0.582886, 0.172119, 0.768547
2.247386, -0.583115, 0.186691, 0.748425
2.247921, -0.582123, 0.183792, 0.754700
2.248407, -0.586834, 0.191193, 0.744362
2.248875, -0.586338, 0.186996, 0.724392
2.249410, -0.589733, 0.197525, 0.736866
2.249887, -0.598431, 0.186749, 0.746536
2.250409, -0.599480, 0.183830, 0.727272
2.250894, -0.599976, 0.189610, 0.730305
2.251384, -0.606232, 0.202427, 0.751038
2.251922, -0.611076, 0.208530, 0.731182
2.252409, -0.609283, 0.200214, 0.705261
2.252890, -0.615101, 0.208664, 0.718670
2.253408, -0.614777, 0.203552, 0.718155
2.253927, -0.618591, 0.205708, 0.703831
2.254386, -0.619011, 0.211258, 0.715218
2.254919, -0.623131, 0.213070, 0.714283
2.255423, -0.622444, 0.214672, 0.693226
2.255913, -0.623684, 0.210667, 0.696182
2.256401, -0.626202, 0.215874, 0.699215
2.256890, -0.628357, 0.209484, 0.687389
2.257913, -0.629368, 0.210400, 0.700150
2.258397, -0.630608, 0.212078, 0.685673
2.258921, -0.634384, 0.214596, 0.680008
2.259405, -0.632877, 0.213280, 0.689869
2.259895, -0.637531, 0.208225, 0.674801
2.260409, -0.630322, 0.204849, 0.679893
2.260911, -0.633354, 0.206470, 0.681877
2.261415, -0.635700, 0.206413, 0.670128
2.262050, -0.634174, 0.211525, 0.667324
2.262403, -0.633259, 0.211182, 0.672989
2.263071, -0.635529, 0.215302, 0.665531
2.263517, -0.634766, 0.204258, 0.662174
2.264035, -0.635452, 0.208225, 0.674133
2.264538, -0.637608, 0.211544, 0.665035
2.264996, -0.634365, 0.209694, 0.652447
2.265515, -0.636845, 0.203438, 0.653343
2.265966, -0.641422, 0.208607, 0.658607
2.266510, -0.644627, 0.203304, 0.654640
2.266981, -0.646172, 0.213623, 0.656242
2.267505, -0.645142, 0.212860, 0.650539
2.267944, -0.641880, 0.210285, 0.642338
2.268435, -0.642834, 0.208797, 0.643196
2.268919, -0.641499, 0.203800, 0.648403
2.269434, -0.645142, 0.203323, 0.644951
2.270407, -0.647106, 0.212917, 0.642872
2.270905, -0.648289, 0.211868, 0.635185
2.271423, -0.644684, 0.206280, 0.635185
2.271936, -0.645275, 0.201950, 0.643215
2.272437, -0.652466, 0.209923, 0.633030
2.272920, -0.647984, 0.206814, 0.631046
2.273434, -0.653000, 0.215302, 0.637608
2.273957, -0.654812, 0.209789, 0.628414
2.274405, -0.651207, 0.209293, 0.632973
2.274926, -0.654526, 0.214996, 0.637321
2.275428, -0.660896, 0.218506, 0.633888
2.275922, -0.657825, 0.219078, 0.632210
2.276418, -0.649509, 0.217152, 0.631714
2.276913, -0.652561, 0.210743, 0.627728
2.277440, -0.657177, 0.215225, 0.626240
2.277935, -0.656490, 0.212326, 0.637569
2.278439, -0.662327, 0.214748, 0.639763
2.278921, -0.660324, 0.215225, 0.627880
2.279444, -0.658875, 0.214233, 0.628433
2.279946, -0.661812, 0.206757, 0.628605
2.280416, -0.669193, 0.214138, 0.633144
2.280940, -0.662727, 0.212898, 0.632591
2.281468, -0.664997, 0.223789, 0.635605
2.281928, -0.665569, 0.219727, 0.627937
2.282434, -0.660267, 0.218811, 0.623875
2.282936, -0.668926, 0.212021, 0.630093
2.283443, -0.671349, 0.213737, 0.630398
2.283960, -0.667591, 0.202045, 0.630951
2.284433, -0.666847, 0.208969, 0.636749
2.284953, -0.666924, 0.212421, 0.632133
2.285475, -0.669498, 0.223579, 0.615139
2.285942, -0.673256, 0.223751, 0.623970
2.286474, -0.666122, 0.218487, 0.623074
2.286939, -0.669613, 0.203266, 0.621223
2.287446, -0.667782, 0.202999, 0.629997
2.287957, -0.666065, 0.205917, 0.635700
2.288967, -0.667725, 0.212803, 0.629559
2.289425, -0.667706, 0.213375, 0.624657
2.289931, -0.669594, 0.209160, 0.621490
2.290447, -0.674171, 0.214748, 0.629616
2.290950, -0.668468, 0.211067, 0.633965
2.291456, -0.670624, 0.212479, 0.634823
2.291955, -0.672569, 0.200310, 0.621071
2.292432, -0.676479, 0.200043, 0.620747
2.292935, -0.673199, 0.188789, 0.632706
2.293443, -0.671997, 0.192757, 0.640202
2.293955, -0.681076, 0.192318, 0.626698
2.294452, -0.679245, 0.198135, 0.632057
2.294981, -0.681210, 0.190754, 0.631256
2.295483, -0.683498, 0.200424, 0.627384
2.296462, -0.682335, 0.193462, 0.633450
2.296965, -0.685329, 0.180779, 0.633793
2.297468, -0.685272, 0.173454, 0.645638
2.297972, -0.684013, 0.173130, 0.647144
2.298476, -0.682068, 0.168953, 0.650978
2.298966, -0.680237, 0.167789, 0.650272
2.299469, -0.684261, 0.173054, 0.646095
2.299973, -0.683784, 0.178871, 0.629253
2.300475, -0.683155, 0.172539, 0.631237
2.300965, -0.684280, 0.170517, 0.649948
2.301470, -0.683174, 0.161076, 0.658112
2.301972, -0.684986, 0.159817, 0.640945
2.302461, -0.687904, 0.155411, 0.639420
2.302965, -0.683212, 0.153656, 0.644836
2.303454, -0.682697, 0.148220, 0.650082
2.303958, -0.686646, 0.149498, 0.643044
2.304461, -0.688534, 0.141563, 0.649929
2.304950, -0.687656, 0.130405, 0.657959
2.305972, -0.685711, 0.145416, 0.650368
2.306456, -0.683784, 0.147533, 0.646019
2.306954, -0.684967, 0.138016, 0.642071
2.307467, -0.688782, 0.123367, 0.643101
2.308045, -0.684872, 0.112305, 0.662880
2.308461, -0.688171, 0.106754, 0.666313
2.309088, -0.686131, 0.101471, 0.660095
2.309558, -0.688915, 0.110264, 0.671368
2.310082, -0.684109, 0.111504, 0.668964
2.310550, -0.677662, 0.109825, 0.645275
2.311603, -0.678444, 0.106163, 0.672359
2.312000, -0.680294, 0.096741, 0.665665
2.312523, -0.673676, 0.093422, 0.655994
2.313066, -0.673275, 0.094452, 0.661011
2.313541, -0.670319, 0.091248, 0.651703
2.314060, -0.674267, 0.084648, 0.656452
2.314535, -0.674801, 0.081367, 0.675926
2.315020, -0.673866, 0.078182, 0.661049
2.315542, -0.675030, 0.072174, 0.652161
2.316041, -0.673580, 0.072289, 0.667934
2.316519, -0.674896, 0.070610, 0.667553
2.316994, -0.677071, 0.067291, 0.657978
2.317526, -0.675049, 0.064411, 0.666122
2.318005, -0.680542, 0.067825, 0.666676
2.318490, -0.682964, 0.066814, 0.657558
2.318994, -0.676918, 0.061874, 0.667152
2.319469, -0.678101, 0.052891, 0.674877
2.319960, -0.676193, 0.047455, 0.666828
2.320504, -0.681763, 0.044651, 0.670910
2.320978, -0.683537, 0.043640, 0.670280
2.321512, -0.681133, 0.041771, 0.662136
2.321985, -0.683441, 0.040684, 0.673275
2.322475, -0.686512, 0.037365, 0.677948
2.322979, -0.683117, 0.034256, 0.669689
2.323512, -0.680237, 0.035381, 0.674419
2.323973, -0.684090, 0.038567, 0.678730
2.324504, -0.685329, 0.031281, 0.672398
2.325473, -0.677338, 0.024605, 0.688705
2.325973, -0.675812, 0.023003, 0.687866
2.326515, -0.670719, 0.021248, 0.687103
2.328003, -0.675678, 0.012875, 0.689926
2.328520, -0.669270, 0.008736, 0.694389
2.329023, -0.672512, 0.010586, 0.694981
2.329660, -0.671310, 0.012932, 0.692596
2.330054, -0.673752, 0.012684, 0.685787
2.330523, -0.681095, 0.008049, 0.685120
2.331056, -0.677242, 0.004025, 0.682507
2.331530, -0.682697, 0.001144, 0.688419
2.332005, -0.684967, 0.001335, 0.688763
2.332537, -0.687332, 0.002518, 0.682926
2.333010, -0.687199, 0.005703, 0.682697
2.333502, -0.688534, 0.003567, 0.685883
2.333988, -0.687923, 0.002117, 0.682144
2.334483, -0.680618, 0.004444, 0.683136
2.335042, -0.683460, 0.005989, 0.687122
2.335520, -0.678024, 0.005474, 0.683041
2.336026, -0.678711, 0.005569, 0.677090
2.336524, -0.684509, 0.007992, 0.683422
2.337120, -0.678558, 0.010204, 0.678425
2.337515, -0.678940, 0.007534, 0.671959
2.338018, -0.681763, 0.007534, 0.678234
2.338492, -0.685368, 0.005836, 0.680408
2.339009, -0.682812, 0.001564, 0.679264
2.339537, -0.683346, 0.003376, 0.681591
2.340015, -0.682926, 0.000305, 0.680561
2.340508, -0.681686, -0.004272, 0.683746
2.340999, -0.679398, -0.006390, 0.685024
2.341526, -0.680237, -0.012608, 0.683861
2.342011, -0.674534, -0.016041, 0.685081
2.343038, -0.671806, -0.016079, 0.691147
2.343492, -0.674133, -0.016651, 0.688686
2.344017, -0.673923, -0.017090, 0.691566
2.345008, -0.669746, -0.020924, 0.693035
2.345537, -0.670528, -0.022793, 0.697060
2.346017, -0.669537, -0.019970, 0.695400
2.346538, -0.669250, -0.018158, 0.690441
2.347006, -0.668278, -0.024033, 0.692768
2.347529, -0.662289, -0.024185, 0.694237
2.348047, -0.661545, -0.025158, 0.693855
2.348520, -0.663948, -0.025082, 0.695114
2.349040, -0.667934, -0.023861, 0.693817
2.349546, -0.669365, -0.024529, 0.692463
2.350031, -0.663872, -0.026436, 0.695629
2.350537, -0.664463, -0.025692, 0.697098
2.351040, -0.665798, -0.022316, 0.693817
2.351542, -0.664749, -0.024586, 0.693970
2.352036, -0.670643, -0.019875, 0.690479
2.352536, -0.666409, -0.016003, 0.691166
2.353039, -0.666542, -0.023651, 0.692616
2.353533, -0.666790, -0.026150, 0.692196
2.354018, -0.669022, -0.031147, 0.691643
2.354609, -0.668278, -0.029984, 0.690269
2.355113, -0.671406, -0.029449, 0.689526
2.355617, -0.674744, -0.025330, 0.687084
2.356116, -0.671177, -0.021420, 0.689564
2.356521, -0.677185, -0.019913, 0.687962
2.357128, -0.673618, -0.024338, 0.688019
2.357654, -0.678825, -0.020065, 0.686455
2.358151, -0.680447, -0.017128, 0.688095
2.359119, -0.678253, -0.016270, 0.687199
2.359618, -0.675659, -0.014000, 0.685673
2.360111, -0.679893, -0.011787, 0.682163
2.360613, -0.676594, -0.011139, 0.683403
2.361114, -0.677376, -0.011806, 0.687218
2.361618, -0.681267, -0.008984, 0.689964
2.362121, -0.684681, -0.007191, 0.691872
2.362565, -0.684452, -0.005093, 0.694313
2.363069, -0.680637, -0.003300, 0.692940
2.363574, -0.684605, -0.000935, 0.696774
2.364079, -0.681705, 0.001507, 0.696106
2.364583, -0.686188, 0.006733, 0.693817
2.365084, -0.685577, 0.007133, 0.697002
2.365560, -0.678844, 0.007763, 0.697098
2.366061, -0.680447, 0.007458, 0.694580
2.366565, -0.679283, 0.011673, 0.693340
2.367070, -0.679493, 0.012054, 0.697479
2.367543, -0.683384, 0.019093, 0.694065
2.368048, -0.686779, 0.021038, 0.693703
2.368550, -0.687675, 0.019779, 0.694695
2.369054, -0.690079, 0.023479, 0.696621
2.369559, -0.690689, 0.026321, 0.694790
2.370060, -0.692997, 0.030346, 0.692787
2.371048, -0.695477, 0.034695, 0.693798
2.371542, -0.695286, 0.032215, 0.697269
2.372070, -0.693054, 0.039806, 0.690632
2.372534, -0.697136, 0.041370, 0.692978
2.373063, -0.697289, 0.041447, 0.693817
2.373557, -0.699902, 0.041142, 0.691090
2.374046, -0.698757, 0.047112, 0.691891
2.374553, -0.696449, 0.045376, 0.691376
2.375050, -0.702477, 0.046825, 0.690804
2.375550, -0.699959, 0.054531, 0.689259
2.376060, -0.702000, 0.054073, 0.693264
2.376583, -0.705738, 0.055447, 0.695057
2.377047, -0.703011, 0.058441, 0.697460
2.377543, -0.701466, 0.059490, 0.692673
2.378033, -0.697575, 0.060616, 0.695782
2.378579, -0.699558, 0.062256, 0.692902
2.379083, -0.700722, 0.064125, 0.693016
2.379544, -0.693760, 0.062160, 0.691929
2.380046, -0.694771, 0.064983, 0.692368
2.380550, -0.693913, 0.065937, 0.693283
2.381543, -0.702133, 0.072384, 0.690384
2.382075, -0.700760, 0.071526, 0.693283
2.382564, -0.703220, 0.077381, 0.688267
2.383568, -0.702858, 0.080643, 0.684547
2.384051, -0.699844, 0.083809, 0.684357
2.384565, -0.699978, 0.087242, 0.682011
2.385082, -0.699577, 0.083942, 0.684357
2.385573, -0.701160, 0.085678, 0.679607
2.386076, -0.696812, 0.091190, 0.677910
2.386581, -0.692101, 0.086231, 0.678043
2.387128, -0.693359, 0.091228, 0.673523
2.387564, -0.689354, 0.090866, 0.671692
2.388091, -0.690327, 0.091724, 0.672245
2.388557, -0.692120, 0.099831, 0.673447
2.389072, -0.693550, 0.100174, 0.671196
2.389601, -0.688286, 0.096436, 0.670395
2.390075, -0.691109, 0.101242, 0.667534
2.390579, -0.685349, 0.098839, 0.674076
2.391082, -0.684910, 0.099621, 0.673008
2.391586, -0.680523, 0.101433, 0.666523
2.392071, -0.680218, 0.101585, 0.669670
2.392553, -0.684242, 0.102844, 0.668907
2.393090, -0.677509, 0.111485, 0.671215
2.393578, -0.676823, 0.109177, 0.670109
2.394075, -0.674915, 0.109520, 0.670071
2.394594, -0.676422, 0.109692, 0.675697
2.395098, -0.674458, 0.111408, 0.676422
2.395592, -0.674248, 0.116959, 0.675068
2.396094, -0.673561, 0.116634, 0.674572
2.396610, -0.671139, 0.114040, 0.676899
2.397077, -0.672855, 0.118065, 0.677967
2.397577, -0.678253, 0.123024, 0.678501
2.398095, -0.670013, 0.121422, 0.678101
2.398587, -0.669041, 0.120258, 0.677986
2.399115, -0.674934, 0.125370, 0.679150
2.399608, -0.672359, 0.125942, 0.678062
2.400082, -0.672112, 0.128860, 0.677567
2.400611, -0.671425, 0.128231, 0.677624
2.401098, -0.673752, 0.133915, 0.670700
2.401607, -0.673485, 0.134411, 0.674839
2.402106, -0.672035, 0.130634, 0.679092
2.402601, -0.677490, 0.129776, 0.682545
2.403085, -0.681210, 0.131874, 0.685501
2.403573, -0.676708, 0.131721, 0.681190
2.404668, -0.674992, 0.140343, 0.679111
2.405126, -0.675526, 0.136166, 0.688877
2.405637, -0.677757, 0.138397, 0.683441
2.406142, -0.677376, 0.141449, 0.682926
2.406648, -0.678196, 0.142517, 0.683556
2.407114, -0.682716, 0.145626, 0.683670
2.407647, -0.677795, 0.141411, 0.683784
2.408105, -0.679054, 0.138016, 0.684090
2.408603, -0.679646, 0.136490, 0.685081
2.409152, -0.682602, 0.134964, 0.681076
2.409664, -0.682716, 0.133629, 0.682468
2.410113, -0.681133, 0.134811, 0.681190
2.410610, -0.678215, 0.134315, 0.680828
2.411137, -0.678673, 0.139561, 0.676174
2.411602, -0.675869, 0.138454, 0.676250
2.412115, -0.672417, 0.133972, 0.676880
2.412640, -0.675373, 0.137310, 0.676517
2.413130, -0.672321, 0.131245, 0.678005
2.413617, -0.671921, 0.134106, 0.675144
2.414152, -0.673904, 0.134811, 0.675182
2.414595, -0.667324, 0.129280, 0.675983
2.415102, -0.663910, 0.133057, 0.673599
2.415603, -0.667019, 0.131721, 0.673332
2.416106, -0.667667, 0.129700, 0.671043
2.416610, -0.665150, 0.130959, 0.675201
2.417133, -0.660686, 0.131512, 0.676785
2.417596, -0.661240, 0.129032, 0.667915
2.418096, -0.660172, 0.125504, 0.665531
2.418630, -0.659561, 0.125656, 0.672245
2.419130, -0.661926, 0.124245, 0.676212
2.419597, -0.662708, 0.122833, 0.670834
2.420127, -0.659351, 0.126324, 0.666847
2.420607, -0.656948, 0.122871, 0.669575
2.421145, -0.661049, 0.123901, 0.671654
2.422107, -0.655842, 0.117931, 0.673199
2.422627, -0.660629, 0.119019, 0.672302
2.423147, -0.659809, 0.122681, 0.673866
2.423604, -0.658760, 0.121422, 0.672150
2.424124, -0.659103, 0.118885, 0.673103
2.424641, -0.656681, 0.123005, 0.668678
2.425101, -0.653362, 0.117741, 0.669880
2.425600, -0.656681, 0.116634, 0.673599
2.426102, -0.655155, 0.121002, 0.673141
2.426606, -0.657196, 0.122051, 0.667973
2.427101, -0.653458, 0.119610, 0.667496
2.427625, -0.651035, 0.119343, 0.666542
2.428139, -0.652962, 0.115299, 0.669479
2.428643, -0.655975, 0.117283, 0.670757
2.429149, -0.649700, 0.117588, 0.672054
2.429647, -0.654240, 0.116634, 0.670071
2.430151, -0.655308, 0.114803, 0.667458
2.430640, -0.653496, 0.111904, 0.667686
2.431143, -0.654354, 0.112476, 0.669994
2.431648, -0.657654, 0.117283, 0.671806
2.432153, -0.656509, 0.113239, 0.670738
2.432657, -0.656319, 0.116482, 0.669231
2.433120, -0.659370, 0.115318, 0.665207
2.434121, -0.654335, 0.117016, 0.666599
2.434623, -0.657959, 0.120220, 0.667419
2.435128, -0.651703, 0.116177, 0.663929
2.435633, -0.651207, 0.116882, 0.663910
2.436120, -0.652943, 0.118694, 0.672703
2.436624, -0.652103, 0.114307, 0.669060
2.437127, -0.646725, 0.115757, 0.666637
2.437648, -0.652294, 0.120811, 0.672703
2.438149, -0.650597, 0.121212, 0.675812
2.438618, -0.650787, 0.115223, 0.673141
2.439117, -0.650864, 0.116749, 0.683327
2.439628, -0.648804, 0.114136, 0.686359
2.440150, -0.649147, 0.116539, 0.674171
2.440638, -0.642853, 0.111885, 0.683060
2.441166, -0.641460, 0.113468, 0.691452
2.441660, -0.644588, 0.109234, 0.687046
2.442128, -0.644913, 0.107574, 0.685787
2.442650, -0.644875, 0.109806, 0.694466
2.443120, -0.644341, 0.106983, 0.688820
2.443653, -0.644188, 0.111675, 0.689945
2.444141, -0.642853, 0.110416, 0.695591
2.444669, -0.645752, 0.110226, 0.690536
2.445153, -0.642033, 0.114479, 0.687256
2.445639, -0.639801, 0.114079, 0.703335
2.446134, -0.642624, 0.112724, 0.709915
2.446667, -0.637817, 0.107327, 0.693512
2.447141, -0.643730, 0.109501, 0.689049
2.447631, -0.644436, 0.112019, 0.702572
2.448175, -0.641098, 0.112705, 0.702686
2.448624, -0.640697, 0.116081, 0.704460
2.449256, -0.642776, 0.116711, 0.706425
2.449646, -0.640736, 0.114555, 0.698338
2.450127, -0.643539, 0.115471, 0.696735
2.450649, -0.648575, 0.114708, 0.706367
2.451141, -0.643959, 0.112324, 0.705261
2.451636, -0.640507, 0.115814, 0.698433
2.452728, -0.645504, 0.116577, 0.698586
2.453262, -0.645638, 0.103683, 0.691223
2.453756, -0.647926, 0.102100, 0.711880
2.454234, -0.651627, 0.110188, 0.718098
2.454702, -0.644131, 0.108566, 0.707932
2.455249, -0.652885, 0.109921, 0.705833
2.455706, -0.653515, 0.109844, 0.705433
2.456209, -0.650406, 0.112057, 0.699883
2.456712, -0.653019, 0.110416, 0.717220
2.457216, -0.656357, 0.108471, 0.723743
2.457725, -0.649548, 0.111866, 0.706215
2.458223, -0.653362, 0.106850, 0.705395
2.458719, -0.652962, 0.110855, 0.711918
2.459214, -0.651550, 0.107250, 0.714130
2.459677, -0.656433, 0.107059, 0.719833
2.460165, -0.652790, 0.107327, 0.716228
2.460653, -0.649776, 0.105839, 0.707035
2.461159, -0.654392, 0.112114, 0.707932
2.461918, -0.657387, 0.111103, 0.714664
2.462389, -0.654888, 0.108585, 0.715313
2.462728, -0.655117, 0.107460, 0.710945
2.463224, -0.657883, 0.109901, 0.711098
2.463775, -0.658665, 0.109081, 0.711288
2.464154, -0.661812, 0.104942, 0.714512
2.464807, -0.665054, 0.107803, 0.712280
2.465219, -0.662727, 0.110302, 0.713215
2.465696, -0.655918, 0.110722, 0.716381
2.466256, -0.663033, 0.101986, 0.702190
2.466703, -0.665627, 0.098228, 0.698719
2.467265, -0.662155, 0.104218, 0.708199
2.467681, -0.664406, 0.105648, 0.710011
2.468248, -0.663013, 0.102806, 0.709419
2.468742, -0.660572, 0.099487, 0.706711
2.469167, -0.662575, 0.101986, 0.699730
2.469650, -0.662479, 0.099468, 0.692616
2.470180, -0.663261, 0.100384, 0.699310
2.470687, -0.664711, 0.100002, 0.703392
2.471166, -0.664043, 0.103645, 0.698814
2.471676, -0.664139, 0.102272, 0.694485
2.472167, -0.661411, 0.102234, 0.693378
2.472665, -0.662518, 0.099506, 0.698967
2.473194, -0.664349, 0.093555, 0.699596
2.473705, -0.661755, 0.092754, 0.692215
2.474194, -0.667343, 0.094566, 0.692883
2.474690, -0.664577, 0.092983, 0.691833
2.475195, -0.665283, 0.095482, 0.691872
2.475690, -0.664978, 0.094795, 0.694408
2.476194, -0.666370, 0.085754, 0.695381
2.476660, -0.660763, 0.084343, 0.685978
2.477173, -0.665321, 0.086193, 0.697861
2.478190, -0.665855, 0.090752, 0.686951
2.478683, -0.667381, 0.090332, 0.683537
2.479173, -0.667877, 0.089512, 0.692673
2.479675, -0.667858, 0.088825, 0.689144
2.480166, -0.670090, 0.085735, 0.697708
2.480673, -0.673847, 0.086479, 0.698948
2.481173, -0.673122, 0.089493, 0.687065
2.481681, -0.672359, 0.091553, 0.683823
2.482195, -0.671520, 0.084076, 0.686455
2.482698, -0.675735, 0.084534, 0.682068
2.483202, -0.681171, 0.085678, 0.685692
2.483711, -0.686283, 0.093193, 0.694981
2.484200, -0.690613, 0.095921, 0.686226
2.484717, -0.689526, 0.087814, 0.681877
2.485232, -0.688591, 0.085354, 0.682888
2.485682, -0.690136, 0.086613, 0.684109
2.486198, -0.692081, 0.088425, 0.687675
2.486716, -0.686455, 0.087738, 0.689926
2.487695, -0.692711, 0.085850, 0.679951
2.488198, -0.692139, 0.088749, 0.683670
2.488714, -0.689392, 0.087490, 0.684872
2.489202, -0.685921, 0.079708, 0.679188
2.489721, -0.692463, 0.080128, 0.677471
2.490210, -0.695763, 0.083561, 0.680218
2.490721, -0.694675, 0.082760, 0.678463
2.491232, -0.697842, 0.081615, 0.678501
2.491692, -0.695019, 0.080090, 0.678883
2.492196, -0.698261, 0.080986, 0.676270
2.492686, -0.699902, 0.080948, 0.672626
2.493214, -0.698605, 0.077057, 0.676193
2.493704, -0.702190, 0.075836, 0.681534
2.495218, -0.696793, 0.074272, 0.669403
2.495825, -0.698204, 0.072060, 0.671463
2.496328, -0.701771, 0.073357, 0.674858
2.497188, -0.700054, 0.072536, 0.664997
2.497694, -0.705986, 0.072250, 0.672112
2.498195, -0.700035, 0.070591, 0.676479
2.498696, -0.699463, 0.069733, 0.667133
2.499202, -0.702171, 0.069771, 0.662689
2.499825, -0.701389, 0.069962, 0.670013
2.500328, -0.701370, 0.072708, 0.663013
2.500832, -0.701790, 0.071602, 0.654335
2.501277, -0.702324, 0.064602, 0.664101
2.501781, -0.699291, 0.062599, 0.663223
2.502283, -0.697422, 0.064011, 0.656090
2.502787, -0.698376, 0.060844, 0.657558
2.503275, -0.699272, 0.056953, 0.664635
2.503815, -0.700588, 0.061054, 0.660934
2.504310, -0.696411, 0.061226, 0.659428
2.504758, -0.696487, 0.057201, 0.657997
2.505254, -0.693836, 0.053501, 0.650234
2.505748, -0.695763, 0.054588, 0.658016
2.506248, -0.697899, 0.056305, 0.662441
2.506744, -0.691528, 0.054512, 0.655384
2.507231, -0.687408, 0.049763, 0.659637
2.507724, -0.686378, 0.049973, 0.666733
2.508253, -0.689926, 0.047874, 0.653172
2.508720, -0.693035, 0.048046, 0.644684
2.509240, -0.686455, 0.048771, 0.653400
2.509705, -0.688190, 0.051613, 0.648727
2.510227, -0.688686, 0.056343, 0.644283
2.510706, -0.697250, 0.050945, 0.651054
2.511241, -0.695324, 0.045204, 0.642662
2.511719, -0.697975, 0.047035, 0.646915
2.512208, -0.703545, 0.046253, 0.666561
2.512738, -0.700874, 0.045338, 0.646267
2.513212, -0.695839, 0.045605, 0.628891
2.513756, -0.700321, 0.055332, 0.657444
2.514239, -0.699482, 0.051670, 0.657082
2.514719, -0.697632, 0.045357, 0.627289
2.515247, -0.697174, 0.039387, 0.643272
2.515736, -0.697823, 0.042324, 0.657234
2.516227, -0.698643, 0.045776, 0.630436
2.516712, -0.696526, 0.050468, 0.632343
2.517247, -0.694790, 0.050526, 0.648193
2.517749, -0.695267, 0.046959, 0.631485
2.518238, -0.693665, 0.042896, 0.633640
2.518756, -0.694160, 0.040951, 0.654316
2.519231, -0.688953, 0.034161, 0.655632
2.520253, -0.686893, 0.046272, 0.660419
2.520726, -0.689316, 0.044022, 0.641232
2.521260, -0.679588, 0.034847, 0.638447
2.521749, -0.685349, 0.038300, 0.655594
2.522268, -0.682583, 0.042648, 0.656662
2.522773, -0.684834, 0.041847, 0.653076
2.523276, -0.685425, 0.041428, 0.655441
2.524269, -0.677090, 0.035000, 0.654602
2.524757, -0.677853, 0.038509, 0.665951
2.525255, -0.676594, 0.051346, 0.663586
2.525745, -0.678005, 0.048695, 0.658684
2.526224, -0.675602, 0.042820, 0.648270
2.526777, -0.681190, 0.035686, 0.646038
2.527275, -0.678272, 0.028706, 0.663509
2.527779, -0.677910, 0.043640, 0.675640
2.528776, -0.673313, 0.046310, 0.667820
2.529240, -0.678406, 0.048809, 0.669498
2.529786, -0.673561, 0.049419, 0.666523
2.530271, -0.674114, 0.048485, 0.649033
2.530746, -0.672989, 0.048141, 0.666428
2.531269, -0.675240, 0.054455, 0.682411
2.531771, -0.671291, 0.050774, 0.666084
2.532243, -0.669937, 0.050602, 0.669250
2.532733, -0.671005, 0.041866, 0.683384
2.533241, -0.670033, 0.039444, 0.667191
2.533834, -0.669060, 0.043983, 0.664234
2.534245, -0.672035, 0.057964, 0.681343
2.534792, -0.673122, 0.065269, 0.671558
2.535270, -0.674248, 0.059452, 0.667496
2.535764, -0.672665, 0.054359, 0.674248
2.536285, -0.670891, 0.047359, 0.672932
2.536758, -0.673180, 0.048180, 0.675812
2.537283, -0.673714, 0.057716, 0.683765
2.537746, -0.674210, 0.067616, 0.690746
2.538283, -0.675926, 0.068550, 0.678825
2.538749, -0.678291, 0.062752, 0.665131
2.539271, -0.677204, 0.059319, 0.661221
2.539793, -0.672817, 0.060234, 0.693417
2.540245, -0.669174, 0.063725, 0.693760
2.540783, -0.672913, 0.062542, 0.673409
2.541246, -0.670662, 0.062695, 0.691490
2.541777, -0.670567, 0.064125, 0.679684
2.542250, -0.662937, 0.056992, 0.658226
2.542765, -0.665321, 0.065517, 0.689697
2.543280, -0.670586, 0.072632, 0.713310
2.543927, -0.668468, 0.076580, 0.681458
2.544249, -0.668564, 0.075073, 0.665703
2.544758, -0.665112, 0.060959, 0.683212
2.545367, -0.666904, 0.056667, 0.683365
2.545750, -0.663223, 0.059967, 0.693722
2.546371, -0.665493, 0.065269, 0.701084
2.546853, -0.662632, 0.070877, 0.682640
2.547366, -0.664406, 0.075302, 0.680046
2.547884, -0.664921, 0.075607, 0.680656
2.548390, -0.660744, 0.075283, 0.671024
2.548802, -0.658245, 0.075302, 0.689163
2.549366, -0.662746, 0.076256, 0.703487
2.549871, -0.662861, 0.076485, 0.680542
2.550285, -0.660210, 0.076199, 0.669155
2.550849, -0.656490, 0.079384, 0.693130
2.551351, -0.659733, 0.072498, 0.701141
2.551855, -0.661068, 0.077705, 0.681648
2.552268, -0.662479, 0.078621, 0.688629
2.552832, -0.659008, 0.076694, 0.695133
2.553337, -0.654755, 0.078850, 0.687904
2.553882, -0.656281, 0.083008, 0.692139
2.554330, -0.657520, 0.086746, 0.694714
2.554832, -0.655499, 0.083275, 0.681763
2.555277, -0.657692, 0.083065, 0.690594
2.555783, -0.659065, 0.082283, 0.706921
2.556284, -0.654297, 0.083370, 0.688133
2.556787, -0.656414, 0.090065, 0.684681
2.557291, -0.653439, 0.089417, 0.702286
2.557796, -0.657520, 0.087070, 0.692940
2.558285, -0.656948, 0.086288, 0.684643
2.558782, -0.656033, 0.086613, 0.699253
2.559275, -0.657635, 0.080967, 0.702839
2.560322, -0.656605, 0.089569, 0.697899
2.560817, -0.656624, 0.093460, 0.690594
2.561323, -0.659752, 0.095825, 0.697556
2.561796, -0.652275, 0.102215, 0.708237
2.562299, -0.655174, 0.096493, 0.689182
2.562818, -0.655441, 0.088596, 0.692062
2.563321, -0.659199, 0.091343, 0.721436
2.563784, -0.663471, 0.093613, 0.709457
2.564284, -0.656509, 0.096455, 0.693245
2.564788, -0.654106, 0.102692, 0.703411
2.565291, -0.661430, 0.101929, 0.702515
2.565796, -0.662708, 0.098724, 0.693150
2.566299, -0.662575, 0.096588, 0.708199
2.566805, -0.664902, 0.098133, 0.707569
2.567306, -0.658054, 0.094147, 0.702324
2.567811, -0.658302, 0.094662, 0.708733
2.568313, -0.660915, 0.096912, 0.704308
2.568799, -0.658455, 0.093689, 0.694523
2.569783, -0.661907, 0.091820, 0.712337
2.570288, -0.660038, 0.094662, 0.697041
2.570798, -0.662823, 0.096874, 0.699139
2.571320, -0.666580, 0.095425, 0.709858
2.571802, -0.663967, 0.093918, 0.706348
2.572283, -0.672398, 0.094452, 0.699463
2.572818, -0.667400, 0.095463, 0.699100
2.573305, -0.670757, 0.096512, 0.697937
2.573824, -0.669231, 0.092106, 0.696774
2.574298, -0.671082, 0.093708, 0.700703
2.574785, -0.668716, 0.090141, 0.701790
2.575317, -0.665035, 0.095234, 0.695896
2.575809, -0.670891, 0.097485, 0.699043
2.576290, -0.670223, 0.093727, 0.698833
2.576813, -0.666637, 0.093613, 0.693989
2.577795, -0.670471, 0.095310, 0.695210
2.578299, -0.669098, 0.099297, 0.687084
2.578801, -0.662422, 0.096264, 0.691738
2.579794, -0.663261, 0.093918, 0.688782
2.580341, -0.668755, 0.095730, 0.692749
2.580816, -0.671616, 0.097218, 0.696259
2.581839, -0.671597, 0.102406, 0.689030
2.582305, -0.671368, 0.102825, 0.686970
2.582831, -0.672379, 0.100479, 0.685463
2.583303, -0.668678, 0.097542, 0.683556
2.584343, -0.673275, 0.104675, 0.682068
2.584847, -0.674114, 0.103607, 0.686893
2.585349, -0.675602, 0.100574, 0.684052
2.585854, -0.675335, 0.100098, 0.675144
2.586320, -0.674973, 0.101509, 0.676117
2.586838, -0.673676, 0.101032, 0.682526
2.587309, -0.677395, 0.101681, 0.684834
2.587838, -0.676594, 0.100498, 0.685215
2.588327, -0.678005, 0.107441, 0.679817
2.588829, -0.678978, 0.109882, 0.677948
2.589334, -0.681229, 0.110931, 0.686474
2.589853, -0.678959, 0.105991, 0.682697
2.590415, -0.676060, 0.105019, 0.684166
2.590846, -0.674896, 0.108433, 0.687561
2.591334, -0.677509, 0.114365, 0.682049
2.591815, -0.684166, 0.114040, 0.682087
2.592393, -0.681248, 0.115395, 0.680466
2.592811, -0.675449, 0.117931, 0.683784
2.593388, -0.676384, 0.111389, 0.682964
2.593883, -0.677853, 0.110798, 0.677872
2.594482, -0.676403, 0.111389, 0.680065
2.594951, -0.673313, 0.113850, 0.680561
2.595604, -0.671768, 0.112114, 0.679817
2.595920, -0.669136, 0.107994, 0.681190
2.596420, -0.671329, 0.113773, 0.683632
2.596922, -0.674496, 0.122204, 0.678749
2.597412, -0.672665, 0.115623, 0.674229
2.597935, -0.676270, 0.119152, 0.684586
2.598374, -0.676193, 0.113125, 0.683193
2.598922, -0.679417, 0.113945, 0.678520
2.599414, -0.676079, 0.114613, 0.681438
2.599854, -0.675335, 0.117035, 0.683403
2.600426, -0.672283, 0.113182, 0.684204
2.600863, -0.667992, 0.112133, 0.683479
2.601338, -0.674572, 0.113411, 0.678749
2.601922, -0.673866, 0.115929, 0.676632
2.602388, -0.665455, 0.119019, 0.681076
2.602826, -0.665874, 0.122890, 0.683155
2.603356, -0.669670, 0.117168, 0.678864
2.603870, -0.668335, 0.112896, 0.681190
2.604329, -0.668736, 0.113049, 0.682087
2.604847, -0.667839, 0.114841, 0.673771
2.605364, -0.671902, 0.113239, 0.679512
2.605853, -0.675201, 0.113945, 0.679817
2.606850, -0.675468, 0.121059, 0.673523
2.607379, -0.670376, 0.114021, 0.685387
2.607841, -0.669689, 0.108795, 0.671349
2.608838, -0.672207, 0.109673, 0.679111
2.609345, -0.666561, 0.113354, 0.678444
2.609843, -0.671329, 0.113754, 0.670300
2.610367, -0.672283, 0.115757, 0.678005
2.611357, -0.671577, 0.119267, 0.673656
2.611834, -0.669899, 0.116253, 0.682201
2.612341, -0.666084, 0.117512, 0.673885
2.612834, -0.663738, 0.108757, 0.675106
2.613341, -0.662022, 0.105667, 0.682964
2.613870, -0.655537, 0.107098, 0.685558
2.614377, -0.659885, 0.110912, 0.687332
2.614891, -0.654812, 0.105934, 0.678997
2.615841, -0.655918, 0.115204, 0.669022
2.616363, -0.657997, 0.117626, 0.684757
2.616878, -0.656776, 0.105324, 0.682373
2.617385, -0.657310, 0.107079, 0.677586
2.617843, -0.656700, 0.101986, 0.675869
2.618344, -0.657558, 0.112095, 0.683098
2.618901, -0.657082, 0.109406, 0.683975
2.619900, -0.653839, 0.099545, 0.684147
2.620373, -0.655384, 0.100155, 0.682602
2.620878, -0.658932, 0.106144, 0.680294
2.621383, -0.654774, 0.105324, 0.688992
2.621899, -0.656300, 0.102291, 0.685806
2.622361, -0.654564, 0.094719, 0.680313
2.622863, -0.657654, 0.096607, 0.691681
2.623389, -0.653763, 0.095005, 0.693760
2.623874, -0.655804, 0.097141, 0.687351
2.624360, -0.658817, 0.099564, 0.693054
2.624878, -0.657940, 0.101509, 0.692081
2.625367, -0.654049, 0.095406, 0.687599
2.625875, -0.658131, 0.099564, 0.689030
2.626374, -0.657845, 0.099678, 0.692272
2.626885, -0.658684, 0.092716, 0.687752
2.627389, -0.662670, 0.089989, 0.694733
2.627889, -0.664177, 0.089073, 0.699654
2.628393, -0.658817, 0.090332, 0.695457
2.628893, -0.660419, 0.092239, 0.697212
2.629384, -0.652657, 0.091705, 0.697937
2.629870, -0.656490, 0.094090, 0.693913
2.630403, -0.659809, 0.097885, 0.692101
2.630909, -0.664310, 0.096226, 0.697422
2.631367, -0.660286, 0.092964, 0.696373
2.631874, -0.658646, 0.095119, 0.695190
2.632402, -0.659561, 0.095158, 0.702724
2.632922, -0.653744, 0.088367, 0.698109
2.633365, -0.657043, 0.088615, 0.698624
2.633869, -0.659103, 0.087433, 0.705109
2.634374, -0.658779, 0.089970, 0.700436
2.634876, -0.662136, 0.093231, 0.698605
2.635365, -0.662575, 0.093269, 0.702534
2.635869, -0.661621, 0.088730, 0.703793
2.636417, -0.660534, 0.092030, 0.701942
2.636906, -0.658760, 0.089645, 0.701485
2.637889, -0.662365, 0.086308, 0.703392
2.638380, -0.664787, 0.089169, 0.699520
2.638877, -0.661621, 0.090694, 0.696373
2.639370, -0.662518, 0.090580, 0.703030
2.639882, -0.669022, 0.092945, 0.705318
2.640447, -0.672817, 0.087852, 0.702095
2.640871, -0.664654, 0.086308, 0.697899
2.641454, -0.667725, 0.084763, 0.699139
2.641963, -0.669765, 0.090466, 0.700054
2.642467, -0.668812, 0.089779, 0.696316
2.642917, -0.668888, 0.089493, 0.698986
2.643426, -0.668831, 0.089073, 0.701580
2.643960, -0.669785, 0.091553, 0.698948
2.644429, -0.670280, 0.093708, 0.702953
2.644950, -0.670223, 0.087528, 0.705338
2.645409, -0.671024, 0.086727, 0.703659
2.645933, -0.667324, 0.088406, 0.702896
2.646390, -0.665073, 0.084457, 0.700684
2.646954, -0.667324, 0.085297, 0.695267
2.647426, -0.666103, 0.088024, 0.698853
2.647890, -0.670910, 0.090046, 0.702858
2.648405, -0.669060, 0.083542, 0.699711
2.648918, -0.667629, 0.089607, 0.692120
2.649430, -0.669003, 0.093536, 0.697041
2.649894, -0.670872, 0.087929, 0.694199
2.650415, -0.669880, 0.089130, 0.691414
2.650927, -0.674057, 0.093079, 0.693359
2.651395, -0.675945, 0.097733, 0.693836
2.651905, -0.676041, 0.091362, 0.696640
2.652423, -0.678596, 0.091991, 0.696869
2.652890, -0.680180, 0.095024, 0.689678
2.653408, -0.684185, 0.092068, 0.690117
2.653900, -0.682182, 0.092010, 0.691071
2.654418, -0.683823, 0.093422, 0.689659
2.655434, -0.680695, 0.097389, 0.690422
2.655927, -0.682487, 0.097542, 0.692921
2.656431, -0.674820, 0.092926, 0.693398
2.656935, -0.678902, 0.092239, 0.693264
2.657438, -0.681152, 0.094585, 0.690136
2.657927, -0.676823, 0.091667, 0.691700
2.658426, -0.679474, 0.091991, 0.689735
2.658895, -0.678902, 0.093250, 0.687523
2.659420, -0.675850, 0.093460, 0.685329
2.660905, -0.677395, 0.094395, 0.685635
2.661928, -0.681076, 0.088310, 0.686207
2.662449, -0.680809, 0.089684, 0.680103
2.662941, -0.680752, 0.088024, 0.680065
2.663948, -0.682526, 0.089016, 0.679436
2.664432, -0.681896, 0.090714, 0.677967
2.664940, -0.679741, 0.089817, 0.679836
2.665418, -0.675430, 0.091000, 0.677032
2.665930, -0.679436, 0.091572, 0.677147
2.666437, -0.679493, 0.088120, 0.674171
2.666905, -0.674973, 0.090179, 0.676384
2.667415, -0.679092, 0.089207, 0.675030
2.668453, -0.676117, 0.087738, 0.669861
2.668922, -0.681152, 0.090866, 0.671329
2.669414, -0.674267, 0.088673, 0.671215
2.669961, -0.672665, 0.086517, 0.669155
2.670434, -0.672150, 0.084743, 0.673122
2.670927, -0.674248, 0.081043, 0.673084
2.671454, -0.673676, 0.088387, 0.669136
2.671944, -0.676422, 0.088024, 0.665722
2.672436, -0.676250, 0.086575, 0.663815
2.672925, -0.675373, 0.085239, 0.665550
2.673958, -0.680733, 0.086460, 0.667419
2.674934, -0.676479, 0.076351, 0.669003
2.675456, -0.676880, 0.077610, 0.666885
2.675915, -0.679722, 0.078564, 0.667095
2.676425, -0.678406, 0.080795, 0.665588
2.676947, -0.679626, 0.079899, 0.665760
2.677471, -0.680084, 0.079536, 0.666351
2.677919, -0.677776, 0.077572, 0.665302
2.678427, -0.677357, 0.077839, 0.664101
2.678922, -0.676479, 0.076351, 0.663471
2.679469, -0.677052, 0.079479, 0.662251
2.679962, -0.677891, 0.082188, 0.661278
2.680926, -0.671787, 0.080414, 0.659599
2.681440, -0.674000, 0.080566, 0.661392
2.681949, -0.671616, 0.083637, 0.663643
2.682448, -0.674324, 0.083847, 0.660877
2.682951, -0.676727, 0.081158, 0.655670
2.683458, -0.672359, 0.080929, 0.658989
2.683958, -0.669498, 0.082378, 0.657139
2.684476, -0.676956, 0.085564, 0.655327
2.685039, -0.679703, 0.084877, 0.654182
2.685427, -0.676613, 0.085773, 0.655518
2.685929, -0.674820, 0.087414, 0.654144
2.686463, -0.675526, 0.088425, 0.652618
2.686951, -0.675831, 0.083027, 0.656815
2.687558, -0.672817, 0.082302, 0.658894
2.688061, -0.677319, 0.085564, 0.651970
2.688566, -0.677357, 0.089474, 0.651684
2.689070, -0.679684, 0.089169, 0.656471
2.690566, -0.675621, 0.085335, 0.656528
2.690980, -0.677299, 0.089092, 0.655422
2.691547, -0.675240, 0.089645, 0.658703
2.692046, -0.673428, 0.089874, 0.658417
2.692544, -0.675564, 0.085754, 0.659447
2.693036, -0.670681, 0.080891, 0.659924
2.693524, -0.675488, 0.085716, 0.661354
2.694047, -0.675049, 0.084858, 0.665112
2.694494, -0.669994, 0.084667, 0.662346
2.694995, -0.667953, 0.083866, 0.661812
2.695499, -0.673866, 0.082722, 0.662212
2.696003, -0.674381, 0.082245, 0.664024
2.696505, -0.671654, 0.078430, 0.665531
2.697010, -0.668240, 0.076027, 0.667534
2.697455, -0.667572, 0.079937, 0.669823
2.697958, -0.666523, 0.084572, 0.664101
2.698461, -0.663624, 0.080700, 0.663052
2.698966, -0.665874, 0.080681, 0.663147
2.699469, -0.662041, 0.080624, 0.665779
2.699973, -0.661812, 0.079079, 0.665340
2.700476, -0.659180, 0.081406, 0.667305
2.700980, -0.658493, 0.078335, 0.670033
2.701485, -0.661049, 0.077991, 0.670033
2.701987, -0.665970, 0.077896, 0.669670
2.702491, -0.667381, 0.079002, 0.674362
2.702997, -0.662632, 0.078011, 0.672054
2.703498, -0.666714, 0.075035, 0.671215
2.703982, -0.663509, 0.077915, 0.671043
2.704487, -0.665436, 0.078335, 0.673676
2.704952, -0.671673, 0.076218, 0.671635
2.705451, -0.670166, 0.070992, 0.674953
2.705971, -0.673084, 0.079136, 0.673542
2.706504, -0.673313, 0.082283, 0.674171
2.706995, -0.670738, 0.077572, 0.677967
2.707498, -0.671825, 0.079212, 0.676079
2.708006, -0.673618, 0.079784, 0.676689
2.708964, -0.670166, 0.077343, 0.675755
2.709490, -0.668812, 0.077057, 0.676708
2.709959, -0.669651, 0.080032, 0.677528
2.710476, -0.672798, 0.078373, 0.678825
2.710960, -0.670300, 0.077190, 0.677700
2.711497, -0.672302, 0.078392, 0.676632
2.712003, -0.670586, 0.082150, 0.679684
2.712490, -0.675640, 0.085106, 0.681572
2.712978, -0.671043, 0.083294, 0.681744
2.713498, -0.667324, 0.079765, 0.688648
2.713997, -0.670872, 0.079308, 0.688953
2.714466, -0.669441, 0.079479, 0.686951
2.714993, -0.666523, 0.082378, 0.686188
2.715467, -0.671463, 0.082283, 0.691490
2.716003, -0.672359, 0.084095, 0.689926
2.716490, -0.669270, 0.084419, 0.690746
2.716979, -0.667458, 0.088024, 0.689545
2.717470, -0.670223, 0.083847, 0.692425
2.718007, -0.666142, 0.083523, 0.691586
2.718477, -0.671806, 0.087471, 0.689926
2.719004, -0.672646, 0.082626, 0.694122
2.719498, -0.671997, 0.084667, 0.691738
2.720001, -0.669117, 0.084362, 0.695343
2.721008, -0.666199, 0.078812, 0.700283
2.721484, -0.664101, 0.080376, 0.699749
2.722476, -0.662975, 0.085182, 0.693073
2.723019, -0.665550, 0.085106, 0.699558
2.723512, -0.667191, 0.083771, 0.700016
2.724491, -0.665131, 0.084076, 0.698986
2.724994, -0.662441, 0.085640, 0.701561
2.725496, -0.659142, 0.084572, 0.699654
2.725977, -0.661716, 0.083084, 0.701389
2.726528, -0.659504, 0.082340, 0.699406
2.727028, -0.662270, 0.089092, 0.695400
2.727484, -0.661106, 0.085831, 0.697632
2.728001, -0.664501, 0.082912, 0.705376
2.728520, -0.660725, 0.089607, 0.701084
2.729025, -0.657368, 0.086956, 0.700645
2.729528, -0.658798, 0.086517, 0.703049
2.730035, -0.660763, 0.087414, 0.698318
2.730789, -0.658226, 0.089493, 0.696983
2.730995, -0.661583, 0.091228, 0.696373
2.731489, -0.656109, 0.089893, 0.697212
2.732018, -0.656757, 0.094700, 0.699043
2.732522, -0.656967, 0.092907, 0.702744
2.733003, -0.656967, 0.091267, 0.703545
2.733503, -0.659542, 0.089951, 0.700150
2.734019, -0.659790, 0.092373, 0.699272
2.734509, -0.660553, 0.091114, 0.704250
2.735256, -0.660324, 0.095234, 0.698853
2.735493, -0.662594, 0.096321, 0.698738
2.736211, -0.661106, 0.093212, 0.706272
2.736717, -0.661125, 0.093899, 0.709076
2.737136, -0.660057, 0.097389, 0.701771
2.737652, -0.659752, 0.096397, 0.697975
2.738107, -0.659924, 0.095844, 0.704575
2.738537, -0.664577, 0.095482, 0.700550
2.739060, -0.663681, 0.096169, 0.694942
2.739527, -0.662212, 0.091572, 0.697575
2.740035, -0.667076, 0.104809, 0.698490
2.740535, -0.670147, 0.104599, 0.706425
2.741008, -0.668621, 0.100365, 0.703220
2.741544, -0.665970, 0.098057, 0.690002
2.742061, -0.666142, 0.094051, 0.699081
2.742563, -0.665531, 0.093288, 0.700378
2.743038, -0.666847, 0.092945, 0.698185
2.743549, -0.668259, 0.096092, 0.701637
2.744045, -0.666809, 0.099583, 0.699692
2.744512, -0.667400, 0.099335, 0.698566
2.745037, -0.667229, 0.101166, 0.697136
2.745522, -0.666065, 0.099411, 0.689354
2.746002, -0.661583, 0.095043, 0.693359
2.746519, -0.661888, 0.093136, 0.694427
2.747029, -0.665722, 0.096588, 0.698414
2.747542, -0.665646, 0.096970, 0.691128
2.748047, -0.665321, 0.100422, 0.693073
2.748561, -0.664825, 0.098610, 0.691605
2.749014, -0.665150, 0.098305, 0.691223
2.749519, -0.666695, 0.092678, 0.688305
2.750031, -0.668354, 0.096951, 0.689201
2.750538, -0.669575, 0.093784, 0.695438
2.751039, -0.670509, 0.096264, 0.691566
2.751545, -0.671539, 0.099468, 0.692539
2.752046, -0.669613, 0.097198, 0.695972
2.752553, -0.666256, 0.097713, 0.690670
2.753054, -0.669518, 0.096722, 0.689125
2.753562, -0.668449, 0.095844, 0.685959
2.754037, -0.666504, 0.095310, 0.676899
2.754567, -0.669289, 0.099125, 0.683441
2.755517, -0.668468, 0.097141, 0.680962
2.756032, -0.669041, 0.097446, 0.675926
2.756550, -0.672073, 0.095863, 0.685177
2.757070, -0.670052, 0.097980, 0.682850
2.758032, -0.672779, 0.098000, 0.683880
2.758535, -0.670052, 0.094490, 0.688572
2.759566, -0.677319, 0.101948, 0.683784
2.760060, -0.670986, 0.101337, 0.679607
2.760551, -0.670891, 0.095444, 0.680656
2.761058, -0.670109, 0.098515, 0.680428
2.761559, -0.674286, 0.096092, 0.673180
2.762062, -0.672588, 0.098495, 0.670872
2.762566, -0.670929, 0.098190, 0.682278
2.763059, -0.671959, 0.094395, 0.682774
2.763558, -0.673561, 0.102654, 0.673370
2.764076, -0.675106, 0.099621, 0.674267
2.764580, -0.670681, 0.098228, 0.678368
2.765547, -0.674496, 0.099068, 0.681629
2.766033, -0.673523, 0.097980, 0.680389
2.766549, -0.674076, 0.093937, 0.674782
2.767057, -0.668659, 0.094566, 0.680733
2.767562, -0.673809, 0.097828, 0.676308
2.768079, -0.675411, 0.089359, 0.673294
2.768597, -0.673237, 0.093098, 0.671635
2.769052, -0.676479, 0.095749, 0.673981
2.769562, -0.673370, 0.092545, 0.675430
2.770063, -0.675583, 0.095787, 0.672913
2.770567, -0.672855, 0.100536, 0.672951
2.771041, -0.676975, 0.098457, 0.670929
2.771550, -0.675144, 0.096378, 0.673733
2.772067, -0.669651, 0.094299, 0.672913
2.772568, -0.671902, 0.094452, 0.671215
2.773048, -0.671902, 0.094051, 0.670452
2.773588, -0.669861, 0.095806, 0.674629
2.774061, -0.674095, 0.094585, 0.673237
2.774549, -0.669289, 0.096016, 0.673332
2.775053, -0.668793, 0.098934, 0.675049
2.775584, -0.668831, 0.097828, 0.674839
2.776060, -0.668163, 0.090332, 0.676785
2.776581, -0.662174, 0.092869, 0.674934
2.777045, -0.670662, 0.098782, 0.673275
2.777568, -0.672531, 0.098877, 0.668964
2.778059, -0.671940, 0.099583, 0.672970
2.778587, -0.670776, 0.099545, 0.674877
2.779068, -0.662632, 0.095901, 0.673866
2.779574, -0.667343, 0.094566, 0.675907
2.780075, -0.667667, 0.103378, 0.674992
2.780580, -0.663891, 0.102749, 0.670776
2.781075, -0.668907, 0.100613, 0.674000
2.781682, -0.674076, 0.104465, 0.674171
2.782060, -0.674553, 0.104084, 0.673828
2.782682, -0.669594, 0.106049, 0.675316
2.783152, -0.664330, 0.100517, 0.674782
2.783675, -0.666656, 0.103951, 0.672722
2.784175, -0.668526, 0.105381, 0.676727
2.784653, -0.669575, 0.104408, 0.674801
2.785131, -0.665092, 0.103703, 0.671539
2.785597, -0.671539, 0.107841, 0.673962
2.786134, -0.672741, 0.108318, 0.674953
2.786656, -0.670071, 0.107155, 0.672245
2.787127, -0.667267, 0.105381, 0.672703
2.787612, -0.671062, 0.105896, 0.673714
2.788145, -0.666943, 0.102119, 0.676136
2.788613, -0.666294, 0.105381, 0.673409
2.789142, -0.673046, 0.103855, 0.679073
2.789646, -0.673676, 0.104160, 0.676746
2.790090, -0.670033, 0.105209, 0.676441
2.790586, -0.671558, 0.103569, 0.676365
2.791082, -0.674133, 0.107994, 0.675564
2.791576, -0.670795, 0.104523, 0.676022
2.792106, -0.670891, 0.104427, 0.678520
2.792574, -0.672817, 0.104485, 0.680580
2.793103, -0.675278, 0.101528, 0.677872
2.793576, -0.671806, 0.103703, 0.678177
2.794075, -0.674286, 0.100994, 0.680637
2.794584, -0.670795, 0.100555, 0.680408
2.795082, -0.671329, 0.103493, 0.680370
2.795601, -0.672169, 0.107193, 0.679913
2.796095, -0.671024, 0.103931, 0.678520
2.796586, -0.673599, 0.099812, 0.677090
2.797070, -0.671310, 0.099812, 0.680523
2.797578, -0.670605, 0.098896, 0.687008
2.798079, -0.669155, 0.101299, 0.684834
2.798614, -0.667076, 0.103378, 0.685635
2.799099, -0.662079, 0.104465, 0.683460
2.799580, -0.662785, 0.104637, 0.682316
2.800076, -0.660210, 0.112915, 0.674896
2.800614, -0.658779, 0.109158, 0.674610
2.801073, -0.662136, 0.104923, 0.676384
2.801579, -0.666733, 0.104733, 0.670280
2.802080, -0.671883, 0.105610, 0.672054
2.802626, -0.672455, 0.109196, 0.670261
2.803100, -0.672913, 0.104980, 0.673370
2.803613, -0.676670, 0.105171, 0.674305
2.804093, -0.677872, 0.098076, 0.678425
2.804578, -0.681248, 0.105972, 0.673504
2.805094, -0.673428, 0.106163, 0.677509
2.805616, -0.678215, 0.099449, 0.683212
2.806121, -0.681057, 0.099010, 0.683594
2.806627, -0.684414, 0.094547, 0.688610
2.807081, -0.681133, 0.099106, 0.689068
2.807591, -0.679131, 0.097237, 0.688648
2.808110, -0.679436, 0.093842, 0.689583
2.808613, -0.677471, 0.094166, 0.688305
2.809112, -0.678425, 0.096474, 0.687332
2.809609, -0.678673, 0.092659, 0.688763
2.810109, -0.677509, 0.092716, 0.690498
2.810625, -0.672836, 0.090809, 0.690022
2.811126, -0.672245, 0.088921, 0.691338
2.811589, -0.675125, 0.089359, 0.690804
2.812106, -0.672913, 0.088253, 0.689735
2.812619, -0.673656, 0.091324, 0.689468
2.813618, -0.672188, 0.090656, 0.687580
2.814134, -0.668678, 0.086384, 0.691128
2.814630, -0.666504, 0.084896, 0.691185
2.815637, -0.667782, 0.086842, 0.688019
2.816142, -0.666447, 0.088463, 0.686245
2.816596, -0.670795, 0.089855, 0.688763
2.817107, -0.669956, 0.087910, 0.694752
2.817632, -0.672188, 0.083370, 0.690460
2.818095, -0.672951, 0.082645, 0.694389
2.818596, -0.669689, 0.081863, 0.695019
2.819101, -0.667133, 0.080471, 0.691547
2.819604, -0.672207, 0.079994, 0.689392
2.820125, -0.662613, 0.078106, 0.693855
2.820627, -0.671501, 0.081329, 0.694408
2.821144, -0.666847, 0.079861, 0.695076
2.821606, -0.665340, 0.078793, 0.694866
2.822130, -0.672607, 0.081577, 0.692463
2.822647, -0.676460, 0.082512, 0.691509
2.823103, -0.672359, 0.080700, 0.694695
2.823621, -0.672207, 0.071354, 0.697823
2.824156, -0.668526, 0.073910, 0.695953
2.824646, -0.667496, 0.073891, 0.690784
2.825149, -0.668907, 0.077419, 0.690842
2.825605, -0.663834, 0.073757, 0.696545
2.826112, -0.664883, 0.074005, 0.693951
2.826614, -0.665989, 0.077362, 0.695000
2.827115, -0.664349, 0.077400, 0.691929
2.827621, -0.662403, 0.067902, 0.696812
2.828106, -0.660839, 0.069218, 0.697823
2.828611, -0.661392, 0.072632, 0.693722
2.829219, -0.658436, 0.074158, 0.696049
2.829624, -0.659904, 0.075626, 0.691204
2.830197, -0.660057, 0.073586, 0.692654
2.830714, -0.659943, 0.071220, 0.692978
2.831119, -0.656967, 0.072289, 0.695305
2.831706, -0.653057, 0.070877, 0.694637
2.832209, -0.654583, 0.075455, 0.692444
2.832714, -0.658894, 0.073643, 0.693932
2.833174, -0.656986, 0.075359, 0.689068
2.833677, -0.655422, 0.070076, 0.692654
2.834240, -0.655670, 0.067825, 0.691948
2.834684, -0.655212, 0.075188, 0.691490
2.835187, -0.654926, 0.073662, 0.693645
2.835691, -0.661869, 0.073223, 0.689697
2.836165, -0.667858, 0.072365, 0.693760
2.836669, -0.664806, 0.073376, 0.692825
2.837171, -0.660458, 0.073662, 0.689125
2.837676, -0.657253, 0.076752, 0.688114
2.838171, -0.656223, 0.072670, 0.690517
2.838669, -0.663090, 0.074711, 0.687084
2.839151, -0.667191, 0.070972, 0.692043
2.839645, -0.665817, 0.071373, 0.691624
2.840148, -0.659084, 0.070686, 0.693779
2.840639, -0.662098, 0.072651, 0.691643
2.841122, -0.660915, 0.073128, 0.689430
2.841634, -0.658588, 0.071678, 0.691280
2.842129, -0.657539, 0.074406, 0.689659
2.842623, -0.657997, 0.068512, 0.694294
2.843127, -0.655594, 0.070801, 0.691566
2.843632, -0.658932, 0.065784, 0.693016
2.844149, -0.654831, 0.069637, 0.691662
2.844660, -0.659637, 0.069485, 0.692005
2.845139, -0.655823, 0.071144, 0.691547
2.845665, -0.658875, 0.071278, 0.693073
2.846179, -0.659904, 0.072708, 0.691471
2.846649, -0.662212, 0.075512, 0.693321
2.847670, -0.659332, 0.069275, 0.690613
2.848131, -0.659637, 0.071869, 0.688629
2.848640, -0.656624, 0.072174, 0.690422
2.849156, -0.664272, 0.068550, 0.696754
2.849672, -0.659599, 0.068512, 0.696945
2.850134, -0.665607, 0.069942, 0.698757
2.850646, -0.661240, 0.067616, 0.700169
2.851167, -0.662136, 0.069828, 0.695324
2.851690, -0.666714, 0.069141, 0.695686
2.852150, -0.667343, 0.073490, 0.693531
2.852675, -0.665627, 0.071487, 0.698204
2.853138, -0.667171, 0.066967, 0.701542
2.853675, -0.670242, 0.074787, 0.694046
2.854176, -0.670853, 0.074272, 0.699673
2.854654, -0.672932, 0.074749, 0.698280
2.855171, -0.673790, 0.073586, 0.696049
2.855637, -0.673714, 0.072193, 0.696907
2.856168, -0.670147, 0.074768, 0.692902
2.857186, -0.674953, 0.074081, 0.696564
2.857674, -0.675488, 0.073624, 0.696640
2.858145, -0.670586, 0.069885, 0.700474
2.858660, -0.673218, 0.074615, 0.700092
2.859182, -0.673332, 0.076981, 0.697403
2.859659, -0.676842, 0.074883, 0.697079
2.860187, -0.676231, 0.076637, 0.697765
2.860684, -0.677910, 0.077896, 0.696106
2.861187, -0.678463, 0.077496, 0.697136
2.861692, -0.672512, 0.078621, 0.696564
2.862194, -0.677509, 0.076733, 0.695553
2.862697, -0.680428, 0.081940, 0.698204
2.863202, -0.683403, 0.083218, 0.692635
2.864165, -0.682163, 0.079613, 0.699406
2.864668, -0.681705, 0.077896, 0.693970
2.865172, -0.684757, 0.079823, 0.697174
2.865676, -0.685062, 0.085087, 0.695438
2.866170, -0.681553, 0.085392, 0.693455
2.866672, -0.686092, 0.086803, 0.693474
2.867196, -0.686035, 0.089588, 0.689354
2.868187, -0.689316, 0.087166, 0.689716
2.868687, -0.686188, 0.084743, 0.691223
2.869189, -0.686321, 0.087013, 0.690231
2.869721, -0.684357, 0.087452, 0.689678
2.870214, -0.686779, 0.086803, 0.687714
2.870701, -0.687428, 0.088768, 0.686359
2.871180, -0.686798, 0.089722, 0.686836
2.871697, -0.686417, 0.093441, 0.687313
2.872167, -0.687485, 0.093918, 0.684471
2.872705, -0.691700, 0.090656, 0.683384
2.873681, -0.687199, 0.093403, 0.679779
2.874179, -0.685520, 0.095730, 0.681858
2.874670, -0.684357, 0.094566, 0.683022
2.875297, -0.683384, 0.094929, 0.684566
2.875679, -0.686512, 0.094585, 0.681057
2.876182, -0.690479, 0.095978, 0.679874
2.876775, -0.682735, 0.092945, 0.675125
2.877271, -0.684376, 0.093231, 0.675545
2.877798, -0.681419, 0.092163, 0.679817
2.878178, -0.680389, 0.087395, 0.680981
2.879279, -0.682640, 0.090046, 0.678616
2.879779, -0.680714, 0.089989, 0.673618
2.880298, -0.682240, 0.087700, 0.673084
2.880771, -0.678310, 0.088711, 0.671177
2.881241, -0.675144, 0.090771, 0.666199
2.881769, -0.676308, 0.087700, 0.667400
2.882240, -0.679569, 0.087357, 0.666294
2.882761, -0.682564, 0.093937, 0.667171
2.883231, -0.678864, 0.092068, 0.664043
2.883785, -0.677834, 0.090294, 0.660686
2.884228, -0.676212, 0.087299, 0.659657
2.884730, -0.682640, 0.091801, 0.660267
2.885236, -0.679913, 0.088348, 0.661983
2.885755, -0.672569, 0.090370, 0.657787
2.886194, -0.671921, 0.084248, 0.656376
2.886698, -0.675163, 0.085335, 0.654354
2.887202, -0.672531, 0.082932, 0.656757
2.887710, -0.672169, 0.080242, 0.661068
2.888261, -0.670090, 0.085545, 0.658779
2.888710, -0.664997, 0.086536, 0.658302
2.889220, -0.670033, 0.087013, 0.659046
2.889736, -0.674076, 0.083981, 0.664806
2.890685, -0.668736, 0.080929, 0.668430
2.891190, -0.661488, 0.080776, 0.668945
2.891692, -0.665874, 0.081825, 0.666809
2.892238, -0.661716, 0.084438, 0.664196
2.892732, -0.662575, 0.079556, 0.665855
2.893229, -0.661278, 0.076256, 0.668564
2.893746, -0.656509, 0.078621, 0.666885
2.894200, -0.653172, 0.078526, 0.663242
2.894716, -0.653801, 0.079441, 0.666847
2.895232, -0.655212, 0.077610, 0.668259
2.895737, -0.658283, 0.075150, 0.669518
2.896239, -0.657654, 0.076542, 0.672035
2.896743, -0.658875, 0.078602, 0.669403
2.897692, -0.660667, 0.075874, 0.669537
2.898195, -0.656681, 0.078011, 0.667248
2.898727, -0.657616, 0.074711, 0.673618
2.899232, -0.656662, 0.076599, 0.672646
2.900196, -0.659599, 0.074291, 0.672226
2.900698, -0.656986, 0.076847, 0.674229
2.901202, -0.655079, 0.075912, 0.674953
2.901708, -0.652485, 0.069370, 0.677452
2.902210, -0.656013, 0.067997, 0.675888
2.903202, -0.652542, 0.075073, 0.676289
2.903754, -0.653095, 0.070477, 0.674782
2.904201, -0.651779, 0.069218, 0.676785
2.904744, -0.653133, 0.070705, 0.680599
2.905247, -0.652580, 0.076923, 0.677338
2.905723, -0.654774, 0.072136, 0.678005
2.906225, -0.652103, 0.074539, 0.680122
2.906753, -0.652275, 0.073814, 0.683804
2.907746, -0.655060, 0.068359, 0.685062
2.908242, -0.655823, 0.071602, 0.686321
2.908738, -0.655460, 0.070667, 0.689831
2.909729, -0.652142, 0.074043, 0.686283
2.910217, -0.653000, 0.072422, 0.688705
2.910707, -0.652332, 0.071545, 0.690117
2.911227, -0.650005, 0.069294, 0.690041
2.911750, -0.653114, 0.068874, 0.689545
2.912254, -0.655575, 0.070210, 0.691566
2.913261, -0.661793, 0.074863, 0.689468
2.913793, -0.660801, 0.079365, 0.692196
2.914223, -0.659237, 0.076504, 0.695152
2.915216, -0.656796, 0.074596, 0.693722
2.915720, -0.659504, 0.073090, 0.698280
2.916269, -0.660954, 0.079460, 0.695896
2.917216, -0.662899, 0.081024, 0.694084
2.917720, -0.659809, 0.076656, 0.700092
2.918256, -0.662403, 0.076427, 0.695992
2.918757, -0.660000, 0.075588, 0.696487
2.919232, -0.664520, 0.076427, 0.700932
2.919736, -0.664158, 0.077515, 0.701504
2.920268, -0.663052, 0.080700, 0.697613
2.920771, -0.665417, 0.077763, 0.698452
2.921237, -0.660267, 0.080395, 0.699196
2.921763, -0.658836, 0.076447, 0.699310
2.922228, -0.658894, 0.077190, 0.701714
2.922743, -0.660763, 0.085220, 0.698757
2.923261, -0.662498, 0.086727, 0.697517
2.923764, -0.666676, 0.087395, 0.698528
2.924254, -0.667915, 0.085278, 0.695095
2.924728, -0.662346, 0.087166, 0.697060
2.925362, -0.667381, 0.088024, 0.699596
2.925822, -0.660725, 0.088310, 0.697289
2.926337, -0.658398, 0.086689, 0.698357
2.926823, -0.667248, 0.089054, 0.695457
2.927276, -0.666656, 0.088482, 0.694294
2.927838, -0.666885, 0.091038, 0.695763
2.928342, -0.667229, 0.091152, 0.695210
2.928845, -0.662098, 0.090408, 0.693913
2.929349, -0.665951, 0.089264, 0.693264
2.929794, -0.669708, 0.091343, 0.694027
2.930298, -0.668030, 0.091362, 0.694866
2.930804, -0.663776, 0.092201, 0.695324
2.931305, -0.665646, 0.093460, 0.692406
2.931809, -0.666637, 0.093632, 0.693455
2.932499, -0.664577, 0.094013, 0.694294
2.932863, -0.663223, 0.093060, 0.690231
2.933354, -0.665283, 0.097008, 0.692978
2.933793, -0.665798, 0.098000, 0.691948
2.934422, -0.666180, 0.096226, 0.693111
2.934849, -0.666695, 0.092716, 0.693779
2.935324, -0.666580, 0.092602, 0.692406
2.935930, -0.668335, 0.090771, 0.694103
2.936360, -0.665340, 0.090084, 0.693798
2.936809, -0.665264, 0.093975, 0.694447
2.937248, -0.663376, 0.094795, 0.694809
2.937799, -0.666580, 0.092068, 0.697403
2.938246, -0.666237, 0.096188, 0.692482
2.938788, -0.669632, 0.096111, 0.693703
2.939345, -0.663185, 0.092964, 0.696182
2.939780, -0.659084, 0.092583, 0.697136
2.940299, -0.664177, 0.087566, 0.698853
2.940771, -0.664406, 0.090275, 0.697441
2.941788, -0.663662, 0.088062, 0.693684
2.942295, -0.666065, 0.085793, 0.695801
2.942755, -0.666485, 0.090828, 0.694008
2.943262, -0.667324, 0.087681, 0.695305
2.943777, -0.666485, 0.085907, 0.698738
2.944291, -0.666866, 0.086422, 0.701199
2.944785, -0.666237, 0.086880, 0.697823
2.945261, -0.662689, 0.087490, 0.696449
2.945752, -0.663166, 0.088310, 0.700054
2.946283, -0.667839, 0.088291, 0.700798
2.946757, -0.667324, 0.089989, 0.694599
2.947290, -0.663967, 0.087891, 0.695286
2.947768, -0.664062, 0.085030, 0.695667
2.948260, -0.668964, 0.087643, 0.694504
2.948801, -0.668526, 0.088501, 0.697632
2.949261, -0.664101, 0.082741, 0.695534
2.949796, -0.663853, 0.080986, 0.696640
2.950288, -0.665302, 0.079498, 0.699120
2.950808, -0.664806, 0.080471, 0.697956
2.951262, -0.665474, 0.082359, 0.694447
2.951770, -0.665646, 0.081787, 0.694885
2.952301, -0.664406, 0.081062, 0.700417
2.952808, -0.663948, 0.074673, 0.695496
2.953307, -0.668583, 0.077515, 0.695286
2.953846, -0.669899, 0.081654, 0.692921
2.954285, -0.669937, 0.082092, 0.691147
2.954792, -0.670834, 0.078468, 0.695305
2.955294, -0.674706, 0.078850, 0.698166
2.955797, -0.671101, 0.081615, 0.695953
2.956301, -0.663223, 0.080700, 0.694027
2.956803, -0.670567, 0.080585, 0.696182
2.957325, -0.672646, 0.078754, 0.696030
2.957783, -0.666428, 0.075817, 0.694504
2.958288, -0.669365, 0.080986, 0.693016
2.958787, -0.673294, 0.083389, 0.693436
2.959276, -0.671825, 0.081406, 0.696468
2.959779, -0.664196, 0.080128, 0.691395
2.960272, -0.670586, 0.077667, 0.695133
2.960820, -0.674400, 0.080681, 0.693245
2.961321, -0.671692, 0.079250, 0.695686
2.961776, -0.669003, 0.082607, 0.690823
2.962275, -0.673580, 0.082188, 0.691528
2.962821, -0.672073, 0.082951, 0.689735
2.963310, -0.667439, 0.084324, 0.687218
2.963830, -0.668278, 0.085602, 0.689125
2.964285, -0.673428, 0.085773, 0.688820
2.964792, -0.672016, 0.084114, 0.689411
2.965311, -0.674992, 0.084686, 0.687828
2.965814, -0.669270, 0.086040, 0.687389
2.966318, -0.673084, 0.086288, 0.687981
2.966820, -0.675869, 0.085106, 0.685616
2.967326, -0.671196, 0.088043, 0.685787
2.968303, -0.674992, 0.086269, 0.682755
2.968812, -0.676308, 0.084324, 0.682259
2.969306, -0.671043, 0.088348, 0.678825
2.969815, -0.667706, 0.089741, 0.678482
2.970315, -0.669956, 0.088844, 0.676804
2.970812, -0.666733, 0.084648, 0.678673
2.971307, -0.666466, 0.085754, 0.681190
2.971899, -0.668640, 0.089874, 0.678940
2.972404, -0.666790, 0.093098, 0.678635
2.973291, -0.669212, 0.090485, 0.676651
2.973797, -0.671253, 0.088902, 0.675812
2.974389, -0.671387, 0.088005, 0.675888
2.974895, -0.669060, 0.086918, 0.673981
2.975382, -0.673389, 0.084400, 0.677567
2.975865, -0.669670, 0.078316, 0.681515
2.976353, -0.673676, 0.084858, 0.676289
2.976858, -0.671501, 0.085659, 0.675621
2.977350, -0.674477, 0.082054, 0.676556
2.977853, -0.673580, 0.086498, 0.669975
2.978343, -0.675678, 0.089169, 0.672131
2.978846, -0.675011, 0.086098, 0.670986
2.979337, -0.676003, 0.082893, 0.671177
2.979869, -0.673904, 0.082989, 0.671062
2.980378, -0.674248, 0.084496, 0.671234
2.980815, -0.674877, 0.080948, 0.669022
2.981335, -0.673199, 0.083847, 0.667667
2.981826, -0.672302, 0.083752, 0.671272
2.982297, -0.676899, 0.078182, 0.665779
2.982803, -0.680313, 0.083904, 0.662975
2.983322, -0.677967, 0.085506, 0.664978
2.983868, -0.675507, 0.084457, 0.665970
2.984356, -0.678902, 0.082283, 0.666351
2.984846, -0.677719, 0.077381, 0.667496
2.985357, -0.668201, 0.078735, 0.665569
2.985847, -0.668812, 0.081387, 0.667038
2.986321, -0.674324, 0.075150, 0.670052
2.986843, -0.676785, 0.076618, 0.670547
2.987313, -0.673580, 0.078869, 0.668697
2.987851, -0.673904, 0.077381, 0.668240
2.988327, -0.671558, 0.074902, 0.669327
2.988860, -0.670586, 0.073338, 0.670338
2.989331, -0.668392, 0.080128, 0.668526
2.989855, -0.668850, 0.081005, 0.669651
2.990326, -0.666275, 0.078106, 0.670242
2.990859, -0.662594, 0.077744, 0.671577
2.991334, -0.672607, 0.081463, 0.674572
2.991854, -0.667343, 0.078201, 0.676956
2.992313, -0.667534, 0.073566, 0.677166
2.992825, -0.668354, 0.079174, 0.673637
2.993356, -0.666714, 0.080929, 0.673313
2.993869, -0.668335, 0.079727, 0.674171
2.994342, -0.666943, 0.078392, 0.677814
2.994845, -0.667992, 0.076103, 0.679588
2.995349, -0.669022, 0.077896, 0.679359
2.995823, -0.673733, 0.082932, 0.676689
2.996327, -0.676384, 0.084305, 0.675220
2.996831, -0.675793, 0.083580, 0.680237
2.997334, -0.673676, 0.086403, 0.678520
2.997838, -0.669441, 0.083332, 0.679150
2.998342, -0.670357, 0.079250, 0.682220
2.998846, -0.672626, 0.081635, 0.678844
2.999354, -0.673523, 0.083332, 0.678024
2.999847, -0.678768, 0.080700, 0.678291
